time,Hips.x,Hips.y,Hips.z,RightUpLeg.x,RightUpLeg.y,RightUpLeg.z,RightLeg.x,RightLeg.y,RightLeg.z,RightFoot.x,RightFoot.y,RightFoot.z,LeftUpLeg.x,LeftUpLeg.y,LeftUpLeg.z,LeftLeg.x,LeftLeg.y,LeftLeg.z,LeftFoot.x,LeftFoot.y,LeftFoot.z,Spine.x,Spine.y,Spine.z,Spine1.x,Spine1.y,Spine1.z,Spine2.x,Spine2.y,Spine2.z,Neck.x,Neck.y,Neck.z,Neck1.x,Neck1.y,Neck1.z,Head.x,Head.y,Head.z,RightShoulder.x,RightShoulder.y,RightShoulder.z,RightArm.x,RightArm.y,RightArm.z,RightForeArm.x,RightForeArm.y,RightForeArm.z,RightHand.x,RightHand.y,RightHand.z,RightHandThumb1.x,RightHandThumb1.y,RightHandThumb1.z,RightHandThumb2.x,RightHandThumb2.y,RightHandThumb2.z,RightHandThumb3.x,RightHandThumb3.y,RightHandThumb3.z,RightInHandIndex.x,RightInHandIndex.y,RightInHandIndex.z,RightHandIndex1.x,RightHandIndex1.y,RightHandIndex1.z,RightHandIndex2.x,RightHandIndex2.y,RightHandIndex2.z,RightHandIndex3.x,RightHandIndex3.y,RightHandIndex3.z,RightInHandMiddle.x,RightInHandMiddle.y,RightInHandMiddle.z,RightHandMiddle1.x,RightHandMiddle1.y,RightHandMiddle1.z,RightHandMiddle2.x,RightHandMiddle2.y,RightHandMiddle2.z,RightHandMiddle3.x,RightHandMiddle3.y,RightHandMiddle3.z,RightInHandRing.x,RightInHandRing.y,RightInHandRing.z,RightHandRing1.x,RightHandRing1.y,RightHandRing1.z,RightHandRing2.x,RightHandRing2.y,RightHandRing2.z,RightHandRing3.x,RightHandRing3.y,RightHandRing3.z,RightInHandPinky.x,RightInHandPinky.y,RightInHandPinky.z,RightHandPinky1.x,RightHandPinky1.y,RightHandPinky1.z,RightHandPinky2.x,RightHandPinky2.y,RightHandPinky2.z,RightHandPinky3.x,RightHandPinky3.y,RightHandPinky3.z,LeftShoulder.x,LeftShoulder.y,LeftShoulder.z,LeftArm.x,LeftArm.y,LeftArm.z,LeftForeArm.x,LeftForeArm.y,LeftForeArm.z,LeftHand.x,LeftHand.y,LeftHand.z,LeftHandThumb1.x,LeftHandThumb1.y,LeftHandThumb1.z,LeftHandThumb2.x,LeftHandThumb2.y,LeftHandThumb2.z,LeftHandThumb3.x,LeftHandThumb3.y,LeftHandThumb3.z,LeftInHandIndex.x,LeftInHandIndex.y,LeftInHandIndex.z,LeftHandIndex1.x,LeftHandIndex1.y,LeftHandIndex1.z,LeftHandIndex2.x,LeftHandIndex2.y,LeftHandIndex2.z,LeftHandIndex3.x,LeftHandIndex3.y,LeftHandIndex3.z,LeftInHandMiddle.x,LeftInHandMiddle.y,LeftInHandMiddle.z,LeftHandMiddle1.x,LeftHandMiddle1.y,LeftHandMiddle1.z,LeftHandMiddle2.x,LeftHandMiddle2.y,LeftHandMiddle2.z,LeftHandMiddle3.x,LeftHandMiddle3.y,LeftHandMiddle3.z,LeftInHandRing.x,LeftInHandRing.y,LeftInHandRing.z,LeftHandRing1.x,LeftHandRing1.y,LeftHandRing1.z,LeftHandRing2.x,LeftHandRing2.y,LeftHandRing2.z,LeftHandRing3.x,LeftHandRing3.y,LeftHandRing3.z,LeftInHandPinky.x,LeftInHandPinky.y,LeftInHandPinky.z,LeftHandPinky1.x,LeftHandPinky1.y,LeftHandPinky1.z,LeftHandPinky2.x,LeftHandPinky2.y,LeftHandPinky2.z,LeftHandPinky3.x,LeftHandPinky3.y,LeftHandPinky3.z
   0.00000,   0.00000,  97.12000,   0.00000, -11.00000,  97.12000,   0.00000, -11.00000,  52.05800,   0.00000, -11.00000,  10.00000,   0.00000,  11.00000,  97.12000,   0.00000,  11.00000,  52.05800,   0.00000,  11.00000,  10.00000,   0.00000,   0.00000, 105.24000,   0.00000,   0.00000, 123.22000,   0.00000,   0.00000, 135.98000,   0.00000,   0.00000, 155.11999,   0.00000,   0.00000, 159.36999,   0.00000,   0.00000, 163.61999,   0.00000,  -2.90000, 149.32000,   0.00000, -19.00000, 149.32000,   0.00000, -47.00000, 149.32000,   0.00000, -73.00000, 149.32000,   0.00000, -74.93700, 148.83599,   2.51800, -76.87300, 146.09808,   4.45400, -78.21800, 144.19596,   5.79900, -76.38900, 149.85500,   2.08000, -81.87400, 149.75899,   3.13100, -85.68000, 149.75899,   3.13100, -87.83800, 149.75899,   3.13100, -76.55600, 149.86400,   0.79600, -81.99700, 149.77600,   1.12600, -86.15000, 149.77600,   1.12600, -88.75300, 149.77600,   1.12600, -76.53900, 149.88600,  -0.13600, -81.41200, 149.86300,  -0.64000, -85.03100, 149.86300,  -0.64000, -87.54200, 149.86300,  -0.64000, -76.32400, 149.81400,  -1.26400, -80.67800, 149.79100,  -2.41100, -83.57600, 149.79100,  -2.41100, -85.40700, 149.79100,  -2.41100,   2.90000, 149.32000,   0.00000,  19.00000, 149.32000,   0.00000,  47.00000, 149.32000,   0.00000,  73.00000, 149.32000,   0.00000,  74.93700, 148.83599,   2.51800,  76.87300, 146.09808,   4.45400,  78.21800, 144.19596,   5.79900,  76.38900, 149.85500,   2.08000,  81.87400, 149.75899,   3.13100,  85.68000, 149.75899,   3.13100,  87.83800, 149.75899,   3.13100,  76.55600, 149.86400,   0.79600,  81.99700, 149.77600,   1.12600,  86.15000, 149.77600,   1.12600,  88.75300, 149.77600,   1.12600,  76.53900, 149.88600,  -0.13600,  81.41200, 149.86300,  -0.64000,  85.03100, 149.86300,  -0.64000,  87.54200, 149.86300,  -0.64000,  76.32400, 149.81400,  -1.26400,  80.67800, 149.79100,  -2.41100,  83.57600, 149.79100,  -2.41100,  85.40700, 149.79100,  -2.41100
   0.01667, 132.34381,  91.04469, -54.27080, 140.14932,  91.49684, -46.53325, 135.99322,  48.14657, -34.95465, 109.43195,  21.04433, -16.82061, 124.53830,  90.59253, -62.00834, 134.27668,  48.12818, -73.52040, 121.66598,  12.04821, -55.96816, 134.11027,  98.65105, -56.49727, 138.68472, 114.79611, -62.95421, 142.06033, 125.63561, -68.77898, 146.90414, 140.96594, -79.16446, 147.79521, 144.77699, -80.82108, 148.42696, 148.89677, -81.65221, 148.12032, 136.21277, -74.92437, 158.68210, 137.71981, -62.86670, 157.26470, 124.75703, -38.08853, 150.49458, 109.32123, -18.29203, 150.62116, 106.14433, -17.82532, 150.66702, 102.46141, -16.63101, 149.87504, 100.15085, -15.50397, 152.09037, 105.97766, -16.75194, 153.84702, 102.43532, -12.80667, 153.58292,  99.82047, -10.05377, 152.75234,  98.51109,  -8.55290, 152.19872, 107.01245, -15.98117, 153.97172, 104.11735, -11.71549, 153.37880, 102.08938,  -8.14013, 151.62734, 101.18222,  -6.44158, 152.24448, 107.83174, -15.53837, 153.91131, 105.94007, -11.33790, 153.42123, 104.67515,  -7.98276, 151.83832, 103.95449,  -6.17164, 152.14057, 108.90193, -15.12887, 153.65069, 107.81538, -11.02858, 153.38416, 107.24087,  -8.20063, 152.14947, 106.87829,  -6.89807, 142.75233, 136.42800, -77.11032, 128.85388, 134.72721, -85.05704, 122.85777, 107.61736, -88.67683, 127.56596,  82.68226, -94.34016, 130.55550,  81.73159, -95.03690, 133.91928,  79.97728, -95.81132, 136.08183,  78.40237, -95.52992, 130.31181,  80.84138, -96.61381, 132.79813,  76.63497, -99.31997, 134.88949,  73.48710, -99.77028, 136.01671,  71.70210, -99.32296, 129.15146,  80.26688, -96.62640, 130.94838,  75.85283, -99.27372, 132.36975,  71.95228, -99.38703, 133.20455,  69.92106, -97.98957, 128.26850,  79.97083, -96.58025, 129.11614,  75.76816, -98.95084, 129.81934,  72.21874, -99.01666, 130.42798,  70.12874, -97.76502, 127.16916,  79.72857, -96.34241, 127.27410,  75.73323, -98.41598, 127.36704,  72.83912, -98.53387, 127.66728,  71.34874, -97.51349
   0.03333, 133.01379,  91.53683, -55.65215, 140.96142,  92.05338, -48.06477, 137.94091,  48.15045, -38.36977, 111.74595,  21.00050, -19.78001, 125.06617,  91.02027, -63.23954, 134.16343,  48.06638, -73.37794, 120.94201,  12.66282, -54.92103, 134.75990,  99.11229, -57.99691, 139.26961, 115.17673, -64.69591, 142.59321, 125.95328, -70.66560, 147.36431, 141.19237, -81.21768, 148.24679, 144.99064, -82.90793, 148.87880, 149.10480, -83.76624, 148.61672, 136.46151, -76.96322, 159.12453, 138.00487, -64.86306, 156.99825, 124.60903, -40.36754, 149.78894, 108.74539, -21.07062, 149.92931, 105.54821, -20.77925, 149.96409, 101.80380, -19.79408, 149.15020,  99.42653, -18.83373, 151.35431, 105.33266, -19.65612, 152.98250, 101.58596, -15.84688, 152.63164,  98.81667, -13.25969, 151.75317,  97.41732, -11.87149, 151.41968, 106.32277, -18.82423, 153.04411, 103.20413, -14.65812, 152.32440, 100.97130, -11.23119, 150.51347,  99.95481,  -9.66183, 151.43841, 107.11588, -18.33432, 152.94896, 105.00187, -14.18103, 152.33316, 103.54418, -10.92632, 150.68399, 102.70885,  -9.22704, 151.30636, 108.16016, -17.86974, 152.65608, 106.85437, -13.77748, 152.27829, 106.11776, -11.00023, 150.99440, 105.67167,  -9.77337, 143.22032, 136.68742, -79.07694, 129.35174, 134.89071, -87.05469, 124.35067, 107.63303, -91.05569, 130.36524,  83.05937, -97.05236, 133.41442,  82.20905, -97.60557, 136.86675,  80.56793, -98.22241, 139.06211,  79.06037, -97.84321, 133.27743,  81.32305, -99.19766, 136.02763,  77.21736,-101.80126, 138.23839,  74.14074,-102.16536, 139.39876,  72.38916,-101.67293, 132.13811,  80.71216, -99.27098, 134.20385,  76.37666,-101.85115, 135.75326,  72.52406,-101.91613, 136.58273,  70.51022,-100.49063, 131.26388,  80.38793, -99.27030, 132.36156,  76.23160,-101.61990, 133.18046,  72.70683,-101.67102, 133.79324,  70.62814,-100.40271, 130.16247,  80.10922, -99.08859, 130.49745,  76.13441,-101.17715, 130.68872,  73.24563,-101.30677, 130.98584,  71.75813,-100.28128
   0.05000, 133.65587,  91.99764, -56.99625, 141.74382,  92.56842, -49.56259, 139.80781,  48.21019, -41.86953, 114.21488,  20.77138, -22.86984, 125.56792,  91.42685, -64.42991, 134.00168,  48.00593, -73.03687, 120.36893,  13.16089, -53.83149, 135.39112,  99.53672, -59.46312, 139.85015, 115.50995, -66.40958, 143.12635, 126.21798, -72.52696, 147.82280, 141.35940, -83.25171, 148.69666, 145.14357, -84.97768, 149.32936, 149.25122, -85.86613, 149.11109, 136.65389, -78.97989, 159.58064, 138.24691, -66.85302, 156.72527, 124.42211, -42.67199, 149.12442, 108.22558, -23.80670, 149.30928, 105.02038, -23.66849, 149.36694, 101.23200, -22.87023, 148.55329,  98.79667, -22.06821, 150.68518, 104.77093, -22.49241, 152.20540, 100.86280, -18.80263, 151.78704,  97.96113, -16.37550, 150.87161,  96.47972, -15.10099, 150.69454, 105.71866, -21.61016, 152.18330, 102.41962, -17.53327, 151.34846, 100.00540, -14.25883, 149.48648,  98.88239, -12.82792, 150.67648, 106.48621, -21.08107, 152.03389, 104.18923, -16.97229, 151.29663, 102.55941, -13.82630, 149.58700, 101.61330, -12.24922, 150.50444, 107.50346, -20.57177, 151.68934, 106.01411, -16.49117, 151.19853, 105.13224, -13.77458, 149.86825, 104.60448, -12.63248, 143.68818, 136.88829, -81.02368, 129.83341, 134.98959, -89.00179, 126.01669, 107.60632, -93.42773, 133.24894,  83.42885, -99.68430, 136.35601,  82.70382,-100.06769, 139.90018,  81.20500,-100.49761, 142.12813,  79.78050,-100.00451, 136.34550,  81.82930,-101.67195, 139.40037,  77.86062,-104.14508, 141.74826,  74.87646,-104.40545, 142.94690,  73.16661,-103.86081, 135.23728,  81.17519,-101.81554, 137.61710,  76.94994,-104.30649, 139.31881,  73.16159,-104.31244, 140.14433,  71.16734,-102.85742, 134.37795,  80.81710,-101.86775, 135.77178,  76.73076,-104.18286, 136.73099,  73.24134,-104.21445, 137.35191,  71.17540,-102.92933, 133.27984,  80.49380,-101.75196, 133.89069,  76.55642,-103.84894, 134.20314,  73.67877,-103.99004, 134.49967,  72.19370,-102.96087
   0.06667, 134.30736,  92.14783, -58.37273, 142.55697,  92.74620, -51.12112, 141.73764,  48.01135, -45.76332, 117.11558,  19.97320, -26.35993, 126.05775,  91.54946, -65.62434, 133.96365,  47.79638, -72.95568, 120.05630,  13.45520, -53.05229, 136.04818,  99.64120, -60.97145, 140.47827, 115.50293, -68.18671, 143.71059, 126.12944, -74.46741, 148.31720, 141.15498, -85.39224, 149.17988, 144.92360, -87.15738, 149.81140, 149.02491, -88.07553, 149.64644, 136.48202, -81.09729, 160.10038, 138.13323, -68.96474, 156.41578, 123.83998, -45.17133, 148.40192, 107.35821, -26.72873, 148.67230, 104.15611, -26.72247, 148.79460, 100.33784, -26.09142, 148.00758,  97.84731, -25.44803, 149.98451, 103.88946, -25.47929, 151.40238,  99.85727, -21.88344, 150.92938,  96.83668, -19.61673, 149.98549,  95.27422, -18.46575, 149.91499, 104.79542, -24.55677, 151.26122, 101.35277, -20.54965, 150.30927,  98.76878, -17.44093, 148.40127,  97.53179, -16.17405, 149.84385, 105.53700, -23.99607, 151.02779, 103.09003, -19.92037, 150.15768, 101.29784, -16.89909, 148.38805, 100.23482, -15.46957, 149.61288, 106.52475, -23.45312, 150.60264, 104.88096, -19.37982, 149.98141, 103.86203, -16.73894, 148.60327, 103.24692, -15.70214, 144.19608, 136.72155, -83.06608, 130.33414, 134.73524, -91.01035, 127.62382, 107.28357, -95.81243, 136.13590,  83.59309,-102.31670, 139.28444,  82.99089,-102.54167, 142.90142,  81.63262,-102.79656, 145.15372,  80.28888,-102.19857, 139.39175,  82.13342,-104.15156, 142.72281,  78.30994,-106.49338, 145.19444,  75.42018,-106.65462, 146.42791,  73.75159,-106.06191, 138.31864,  81.43913,-104.35896, 140.98690,  77.33378,-106.75636, 142.83138,  73.61321,-106.70442, 143.65577,  71.63673,-105.22473, 137.47767,  81.04917,-104.45947, 139.14746,  77.04324,-106.73215, 140.24084,  73.59338,-106.74249, 140.87273,  71.53926,-105.44385, 136.38828,  80.68311,-104.40452, 137.25958,  76.79395,-106.49947, 137.68971,  73.93191,-106.64813, 137.98893,  72.44853,-105.61730
   0.08334, 134.99295,  92.16965, -59.80545, 143.44180,  92.76963, -52.78712, 143.52185,  47.82145, -49.58733, 120.29363,  18.89397, -29.77506, 126.54410,  91.56966, -66.82379, 133.95084,  47.55715, -73.03851, 119.80235,  13.74671, -52.40966, 136.74067,  99.61087, -62.54554, 141.14390, 115.33797, -70.06553, 144.33123, 125.85903, -76.54364, 148.83908, 140.72370, -87.72668, 149.68710, 144.47268, -89.54010, 150.31203, 148.56763, -90.49057, 150.21408, 136.09424, -83.39915, 160.67470, 137.81569, -71.28213, 156.25295, 123.12959, -47.85637, 147.76929, 106.35840, -29.89100, 148.15717, 103.17044, -30.00518, 148.37491,  99.33327, -29.53497, 147.63617,  96.79035, -29.06178, 149.38448, 102.89076, -28.68080, 150.68576,  98.74594, -25.16993, 150.16160,  95.60896, -23.07941, 149.19514,  93.96367, -22.07146, 149.21447, 103.74997, -27.72714, 150.39254, 100.17218, -23.78599, 149.31359,  97.41574, -20.87303, 147.36573,  96.05742, -19.80701, 149.07526, 104.46186, -27.14127, 150.04964, 101.86942, -23.10017, 149.02921,  99.91031, -20.23350, 147.20099,  98.72278, -18.98751, 148.76890, 105.41492, -26.57417, 149.52011, 103.61789, -22.51463, 148.74670, 102.45685, -19.97451, 147.32059, 101.74799, -19.07103, 144.73205, 136.34426, -85.27662, 130.83852, 134.26276, -93.14092, 129.30524, 106.79643, -98.36104, 139.28794,  83.76052,-105.12065, 142.46662,  83.29243,-105.17899, 146.14611,  82.08884,-105.25038, 148.41705,  80.83115,-104.54526, 142.69761,  82.46307,-106.79061, 146.30951,  78.81440,-108.99070, 148.90577,  76.03203,-109.04991, 150.17426,  74.40769,-108.41004, 141.66759,  81.72796,-107.06505, 144.63318,  77.77103,-109.36050, 146.62715,  74.12966,-109.25130, 147.45212,  72.16821,-107.75206, 140.85054,  81.30498,-107.21637, 142.80903,  77.40427,-109.44111, 144.04567,  74.00313,-109.43224, 144.69175,  71.95872,-108.12530, 139.77615,  80.89339,-107.22587, 140.92344,  77.07376,-109.31576, 141.48121,  74.23438,-109.47454, 141.78597,  72.75019,-108.44651
   0.10000, 135.72871,  92.05613, -61.33480, 144.36438,  92.63636, -54.54594, 145.26808,  47.59532, -53.51024, 123.55911,  17.71608, -33.38995, 127.09305,  91.47590, -68.12367, 133.97362,  47.23181, -73.19340, 119.69570,  13.88335, -51.91203, 137.48384,  99.44863, -64.19920, 141.86688, 115.04531, -71.99749, 145.01575, 125.46012, -78.66336, 149.43467, 140.15630, -90.10167, 150.26810, 143.88518, -91.96268, 150.88418, 147.97412, -92.94426, 150.85110, 135.57038, -85.74128, 161.33558, 137.36153, -73.65502, 156.18606, 122.32433, -50.60367, 147.27962, 105.32273, -33.06453, 147.78614, 102.15541, -33.25960, 148.10422,  98.31267, -32.90672, 147.42326,  95.73142, -32.57570, 148.92514, 101.86732, -31.86025, 150.11775,  97.64086, -28.40861, 149.55643,  94.41387, -26.47030, 148.57896,  92.70214, -25.59193, 148.65769, 102.68496, -30.89249, 149.67699,  99.00505, -27.00142, 148.49077,  96.10991, -24.27041, 146.52079,  94.65078, -23.39534, 148.45227, 103.36995, -30.29417, 149.22688, 100.66392, -26.28443, 148.07435,  98.56875, -23.56798, 146.20484,  97.27749, -22.49900, 148.07313, 104.29109, -29.71838, 148.59608, 102.37158, -25.67914, 147.68504, 101.09354, -23.24295, 146.22397, 100.30601, -22.46986, 145.34010, 135.83546, -87.52975, 131.40141, 133.63813, -95.28181, 131.24758, 106.23066,-101.00951, 142.55340,  83.87488,-107.96637, 145.74896,  83.56244,-107.83471, 149.48096,  82.53996,-107.69656, 151.76392,  81.38072,-106.87174, 146.11890,  82.77556,-109.44172, 150.03479,  79.34790,-111.47051, 152.76429,  76.69610,-111.41222, 154.07007,  75.12339,-110.72047, 145.14525,  81.99671,-109.79106, 148.43792,  78.23170,-111.95996, 150.59920,  74.68974,-111.78446, 151.42691,  72.74280,-110.26792, 144.36092,  81.53757,-109.99941, 146.64251,  77.77863,-112.15934, 148.04307,  74.44178,-112.12719, 148.70831,  72.40693,-110.81496, 143.31081,  81.07470,-110.08202, 144.77145,  77.35491,-112.15644, 145.47770,  74.54934,-112.32489, 145.79204,  73.06265,-111.30338
   0.11667, 136.55643,  91.77949, -62.98028, 145.38760,  92.33308, -56.44545, 147.19210,  47.33192, -57.93647, 127.22411,  16.35934, -37.66692, 127.72526,  91.22590, -69.51511, 134.18091,  46.82590, -73.70423, 119.73533,  14.08908, -51.60218, 138.29754,  99.13122, -65.95601, 142.63630, 114.59793, -74.03292, 145.74546, 124.89051, -80.90413, 150.09511, 139.37463, -92.63572, 150.91670, 143.07947, -94.54928, 151.52430, 147.16236, -95.56084, 151.54672, 134.83991, -88.23354, 162.06333, 136.69428, -76.18480, 156.12649, 121.30586, -53.55848, 146.78103, 104.11790, -36.43434, 147.39241, 100.97322, -36.68681, 147.79521,  97.13096, -36.42757, 147.16706,  94.52308, -36.22644, 148.43313, 100.67063, -35.21581, 149.49064,  96.36827, -31.81428, 148.88212,  93.06646, -30.02168, 147.89279,  91.30171, -29.27078, 148.07147, 101.44913, -34.24639, 148.90795,  97.67399, -30.40325, 147.60846,  94.66141, -27.85706, 145.62263,  93.12259, -27.17577, 147.80271, 102.10869, -33.64461, 148.35820,  99.29619, -29.67195, 147.07011,  97.08425, -27.11357, 145.16528,  95.70957, -26.22645, 147.35556, 103.00027, -33.07108, 147.63515, 100.96591, -29.06400, 146.58468,  99.58590, -26.74225, 145.09416,  98.73500, -26.10439, 146.00736, 135.13109, -89.92784, 132.02127, 132.82451, -97.56192, 133.13909, 105.54262,-103.76265, 145.76464,  83.97089,-110.92195, 148.95930,  83.79857,-110.62037, 152.72101,  82.94080,-110.29453, 155.00641,  81.86898,-109.36487, 149.45097,  83.05939,-112.21736, 153.62261,  79.84832,-114.08429, 156.46274,  77.32002,-113.91990, 157.79938,  75.79423,-113.18348, 148.53405,  82.24470,-112.63231, 152.10695,  78.67157,-114.67883, 154.41442,  75.22665,-114.44321, 155.24663,  73.29022,-112.91571, 147.78382,  81.75512,-112.89087, 150.34740,  78.14287,-114.98381, 151.89447,  74.87166,-114.92965, 152.57966,  72.84405,-113.61647, 146.76186,  81.24760,-113.03854, 148.50013,  77.63631,-115.09048, 149.34131,  74.86863,-115.26596, 149.66726,  73.37840,-114.25327
   0.13334, 137.50276,  91.34518, -64.74656, 146.54122,  91.88650, -58.50049, 149.08183,  47.05804, -62.31344, 131.15172,  14.79439, -42.15300, 128.46431,  90.80387, -70.99262, 134.46794,  46.27994, -74.47969, 119.82091,  14.30499, -51.41581, 139.20232,  98.65807, -67.83970, 143.45146, 113.98641, -76.22227, 146.50270, 124.13924, -83.32350, 150.78090, 138.37294, -95.38329, 151.59055, 142.05056, -97.35359, 152.18952, 146.12770, -98.39311, 152.26814, 133.89826, -90.93184, 162.82466, 135.80155, -78.92570, 156.21850, 120.13903, -56.67612, 146.37468, 102.78222, -40.00757, 147.07652,  99.66175, -40.31840, 147.54610,  95.82159, -40.16012, 146.96434,  93.19595, -40.09963, 148.00430,  99.32738, -38.78024, 148.88835,  94.92727, -35.45510, 148.21625,  91.55122, -33.83146, 147.21160,  89.74081, -33.22314, 147.54920, 100.06286, -37.81661, 148.16587,  96.16910, -34.05106, 146.73885,  93.04080, -31.72194, 144.74139,  91.43845, -31.25480, 147.21853, 100.69468, -37.21589, 147.52270,  97.75235, -33.31065, 146.08761,  95.42380, -30.94095, 144.15079,  93.97966, -30.25664, 146.70694, 101.55571, -36.64959, 146.71548,  99.38403, -32.70534, 145.51673,  97.90005, -30.52377, 144.00045,  96.99663, -30.03667, 146.70081, 134.22113, -92.52577, 132.66959, 131.81528,-100.04553, 135.08625, 104.73556,-106.74243, 148.84718,  83.91555,-114.03380, 152.02764,  83.88520,-113.57517, 155.80505,  83.19606,-113.07653, 158.08992,  82.21210,-112.05317, 152.63198,  83.20316,-115.15887, 157.03800,  80.22861,-116.87293, 159.98302,  77.83176,-116.61289, 161.35239,  76.35449,-115.83864, 151.77625,  82.35571,-115.63446, 155.61093,  78.99558,-117.56471, 158.06441,  75.65712,-117.27736, 158.91090,  73.72982,-115.74616, 151.06372,  81.83740,-115.93948, 153.89558,  78.39239,-117.96756, 155.59118,  75.19598,-117.89643, 156.30589,  73.17528,-116.58834, 150.07546,  81.28626,-116.14777, 152.08188,  77.80311,-118.17640, 153.06074,  75.08167,-118.36073, 153.40646,  73.58729,-117.36079
   0.15000, 138.52913,  90.99101, -66.59929, 147.74076,  91.53845, -60.61213, 151.02485,  47.02599, -66.81208, 134.93951,  13.56919, -47.04393, 129.31750,  90.44356, -72.58645, 134.76265,  45.79371, -75.29298, 119.93541,  14.56773, -51.33538, 140.17112,  98.27438, -69.79157, 144.30948, 113.48372, -78.44202, 147.30015, 123.50821, -85.74840, 151.52425, 137.50589, -98.09999, 152.32452, 141.15854,-100.11993, 152.91574, 145.23113,-101.18151, 153.03841, 133.08799, -93.60115, 163.63980, 135.02362, -81.63980, 156.42213, 119.14132, -59.73871, 146.13809, 101.66548, -43.46500, 146.88993,  98.56241, -43.82868, 147.38619,  94.72291, -43.76307, 146.82784,  92.09224, -43.82572, 147.71732,  98.18513, -42.24388, 148.42343,  93.68560, -39.01052, 147.67913,  90.25309, -37.54439, 146.65452,  88.41597, -37.06258, 147.19225,  98.88512, -41.28945, 147.59745,  94.87515, -37.61834, 146.05083,  91.66128, -35.49079, 144.04289,  90.02899, -35.20898, 146.81634,  99.49434, -40.69201, 146.89105,  96.42826, -36.87176, 145.32574,  94.01230, -34.67857, 143.36239,  92.53149, -34.17107, 146.25992, 100.33237, -40.13353, 146.02941,  98.03292, -36.26923, 144.70394,  96.46905, -34.22085, 143.16784,  95.53839, -33.86473, 147.45002, 133.44034, -95.11301, 133.37717, 130.94118,-102.52375, 137.24783, 104.16689,-109.74563, 152.23947,  84.27984,-117.21264, 155.39064,  84.40816,-116.59602, 159.17114,  83.90973,-115.92392, 161.45357,  83.02442,-114.80908, 156.10792,  83.79836,-118.16196, 160.74811,  81.10622,-119.71761, 163.80327,  78.86442,-119.36270, 165.21173,  77.44386,-118.55324, 155.32395,  82.91832,-118.69820, 159.42593,  79.81605,-120.50675, 162.04089,  76.60734,-120.16974, 162.91546,  74.69108,-118.64046, 154.65650,  82.37032,-119.04977, 157.76776,  79.13216,-121.00810, 159.62970,  76.03008,-120.92185, 160.38883,  74.01901,-119.62400, 153.71113,  81.77245,-119.31928, 156.00128,  78.45215,-121.32035, 157.13497,  75.79220,-121.51473, 157.51244,  74.29438,-120.53156
   0.16667, 139.64798,  90.53924, -68.56572, 149.01007,  91.12426, -62.82036, 153.03225,  47.11124, -71.61016, 138.77231,  12.45804, -52.51345, 130.28589,  89.95422, -74.31108, 135.21101,  45.20583, -76.28801, 120.20230,  14.84464, -51.35184, 141.21194,  97.79737, -71.85326, 145.20264, 112.90069, -80.75520, 148.11718, 122.80842, -88.24919, 152.28516, 136.59136,-100.85864, 153.07664, 140.22178,-102.92166, 153.66175, 144.29075,-104.00038, 153.82468, 132.22734, -96.31604, 164.46257, 134.17105, -84.38845, 156.63927, 118.09072, -62.84271, 145.92803, 100.52988, -46.94031, 146.67912,  97.43650, -47.38005, 147.14743,  93.59329, -47.43282, 146.57702,  90.97144, -47.62433, 147.41794,  96.99358, -45.76868, 147.92172,  92.37090, -42.67416, 147.07863,  88.89228, -41.38031, 146.01833,  87.04691, -41.02349, 146.84673,  97.66174, -44.81794, 147.02957,  93.51440, -41.28421, 145.35120,  90.23615, -39.36496, 143.32100,  88.61096, -39.25249, 146.44307,  98.25130, -44.21888, 146.29374,  95.04431, -40.51840, 144.59810,  92.56108, -38.50456, 142.60123,  91.07848, -38.15880, 145.86267,  99.07244, -43.65971, 145.41092,  96.63235, -39.90267, 143.96782,  95.00404, -37.98839, 142.40910,  94.07334, -37.75014, 148.21959, 132.60208, -97.75915, 134.11498, 130.05307,-105.09211, 139.26184, 103.61856,-112.75542, 155.38976,  84.71180,-120.39902, 158.50545,  84.97997,-119.65935, 162.27827,  84.65176,-118.85280, 164.55853,  83.85435,-117.66932, 159.31009,  84.44072,-121.20864, 164.13292,  82.01322,-122.63923, 167.28008,  79.91579,-122.21280, 168.72600,  78.54804,-121.37882, 158.59130,  83.53558,-121.79233, 162.90674,  80.67790,-123.50457, 165.66315,  77.59388,-123.13254, 166.57390,  75.68915,-121.61000, 157.96544,  82.96360,-122.18032, 161.30441,  79.92522,-124.08300, 163.31333,  76.91650,-123.98826, 164.12221,  74.91659,-122.70327, 157.06161,  82.32646,-122.49801, 159.58671,  79.16695,-124.47660, 160.85736,  76.57042,-124.68122, 161.27162,  75.07138,-123.71486
   0.18334, 140.88498,  90.00270, -70.69516, 150.38770,  90.65091, -65.19260, 154.98948,  47.20021, -76.21277, 142.62370,  11.35349, -58.02002, 131.38226,  89.35450, -76.19772, 135.68392,  44.51358, -77.36888, 120.45363,  15.18805, -51.35106, 142.35342,  97.23461, -74.08302, 146.15947, 112.23646, -83.23390, 148.97778, 122.03676, -90.90391, 153.07558, 135.62787,-103.74250, 153.85618, 139.23932,-105.84264, 154.43443, 143.30607,-106.93334, 154.64396, 131.31277, -99.16318, 165.30986, 133.25302, -87.26007, 157.01214, 117.03872, -65.99404, 145.86887,  99.39524, -50.48483, 146.58305,  96.31002, -51.03066, 146.98304,  92.46430, -51.23757, 146.37439,  89.86583, -51.57466, 147.23762,  95.78038, -49.40908, 147.51186,  91.01435, -46.50929, 146.54589,  87.49912, -45.41581, 145.43655,  85.66158, -45.19267, 146.63495,  96.41675, -48.45595, 146.57683,  92.11232, -45.11085, 144.75108,  88.78620, -43.42237, 142.68850,  87.19928, -43.47745, 146.21460,  96.98696, -47.84968, 145.83411,  93.62103, -44.31041, 144.00123,  91.08508, -42.49199, 141.96365,  89.62944, -42.30622, 145.62382,  97.79385, -47.28074, 144.95267,  95.19753, -43.66382, 143.39227,  93.51478, -41.89410, 141.80739,  92.60627, -41.77030, 149.02369, 131.70593,-100.54085, 134.89036, 129.15711,-107.81840, 141.25018, 103.10304,-115.86441, 158.53791,  85.32926,-123.68918, 161.61406,  85.73247,-122.85176, 165.37372,  85.57066,-121.94009, 167.65554,  84.85950,-120.70573, 162.48848,  85.26690,-124.38707, 167.46416,  83.10865,-125.72258, 170.69725,  81.15799,-125.24545, 172.18423,  79.84433,-124.39683, 161.83222,  84.34082,-125.01022, 166.33062,  81.73445,-126.65107, 169.22377,  78.78078,-126.26004, 170.18311,  76.88986,-124.75017, 161.24671,  83.74767,-125.42824, 164.78460,  80.91751,-127.29217, 166.93574,  78.00872,-127.19897, 167.80489,  76.02298,-125.93147, 160.38486,  83.07439,-125.78562, 163.11836,  80.08535,-127.75209, 164.52073,  77.55877,-127.97164, 164.98039,  76.06095,-127.02412
   0.20000, 142.21828,  89.42000, -73.01083, 151.81910,  90.14325, -67.69095, 157.02386,  47.34048, -80.78360, 146.21378,  10.54609, -63.51542, 132.61745,  88.69674, -78.33070, 136.11865,  43.77100, -78.38600, 120.68544,  15.39524, -51.45076, 143.60031,  96.62798, -76.48493, 147.23436, 111.55377, -85.82811, 149.96113, 121.28244, -93.62138, 153.99013, 134.75575,-106.60509, 154.75826, 138.35724,-108.72682, 155.32657, 142.42469,-109.82018, 155.58474, 130.47201,-102.00544, 166.26871, 132.41402, -90.11884, 157.59423, 116.11879, -69.06607, 146.09943,  98.42091, -53.87875, 146.75594,  95.34449, -54.53537, 147.07021,  91.50207, -54.89517, 146.41021,  88.93618, -55.36070, 147.34889,  94.73078, -52.91974, 147.42266,  89.84148, -50.22005, 146.34095,  86.30864, -49.30649, 145.18198,  84.49172, -49.19439, 146.73331,  95.34135, -51.95803, 146.47263,  90.90268, -48.80345, 144.51847,  87.55521, -47.31242, 142.42125,  86.02422, -47.49495, 146.30871,  95.89588, -51.34029, 145.74244,  92.39448, -47.96090, 143.79609,  89.83095, -46.30646, 141.71978,  88.42031, -46.24213, 145.72056,  96.69266, -50.75460, 144.87985,  93.96396, -47.27310, 143.22756,  92.24782, -45.62289, 141.61850,  91.37491, -45.58393, 149.95371, 130.87385,-103.33583, 135.79070, 128.36007,-110.56771, 143.42056, 102.76369,-118.97072, 161.63261,  86.01123,-126.95045, 164.66019,  86.55853,-126.02267, 168.39861,  86.57648,-125.01459, 170.68320,  85.95983,-123.73533, 165.59732,  86.17560,-127.54374, 170.71453,  84.31688,-128.79207, 174.03482,  82.53091,-128.27090, 175.56829,  81.27926,-127.41136, 165.00804,  85.23040,-128.20402, 169.68076,  82.90588,-129.77991, 172.71796,  80.10245,-129.37548, 173.73896,  78.23120,-127.88162, 164.46620,  84.61662,-128.65022, 168.19788,  82.02262,-130.47953, 170.49957,  79.23127,-130.39161, 171.44184,  77.26612,-129.14444, 163.65129,  83.90674,-129.04492, 166.59119,  81.11359,-131.00163, 168.13282,  78.67107,-131.23804, 168.64820,  77.17853,-130.31108
   0.21667, 143.52753,  88.86534, -75.27906, 153.20043,  89.66644, -70.10285, 158.70547,  47.65827, -85.45185, 149.10431,  10.28277, -68.72566, 133.85462,  88.06424, -80.45527, 136.55159,  43.09680, -79.34202, 120.85852,  15.67963, -51.57690, 144.82997,  96.05295, -78.82537, 148.30020, 110.92888, -88.30929, 150.93728, 120.62057, -96.17913, 154.89477, 134.04691,-109.23330, 155.64885, 137.64638,-111.36349, 156.20532, 141.71641,-112.45330, 156.51521, 129.77623,-104.63054, 167.20068, 131.72453, -92.74631, 158.18518, 115.38003, -71.87581, 146.42083,  97.62886, -56.95950, 147.00961,  94.56479, -57.72849, 147.23126,  90.73282, -58.23766, 146.51389,  88.20590, -58.81746, 147.55737,  93.87165, -56.12911, 147.45658,  88.87830, -53.62803, 146.26798,  85.34168, -52.87624, 145.06078,  83.55304, -52.85722, 146.94050,  94.45944, -55.15413, 146.50884,  89.90690, -52.18609, 144.44260,  86.55549, -50.86470, 142.31027,  85.08902, -51.14440, 146.51926,  94.99992, -54.52180, 145.80225,  91.38271, -51.29654, 143.76106,  88.80759, -49.78013, 141.64829,  87.45093, -49.80799, 145.94137,  95.78798, -53.91451, 144.96812,  92.94576, -50.56070, 143.24274,  91.20946, -49.00934, 141.61129,  90.37857, -49.03293, 150.87585, 130.18042,-105.92445, 136.69178, 127.71843,-113.13282, 145.36592, 102.54201,-121.78771, 164.59399,  87.04630,-129.92184, 167.57679,  87.71553,-128.93108, 171.29277,  87.88736,-127.85668, 173.58155,  87.35340,-126.54805, 168.55628,  87.40403,-130.44174, 173.77460,  85.80625,-131.63135, 177.16489,  84.16598,-131.08261, 178.74003,  82.97085,-130.21799, 168.02274,  86.44489,-131.12877, 172.82427,  84.36737,-132.66186, 175.98100,  81.69998,-132.25261, 177.06231,  79.85081,-130.77377, 167.51759,  85.81505,-131.59516, 171.39601,  83.42963,-133.40299, 173.82292,  80.74618,-133.32299, 174.83413,  78.80411,-132.09379, 166.74328,  85.07569,-132.01658, 169.84229,  82.45719,-133.96930, 171.49937,  80.09305,-134.22092, 172.06769,  78.60917,-133.31116
   0.23334, 144.68562,  88.34051, -77.40185, 154.42601,  89.21093, -72.36526, 160.14213,  47.94374, -89.53876, 151.68215,  10.07073, -73.32337, 134.94524,  87.47009, -82.43845, 136.74770,  42.51570, -79.90116, 120.73728,  16.12605, -51.33320, 145.90772,  95.51395, -81.00500, 149.20865, 110.36318, -90.59064, 151.75006, 120.04217, -98.50745, 155.62407, 133.46707,-111.58812, 156.36056, 137.06973,-113.71907, 156.90141, 141.14374,-114.80183, 157.27393, 129.19661,-106.99561, 167.95224, 131.16123, -95.10764, 158.71269, 114.80128, -74.34752, 146.70697,  97.00508, -59.67925, 147.23776,  93.95878, -60.55381, 147.37980,  90.14428, -61.20323, 146.61420,  87.65824, -61.88851, 147.74363,  93.19390, -58.97344, 147.48816,  88.11465, -56.66368, 146.20691,  84.58139, -56.06362, 144.95891,  82.82212, -56.13029, 147.12472,  93.75931, -57.98658, 146.54107,  89.11083, -55.19873, 144.37757,  85.76200, -54.03597, 142.21701,  84.35745, -54.40314, 146.70582,  94.28563, -57.34089, 145.85421,  90.56868, -54.26522, 143.73037,  87.98755, -52.87804, 141.58781,  86.68287, -52.98915, 146.13640,  95.06388, -56.71329, 145.04432,  92.12242, -53.48396, 143.25481,  90.37057, -52.02550, 141.60536,  89.57968, -52.10522, 151.62633, 129.60123,-108.25295, 137.42801, 127.20281,-115.45471, 147.01490, 102.41678,-124.27198, 166.94095,  87.92152,-132.56896, 169.88225,  88.70297,-131.53715, 173.57659,  89.01771,-130.42126, 175.87314,  88.56269,-129.09655, 170.88913,  88.45655,-133.04180, 176.18287,  87.10201,-134.19962, 179.63498,  85.60049,-133.63925, 181.25143,  84.46108,-132.77566, 170.40417,  87.48588,-133.74837, 175.30555,  85.63941,-135.26102, 178.56989,  83.10391,-134.85761, 179.71506,  81.28072,-133.39467, 169.93121,  86.84206,-134.22922, 173.92636,  84.65258,-136.03079, 176.46554,  82.07473,-135.96450, 177.54713,  80.15948,-134.75326, 169.19364,  86.07663,-134.66954, 172.42158,  83.62309,-136.62760, 174.18123,  81.33621,-136.89632, 174.80382,  79.86451,-136.00243
   0.25001, 145.66516,  87.85197, -79.37425, 155.45063,  88.77361, -74.43510, 161.55537,  48.23710, -93.14625, 153.92223,  10.02506, -77.32061, 135.87969,  86.93034, -84.31340, 136.62446,  42.07974, -80.01770, 120.30640,  16.50444, -50.88867, 146.82476,  95.01977, -83.00915, 149.99049, 109.87123, -92.63686, 152.45345, 119.56604,-100.55911, 156.25503, 133.03965,-113.61090, 156.97375, 136.65119,-115.73286, 157.49643, 140.73068,-116.80386, 157.92986, 128.75503,-109.04067, 168.61087, 130.73382, -97.15747, 159.22743, 114.37299, -76.46268, 147.06569,  96.54665, -61.96048, 147.56165,  93.51578, -62.90619, 147.65540,  89.71710, -63.65027, 146.86126,  87.26060, -64.40596, 148.03951,  92.70409, -61.34053, 147.68598,  87.57276, -59.16256, 146.34742,  84.04481, -58.66515, 145.07488,  82.30634, -58.78909, 147.41837,  93.25360, -60.34612, 146.73784,  88.54570, -57.68274, 144.51384,  85.20096, -56.62727, 142.33722,  83.83805, -57.05202, 147.00026,  93.76965, -59.69169, 146.06222,  89.98961, -56.71982, 143.88659,  87.40604, -55.42022, 141.72669,  86.13626, -55.58629, 146.43551,  94.54021, -59.05053, 145.26661,  91.53500, -55.90794, 143.43650,  89.77364, -54.51270, 141.77672,  89.00939, -54.62935, 152.27622, 129.15844,-110.27096, 138.06589, 126.82372,-117.46997, 148.54581, 102.44634,-126.40947, 168.95913,  88.73709,-134.85651, 171.85726,  89.62963,-133.79313, 175.52746,  90.08733,-132.64749, 177.83340,  89.71230,-131.31403, 172.88317,  89.44992,-135.29437, 178.23783,  88.34391,-136.43602, 181.74841,  86.98518,-135.87448, 183.40749,  85.90399,-135.01691, 172.44523,  88.46996,-136.01860, 177.43149,  86.86090,-137.52502, 180.80039,  84.46352,-137.13707, 182.01464,  82.66975,-135.69362, 172.00368,  87.81359,-136.51218, 176.10127,  85.82697,-138.31879, 178.74962,  83.36094,-138.27349, 179.90593,  81.47626,-137.08350, 171.30281,  87.02366,-136.96887, 174.64637,  84.74236,-138.94110, 176.50537,  82.53826,-139.23177, 177.18581,  81.08157,-138.35563
   0.26667, 146.49114,  87.41379, -81.20116, 156.31021,  88.36803, -76.33545, 162.88434,  48.61087, -96.50308, 155.87783,  10.09680, -81.12613, 136.67206,  86.45955, -86.06686, 136.44623,  41.80145, -80.05128, 119.78170,  16.86251, -50.56877, 147.59170,  94.59383, -84.83023, 150.63318, 109.48829, -94.43153, 153.02430, 119.22678,-102.32215, 156.75704, 132.78688,-115.30406, 157.45799, 136.41089,-117.41065, 157.96212, 140.49612,-118.46859, 158.45533, 128.47633,-110.76699, 169.14487, 130.46877, -98.89375, 159.67201, 114.09785, -78.24774, 147.40329,  96.27800, -63.82791, 147.89505,  93.25491, -64.80034, 147.97947,  89.46373, -65.58283, 147.18189,  87.01867, -66.37126, 148.35484,  92.42502, -63.23880, 147.95908,  87.27309, -61.11749, 146.60086,  83.74608, -60.66908, 145.32210,  82.01457, -60.82281, 147.72682,  92.96695, -62.24456, 147.00138,  88.23484, -59.63651, 144.75335,  84.88916, -58.63641, 142.57497,  83.54024, -59.09541, 147.30486,  93.47805, -61.58872, 146.32301,  89.67168, -58.66499, 144.12434,  87.08438, -57.41244, 141.96065,  85.82584, -57.61167, 146.73746,  94.24441, -60.94487, 145.52650,  91.21208, -57.84455, 143.67595,  89.44444, -56.48465, 142.01407,  88.68870, -56.62459, 152.79648, 128.87919,-111.97329, 138.58003, 126.59313,-119.17581, 149.73759, 102.53496,-128.15985, 170.45847,  89.39558,-136.76229, 173.32356,  90.37307,-135.68418, 176.97491,  90.94115,-134.52778, 179.29078,  90.62866,-133.19540, 174.35660,  90.24593,-137.18591, 179.74687,  89.33534,-138.33254, 183.30083,  88.08966,-137.78181, 184.99464,  87.05517,-136.93456, 173.95288,  89.26033,-137.92226, 178.99238,  87.83885,-139.44011, 182.44010,  85.55244,-139.07540, 183.71283,  83.78387,-137.65135, 173.53434,  88.59528,-138.42419, 177.69880,  86.76994,-140.24796, 180.42908,  84.39459,-140.22776, 181.64724,  82.53620,-139.05832, 172.86111,  87.78752,-138.89118, 176.28214,  85.64414,-140.88516, 178.21501,  83.50781,-141.19898, 178.94343,  82.06473,-140.33903
   0.28334, 147.23694,  87.06517, -82.96805, 157.09085,  88.04756, -78.17897, 163.91983,  48.84275, -99.31974, 157.44684,   9.99217, -84.56819, 137.38302,  86.08278, -87.75713, 136.22914,  41.70889, -79.99762, 119.14463,  17.31027, -50.30415, 148.26214,  94.27658, -86.55676, 151.15265, 109.25438, -96.07470, 153.45914, 119.06102,-103.90589, 157.11183, 132.73779,-116.78779, 157.79282, 136.37685,-118.87489, 158.27713, 140.46774,-119.92015, 158.83717, 128.39282,-112.29397, 169.56153, 130.37808,-100.45096, 160.07770, 113.98151, -79.83036, 147.73338,  96.19011, -65.43994, 148.23002,  93.16680, -66.40921, 148.31763,  89.37562, -67.19130, 147.52404,  86.93101, -67.98517, 148.67891,  92.33659, -64.84468, 148.26623,  87.18478, -62.72631, 146.90315,  83.65847, -62.28717, 145.62452,  81.92766, -62.44952, 148.04455,  92.87882, -63.85463, 147.29916,  88.14697, -61.25172, 145.04271,  84.80245, -60.26683, 142.86672,  83.45472, -60.74045, 147.61848,  93.39011, -63.20160, 146.61508,  89.58413, -60.28468, 144.40670,  86.99795, -59.04699, 142.24373,  85.74058, -59.26073, 147.04721,  94.15675, -62.56152, 145.81393,  91.12492, -59.46951, 143.95339,  89.35821, -58.12209, 142.29208,  88.60337, -58.27318, 153.17273, 128.79381,-113.47439, 138.95297, 126.53533,-120.67909, 150.63055, 102.71863,-129.64563, 171.53749,  89.99466,-138.42064, 174.38305,  91.02819,-137.34306, 178.02454,  91.67010,-136.19420, 180.35221,  91.39862,-134.87347, 175.41297,  90.94042,-138.84973, 180.81862,  90.16806,-140.02508, 184.40287,  89.00060,-139.49990, 186.12369,  87.99766,-138.66933, 175.02959,  89.95307,-139.59458, 180.09510,  88.66550,-141.14503, 183.59679,  86.45703,-140.81602, 184.91607,  84.70456,-139.41461, 174.62481,  89.28347,-140.10170, 178.82379,  87.57473,-141.95898, 181.60900,  85.26398,-141.97277, 182.87485,  83.42300,-140.82666, 173.96888,  88.46488,-140.57442, 177.43143,  86.42247,-142.60242, 179.41257,  84.33532,-142.94490, 180.17789,  82.90115,-142.10228
   0.30001, 147.96069,  87.04602, -84.67070, 157.84284,  88.04310, -79.94323, 164.89893,  49.13812,-101.55801, 158.79381,   9.94354, -87.57991, 138.07854,  86.04895, -89.39817, 135.99067,  42.07355, -79.78623, 118.51685,  17.98055, -50.06977, 148.91652,  94.29712, -88.19807, 151.67114, 109.37313, -97.60055, 153.90146, 119.25402,-105.36013, 157.47912, 133.04886,-118.13676, 158.14072, 136.70264,-120.20430, 158.60517, 140.79868,-121.23832, 159.22968, 128.66931,-113.68647, 170.01663, 130.62770,-101.89595, 160.62354, 114.16055, -81.29006, 148.24836,  96.41281, -66.87227, 148.75437,  93.38144, -67.81105, 148.85263,  89.58311, -68.55631, 148.06665,  87.12915, -69.32857, 149.20113,  92.56740, -66.23745, 148.79473,  87.43531, -64.07053, 147.43856,  83.91028, -63.60086, 146.16430,  82.17504, -63.74977, 148.56299,  93.11769, -65.25429, 147.82169,  88.40945, -62.60776, 145.57034,  85.06940, -61.59640, 143.39865,  83.71216, -62.06254, 148.13409,  93.63427, -64.60731, 147.13186,  89.85429, -61.65638, 144.92620,  87.27509, -60.39942, 142.76665,  86.01075, -60.60654, 147.55942,  94.40572, -63.97612, 146.32510,  91.40102, -60.85816, 144.46514,  89.64311, -59.49850, 142.80594,  88.88302, -59.64653, 153.56028, 129.06790,-114.84364, 139.33085, 126.83533,-122.03732, 151.44212, 103.20769,-130.92843, 172.38162,  90.64592,-139.85812, 175.22119,  91.71262,-138.79719, 178.86278,  92.39867,-137.67446, 181.20525,  92.15140,-136.37531, 176.23940,  91.65016,-140.31306, 181.64534,  90.96367,-141.53927, 185.25025,  89.84412,-141.05256, 186.99223,  88.86020,-140.24364, 175.86385,  90.66264,-141.06165, 180.93387,  89.45875,-142.66375, 184.46943,  87.29851,-142.37990, 185.82549,  85.55540,-141.00212, 175.46438,  89.99085,-141.57010, 179.67139,  88.35556,-143.47471, 182.48912,  86.08516,-143.52833, 183.79085,  84.25458,-142.40602, 174.81621,  89.16626,-142.04309, 178.29021,  87.18796,-144.11459, 180.29799,  85.13190,-144.48854, 181.09086,  83.70301,-143.66259
   0.31667, 148.80940,  87.25974, -86.40765, 158.71828,  88.26519, -81.73826, 165.81605,  49.54034,-103.66066, 159.89616,  10.07039, -90.39592, 138.90052,  86.25428, -91.07703, 136.07289,  42.68244, -79.93775, 118.20772,  18.57705, -50.46503, 149.69067,  94.56098, -89.84996, 152.30277, 109.75537, -99.10133, 154.45365, 119.72028,-106.77544, 157.95114, 133.64023,-119.43807, 158.59419, 137.30855,-121.48560, 159.04187, 141.40880,-122.51034, 159.72856, 129.22452,-115.03440, 170.59051, 131.14635,-103.30689, 161.39093, 114.55631, -82.71227, 149.05776,  96.84209, -68.21745, 149.56325,  93.79526, -69.10507, 149.66336,  89.98441, -69.78315, 148.87691,  87.51589, -70.50700, 150.02048,  93.01006, -67.51985, 149.63505,  87.91676, -65.25958, 148.28738,  84.39859, -64.71933, 147.01510,  82.65903, -64.82987, 149.38717,  93.57679, -66.54294, 148.66894,  88.91532, -63.80873, 146.42895,  85.59037, -62.72494, 144.25681,  84.22173, -63.15415, 148.96119,  94.10416, -65.90276, 147.98229,  90.37582, -62.87921, 145.78819,  87.81605, -61.56367, 143.62953,  86.54492, -61.73563, 148.38895,  94.88586, -65.28206, 147.17767,  91.93528, -62.10395, 145.32851,  90.19903, -60.70237, 143.66973,  89.43390, -60.82715, 154.05404, 129.61961,-116.16742, 139.80741, 127.41267,-123.33492, 152.16832, 103.87514,-132.12086, 172.97285,  91.19227,-141.19370, 175.82231,  92.26269,-140.16348, 179.47517,  92.95390,-139.08126, 181.83279,  92.70901,-137.80935, 176.82326,  92.20467,-141.69098, 182.21615,  91.53060,-142.97997, 185.82850,  90.41719,-142.53630, 187.58148,  89.43529,-141.74895, 176.44107,  91.21766,-142.43687, 181.49475,  90.02615,-144.09874, 185.03743,  87.87225,-143.85886, 186.41245,  86.12950,-142.49954, 176.03710,  90.54594,-142.94184, 180.22519,  88.92186,-144.89707, 183.04644,  86.65698,-144.98663, 184.36439,  84.82707,-143.88229, 175.38514,  89.72088,-143.40877, 178.83902,  87.75266,-145.52308, 180.84631,  85.70108,-145.92334, 181.65129,  84.27237,-145.10887
   0.33334, 149.75755,  87.69936, -88.14249, 159.69794,  88.69554, -83.53855, 166.55182,  49.98529,-105.56411, 160.68713,  10.29431, -92.95034, 139.81716,  86.70318, -92.74642, 136.49221,  43.52283, -80.29708, 118.26064,  18.92285, -51.46436, 150.56520,  95.05821, -91.47856, 153.03408, 110.38719,-100.54538, 155.10051, 120.44569,-108.11996, 158.50126, 134.50058,-120.65927, 159.12599, 138.18301,-122.68706, 159.56169, 142.28588,-123.70643, 160.31123, 130.04538,-116.30896, 171.26409, 131.93173,-104.66050, 162.31813, 115.19967, -84.06904, 150.11563,  97.48457, -69.46513, 150.61370,  94.41963, -70.29252, 150.71034,  90.59496, -70.88831, 149.91792,  88.11025, -71.54740, 151.09315,  93.66987, -68.69674, 150.74531,  88.62685, -66.32060, 149.41009,  85.11978, -65.68553, 148.13900,  83.37674, -65.74099, 150.47208,  94.25712, -67.72410, 149.79715,  89.65581, -64.87918, 147.57666,  86.35279, -63.69308, 145.40099,  84.97254, -64.06319, 150.05390,  94.79789, -67.08999, 149.12082,  91.13552, -63.97276, 146.94817,  88.60262, -62.57235, 144.78927,  87.32551, -62.68761, 149.48884,  95.59232, -66.47896, 148.32432,  92.71065, -63.22115, 146.49652,  91.00335, -61.75735, 144.83735,  90.23373, -61.84319, 154.63022, 130.43766,-117.41000, 140.34877, 128.27642,-124.52190, 152.76493, 104.69900,-133.12098, 173.29459,  91.66423,-142.32031, 176.17537,  92.71129,-141.35526, 179.85578,  93.36997,-140.34872, 182.23357,  93.11060,-139.11789, 177.14694,  92.62395,-142.90023, 182.50641,  91.86973,-144.28090, 186.11279,  90.71737,-143.89140, 187.86823,  89.72305,-143.12541, 176.73911,  91.63337,-143.62760, 181.74631,  90.36175,-145.36888, 185.26676,  88.16761,-145.16993, 186.64587,  86.42356,-143.81643, 176.31778,  90.96102,-144.11730, 180.44896,  89.26416,-146.13093, 183.24070,  86.96416,-146.24673, 184.55695,  85.13080,-145.14610, 175.64740,  90.13879,-144.56264, 179.03745,  88.10501,-146.71780, 181.01220,  86.02474,-147.13162, 181.81501,  84.59553,-146.31590
   0.35001, 150.72336,  88.42363, -89.79608, 160.69498,  89.39419, -85.25463, 167.14206,  50.53675,-107.14341, 161.21467,  10.69466, -95.04595, 140.75174,  87.45307, -94.33753, 137.06696,  44.66995, -80.67699, 118.59867,  19.23760, -52.73072, 151.47731,  95.83156, -93.03468, 153.83617, 111.27652,-101.93240, 155.83130, 121.41644,-109.41699, 159.13665, 135.58833,-121.84967, 159.74599, 139.28118,-123.86316, 160.17533, 143.38422,-124.88455, 160.97878, 131.09897,-117.54827, 172.05290, 132.94445,-106.00842, 163.45970, 116.03208, -85.41404, 151.44852,  98.27873, -70.69838, 151.93613,  95.19819, -71.47236, 152.02748,  91.36236, -71.99241, 151.22697,  88.86404, -72.58714, 152.44460,  94.48132, -69.87047, 152.14548,  89.48702, -67.38722, 150.82642,  85.99216, -66.65804, 149.55692,  84.24708, -66.65589, 151.83994,  95.08749, -68.89909, 151.22142,  90.54395, -65.95039, 149.02664,  87.26334, -64.65890, 146.84668,  85.87371, -64.96269, 151.43224,  95.64054, -68.26876, 150.55913,  92.04100, -65.06227, 148.41490,  89.53473, -63.57293, 146.25606,  88.25338, -63.62434, 150.87693,  96.44660, -67.66403, 149.77383,  93.63020, -64.32869, 147.97440,  91.95100, -62.79875, 146.31501,  91.17813, -62.83979, 155.29127, 131.48867,-118.61613, 140.94827, 129.40973,-125.62801, 153.25775, 105.67921,-133.95499, 173.43286,  92.14926,-143.22353, 176.36141,  93.15479,-142.36388, 180.08169,  93.75508,-141.47418, 182.48612,  93.47312,-140.30143, 177.28801,  93.00621,-143.93163, 182.58962,  92.09565,-145.43590, 186.17910,  90.87195,-145.11371, 187.93261,  89.85780,-144.36962, 176.83865,  92.00700,-144.62176, 181.76691,  90.57817,-146.46345, 185.24235,  88.31042,-146.30228, 186.61941,  86.57043,-144.94148, 176.38932,  91.33216,-145.08230, 180.42527,  89.49133,-147.16152, 183.16147,  87.12633,-147.29253, 184.46679,  85.29209,-146.18040, 175.68902,  90.51432,-145.48791, 178.97300,  88.35001,-147.67987, 180.88936,  86.21558,-148.09242, 181.68263,  84.78969,-147.26170
   0.36667, 151.60535,  88.95407, -91.24234, 161.61293,  89.86010, -86.76715, 167.63542,  50.77965,-108.37807, 161.52867,  10.84324, -96.68765, 141.59776,  88.04805, -95.71753, 137.79625,  45.53662, -81.26378, 119.11419,  19.36928, -54.15056, 152.34178,  96.40004, -94.39665, 154.64816, 111.93898,-103.14320, 156.59237, 122.14910,-110.54530, 159.79906, 136.42561,-122.88378, 160.39480, 140.12665,-124.88625, 160.82232, 144.22845,-125.91336, 161.67502, 131.90192,-118.63325, 172.87474, 133.70653,-107.20874, 164.74313, 116.57364, -86.60920, 153.02942,  98.72071, -71.77471, 153.50847,  95.62919, -72.50924, 153.59954,  91.78559, -72.96844, 152.79318,  89.27571, -73.50358, 154.05589,  94.94009, -70.90799, 153.82929,  89.98647, -68.33713, 152.53805,  86.50054, -67.52064, 151.27428,  84.75234, -67.46064, 153.47191,  95.56051, -69.93297, 152.93535,  91.06438, -66.89685, 150.78092,  87.79957, -65.50156, 148.59880,  86.39930, -65.73218, 153.07715,  96.12275, -69.30253, 152.28911,  92.57404, -66.01828, 150.18742,  90.08684, -64.43906, 148.03189,  88.79905, -64.41966, 152.53346,  96.93714, -68.69842, 151.51607,  94.17296, -65.29288, 149.75749,  92.51431, -63.69455, 148.09997,  91.73644, -63.68464, 155.97966, 132.29688,-119.65644, 141.56313, 130.31686,-126.54507, 153.63004, 106.35967,-134.57269, 173.33488,  92.15543,-143.84408, 176.31358,  93.10741,-143.10405, 180.07342,  93.63356,-142.34301, 182.50327,  93.32424,-141.23115, 177.18881,  92.88100,-144.69189, 182.41704,  91.77404,-146.31646, 185.98050,  90.46264,-146.05633, 187.72760,  89.42558,-145.32894, 176.69253,  91.87219,-145.33427, 181.52381,  90.24657,-147.26747, 184.94058,  87.88989,-147.12927, 186.31047,  86.15869,-145.75015, 176.21180,  91.19511,-145.75836, 180.13339,  89.17471,-147.88906, 182.80021,  86.73165,-148.01811, 184.08850,  84.89999,-146.88213, 175.47811,  90.38395,-146.11545, 178.63631,  88.05748,-148.32605, 180.48175,  85.85814,-148.72060, 181.26095,  84.43927,-147.86491
   0.38334, 152.33020,  89.37627, -92.40767, 162.37877,  90.18938, -88.00709, 168.12764,  50.88332,-109.28073, 161.84463,  10.84098, -98.05529, 142.28163,  88.56317, -96.80825, 138.67136,  46.12839, -82.08277, 119.75806,  19.46542, -55.62057, 153.07003,  96.85644, -95.47917, 155.35893, 112.47973,-104.07883, 157.26554, 122.75289,-111.40309, 160.37503, 137.12175,-123.65896, 160.95821, 140.82882,-125.65397, 161.38590, 144.92806,-126.69118, 162.28511, 132.56043,-119.46421, 173.65125, 134.28645,-108.19293, 165.98568, 116.94422, -87.58986, 154.69553,  98.92955, -72.62310, 155.16881,  95.83108, -73.33163, 155.26652,  91.98229, -73.74361, 154.45785,  89.46168, -74.22178, 155.76762,  95.16570, -71.73877, 155.64452,  90.24510, -69.09841, 154.39690,  86.76383, -68.19848, 153.14481,  85.01035, -68.07795, 155.20983,  95.79595, -70.75475, 154.78842,  91.33735, -67.64599, 152.69417,  88.08049, -66.14451, 150.51359,  86.66658, -66.29137, 154.83115,  96.36443, -70.12007, 154.16077,  92.85516, -66.76801, 152.12061,  90.37852, -65.09435, 149.97351,  89.08047, -64.99357, 154.30147,  97.18397, -69.51048, 153.40131,  94.45962, -66.04046, 151.70027,  92.81337, -64.36871, 150.04795,  92.02753, -64.29897, 156.58042, 132.97467,-120.42591, 142.06690, 131.11309,-127.14174, 153.71403, 106.83504,-134.81769, 172.80328,  91.77682,-144.02913, 175.83429,  92.65619,-143.42397, 179.63244,  93.08469,-142.80519, 182.08647,  92.73796,-141.75944, 176.64854,  92.33695,-145.02821, 181.78122,  90.98947,-146.77148, 185.30676,  89.56957,-146.57123, 187.04234,  88.50385,-145.85782, 176.09866,  91.32065,-145.61250, 180.80769,  89.45633,-147.63005, 184.14863,  86.99268,-147.50398, 185.50642,  85.27260,-146.09922, 175.58235,  90.64382,-145.99292, 179.36326,  88.40818,-148.16255, 181.94339,  85.87299,-148.27596, 183.20834,  84.04563,-147.10728, 174.81120,  89.84436,-146.29288, 177.81694,  87.32572,-148.50544, 179.57570,  85.05112,-148.86786, 180.33625,  83.64202,-147.97985
   0.40001, 152.88432,  89.79441, -93.28662, 162.96905,  90.51072, -88.95244, 168.50199,  50.88692,-109.68708, 162.08821,  10.72444, -98.97661, 142.79959,  89.07811, -97.62080, 139.54736,  46.55503, -83.06762, 120.48129,  19.63285, -56.98014, 153.64639,  97.29613, -96.29958, 155.95496, 112.97241,-104.79693, 157.84600, 123.28541,-112.06904, 160.88490, 137.71151,-124.27528, 161.45854, 141.42092,-126.26871, 161.88591, 145.51690,-127.31886, 162.82033, 133.11933,-120.12607, 174.41125, 134.67337,-109.06056, 167.27522, 117.11950, -88.44651, 156.44431,  98.91576, -73.36955, 156.91467,  95.81554, -74.07238, 157.02325,  91.96478, -74.46257, 156.21578,  89.43636, -74.89978, 157.56572,  95.16418, -72.49429, 157.55301,  90.26038, -69.82005, 156.35458,  86.77780, -68.86032, 155.11744,  85.01780, -68.69051, 157.03430,  95.79757, -71.49778, 156.73486,  91.35707, -68.34922, 154.70715,  88.09786, -66.76388, 152.53177,  86.67018, -66.83519, 156.67166,  96.36797, -70.85549, 156.12499,  92.87690, -67.46223, 154.15183,  90.39931, -65.71141, 152.01674,  89.08932, -65.53697, 156.15579,  97.18836, -70.23529, 155.37826,  94.48159, -66.72213, 153.73894,  92.83636, -64.98886, 152.09432,  92.04126, -64.86379, 157.10771, 133.56060,-121.02677, 142.47897, 131.80781,-127.51812, 153.52709, 107.11907,-134.75726, 171.99072,  91.23164,-143.85034, 175.07420,  92.00860,-143.38662, 178.90605,  92.30406,-142.91545, 181.37968,  91.89976,-141.93883, 175.81756,  91.58819,-145.00191, 180.82685,  89.95535,-146.85661, 184.29730,  88.39936,-146.71344, 186.01281,  87.29326,-146.01306, 175.20687,  90.57193,-145.52241, 179.76260,  88.42925,-147.61413, 183.00411,  85.83591,-147.49324, 184.34056,  84.12158,-146.06124, 174.65059,  89.90176,-145.85530, 178.25921,  87.42069,-148.05139, 180.72964,  84.77756,-148.14085, 181.96069,  82.95004,-146.93677, 173.83776,  89.12320,-146.09391, 176.65942,  86.39016,-148.29440, 178.31131,  84.03090,-148.61619, 179.04557,  82.63007,-147.69363
   0.41668, 153.25647,  90.24900, -93.81770, 163.38054,  90.87604, -89.56210, 168.68487,  50.82706,-109.52525, 162.18340,  10.55734, -99.28047, 143.13240,  89.62196, -98.07329, 140.29553,  46.88100, -84.08235, 121.10191,  20.19129, -57.84993, 154.04557,  97.75953, -96.80160, 156.38397, 113.45583,-105.25372, 158.26838, 123.78304,-112.50736, 161.25539, 138.22735,-124.70487, 161.82120, 141.93572,-126.70247, 162.24679, 146.02853,-127.76561, 163.20985, 133.61396,-120.58824, 175.03017, 134.93580,-109.73730, 168.55146, 117.13031, -89.12199, 158.27010,  98.69259, -73.94490, 158.73559,  95.59557, -74.66484, 158.85573,  91.74561, -75.05954, 158.04995,  89.21186, -75.46811, 159.44711,  94.94858, -73.11125, 159.56289,  90.04483, -70.43938, 158.42283,  86.55436, -69.43811, 157.20431,  84.78616, -69.22446, 158.94755,  95.57843, -72.09618, 158.79071,  91.13607, -68.93992, 156.84286,  87.86344, -67.28366, 154.67587,  86.42132, -67.27728, 158.60437,  96.14641, -71.44118, 158.20292,  92.65181, -68.03130, 156.31032,  90.16116, -66.21144, 154.19161,  88.83699, -65.96089, 158.10562,  96.96335, -70.80271, 157.47254,  94.25150, -67.26455, 155.90738,  92.59541, -65.47401, 154.27363,  91.78939, -65.29025, 157.49062, 134.08662,-121.42907, 142.75471, 132.41263,-127.69490, 153.15859, 107.32455,-134.50280, 170.90887,  90.55162,-143.42447, 174.03242,  91.22099,-143.07526, 177.88501,  91.38003,-142.72226, 180.36870,  90.91186,-141.80125, 174.71123,  90.71546,-144.69457, 179.59693,  88.82124,-146.62874, 183.00717,  87.13439,-146.52687, 184.69833,  85.98595,-145.83546, 174.04662,  89.70683,-145.16101, 178.45258,  87.31327,-147.30099, 181.59330,  84.59884,-147.17775, 182.90373,  82.88353,-145.72308, 173.45526,  89.04814,-145.45397, 176.89905,  86.35071,-147.65960, 179.26150,  83.60992,-147.72317, 180.45559,  81.77783,-146.48917, 172.60621,  88.29470,-145.64169, 175.25409,  85.37679,-147.82068, 176.80315,  82.94395,-148.10366, 177.50931,  81.54794,-147.15231
   0.43334, 153.46400,  90.62188, -93.99454, 163.63144,  91.16523, -89.83184, 168.73566,  50.69157,-108.97377, 162.20061,  10.32354, -99.14572, 143.29657,  90.07853, -98.15723, 140.93342,  46.95992, -85.28147, 121.58701,  20.80625, -58.62481, 154.28020,  98.13342, -96.96859, 156.64621, 113.82916,-105.41408, 158.52161, 124.15420,-112.67314, 161.45289, 138.59106,-124.89297, 162.01000, 142.29639,-126.89862, 162.43263, 146.38635,-127.97384, 163.42732, 133.96470,-120.80048, 175.49825, 134.91729,-110.18940, 169.66008, 116.86925, -89.59367, 160.06259,  98.13965, -74.32638, 160.51294,  95.04827, -75.07947, 160.63748,  91.20066, -75.49507, 159.82877,  88.66369, -75.87704, 161.29809,  94.39960, -73.56248, 161.56381,  89.48640, -70.91884, 160.49083,  85.98531, -69.88119, 159.29362,  84.20900, -69.61969, 160.84152,  95.02253, -72.52319, 160.85423,  90.56719, -69.38138, 159.00280,  87.27656, -67.65182, 156.84679,  85.82141, -67.55294, 160.52516,  95.58591, -71.85094, 160.29951,  92.07586, -68.44076, 158.50614,  89.56689, -66.54707, 156.40878,  88.22904, -66.20598, 160.05119,  96.39737, -71.18711, 159.59541,  93.66817, -67.63504, 158.12294,  91.99582, -65.78208, 156.50397,  91.17928, -65.52761, 157.70193, 134.46780,-121.57950, 142.86823, 132.81367,-127.61565, 152.49082, 107.28613,-133.92046, 169.35848,  89.49495,-142.57817, 172.51500,  90.04036,-142.32231, 176.37842,  90.04516,-142.06474, 178.86232,  89.49806,-141.18892, 173.13182,  89.46048,-143.94151, 177.88458,  87.30559,-145.93318, 181.22264,  85.47861,-145.86174, 182.88078,  84.27935,-145.17667, 172.41421,  88.46819,-144.36225, 176.66180,  85.82919,-146.53361, 179.68815,  82.98808,-146.40417, 180.96112,  81.26063,-144.93072, 171.78872,  87.82721,-144.62169, 175.06093,  84.92385,-146.82708, 177.30420,  82.08423,-146.86526, 178.45062,  80.23884,-145.60615, 170.90448,  87.10557,-144.76711, 173.37314,  84.01668,-146.92069, 174.81146,  81.51300,-147.16810, 175.48182,  80.11584,-146.19284
   0.45001, 153.49878,  91.38406, -93.83543, 163.70217,  91.86849, -89.75425, 168.59502,  50.92850,-107.93558, 162.14178,  10.45989, -98.47393, 143.29538,  90.89963, -97.91662, 141.47635,  47.30274, -86.66557, 122.13216,  21.57452, -59.59647, 154.33548,  98.88989, -96.81820, 156.72205, 114.56582,-105.29463, 158.59051, 124.87183,-112.58247, 161.48042, 139.27321,-124.85392, 162.03248, 142.97161,-126.87371, 162.45576, 147.05699,-127.96593, 163.46951, 134.64515,-120.77046, 175.80960, 135.13448,-110.44125, 170.71804, 116.78579, -89.91318, 161.78625,  97.77342, -74.59154, 162.21236,  94.68872, -75.38503, 162.33067,  90.84441, -75.83184, 161.51389,  88.30715, -76.19419, 163.06713,  94.03285, -73.90932, 163.46766,  89.10325, -71.31363, 162.45394,  85.59156, -70.25247, 161.27554,  83.80929, -69.94940, 162.65576,  94.64725, -72.84635, 162.82446,  90.17131, -69.73851, 161.06355,  86.86271, -67.94972, 158.91896,  85.39924, -67.76379, 162.36814,  95.20503, -72.15675, 162.30771,  91.67173, -68.76370, 160.60963,  89.14389, -66.80827, 158.53414,  87.79633, -66.38222, 161.92187,  96.01039, -71.46679, 161.63539,  93.25615, -67.91637, 160.25330,  91.56632, -66.01039, 158.65011,  90.74234, -65.68888, 157.73987, 135.17316,-121.50013, 142.80394, 133.51295,-127.27697, 151.42971, 107.47969,-132.92195, 167.43722,  88.77275,-141.27718, 170.62242,  89.16840,-141.12056, 174.48706,  88.98933,-140.96285, 176.96428,  88.34711,-140.13397, 171.16572,  88.50838,-142.73539, 175.75140,  86.05901,-144.77772, 178.99699,  84.07159,-144.73292, 180.61269,  82.81340,-144.05217, 170.38929,  87.54032,-143.10505, 174.44205,  84.62716,-145.29815, 177.32847,  81.64465,-145.15442, 178.55537,  79.90290,-143.65888, 169.72639,  86.92343,-143.32733, 172.79147,  83.79374,-145.52073, 174.89153,  80.84639,-145.52436, 175.98046,  78.98650,-144.23588, 168.80433,  86.24241,-143.42640, 171.05947,  82.96904,-145.54131, 172.36654,  80.39051,-145.74418, 172.99427,  78.99288,-144.74162
   0.46668, 153.48288,  92.12661, -93.63200, 163.71656,  92.56419, -89.62197, 168.37020,  51.09894,-106.63844, 162.03143,  10.50787, -97.63507, 143.24920,  91.68903, -97.64204, 141.86727,  47.66420, -88.12947, 122.82746,  22.03730, -60.75023, 154.34296,  99.61794, -96.64442, 156.75541, 115.25311,-105.18853, 158.62022, 125.52533,-112.52486, 161.47188, 139.87009,-124.87133, 162.02043, 143.55925,-126.90890, 162.44633, 147.63950,-128.01916, 163.47417, 135.25063,-120.78460, 176.02996, 135.28962,-110.70687, 171.88458, 116.52624, -90.34143, 163.69638,  97.20908, -74.98563, 164.08193,  94.13117, -75.82489, 164.17784,  90.29068, -76.30843, 163.34401,  87.75599, -76.64932, 165.01090,  93.46380, -74.40006, 165.54391,  88.51350, -71.86837, 164.58610,  84.99274, -70.78554, 163.42493,  83.20742, -70.43732, 164.65417,  94.06932, -73.31253, 164.98170,  89.56838, -70.25388, 163.31473,  86.24438, -68.40465, 161.18260,  84.77826, -68.12157, 164.40199,  94.62132, -72.60466, 164.51510,  91.06054, -69.24181, 162.91926,  88.51596, -67.22301, 160.86837,  87.16383, -66.70271, 163.99136,  95.42080, -71.88631, 163.88662,  92.63765, -68.34844, 162.60373,  90.93163, -66.38831, 161.01912,  90.10417, -65.99221, 157.74131, 135.79576,-121.47535, 142.72165, 134.10669,-127.02214, 150.36415, 107.63030,-131.98129, 165.41733,  87.98401,-139.94526, 168.61998,  88.23765,-139.87275, 172.47528,  87.88633,-139.79808, 174.94025,  87.15465,-139.00771, 169.09391,  87.50888,-141.47986, 173.51393,  84.79642,-143.55471, 176.66670,  82.66455,-143.52663, 178.23993,  81.35311,-142.84689, 168.26593,  86.56748,-141.80366, 172.12917,  83.41211,-144.00368, 174.88075,  80.30576,-143.83985, 176.06348,  78.55187,-142.32308, 167.57072,  85.97564,-141.99289, 170.43780,  82.64926,-144.16445, 172.40208,  79.60991,-144.13098, 173.43671,  77.73862,-142.81458, 166.61676,  85.33506,-142.05125, 168.67036,  81.90445,-144.12177, 169.85453,  79.26416,-144.27996, 170.44254,  77.86763,-143.25209
   0.48334, 153.36606,  92.92522, -93.37437, 163.62635,  93.31227, -89.42763, 168.02399,  51.38106,-105.33419, 161.80068,  10.67812, -96.76583, 143.10577,  92.53818, -97.32110, 142.19936,  48.11338, -89.82448, 123.70895,  22.27963, -62.26369, 154.26049, 100.39415, -96.43207, 156.71649, 115.97143,-105.06901, 158.58381, 126.19956,-112.46605, 161.39593, 140.47468,-124.90198, 161.94257, 144.15161,-126.96204, 162.37480, 148.22443,-128.09689, 163.41172, 135.86613,-120.80956, 176.14875, 135.49720,-110.96873, 172.93160, 116.30093, -90.84031, 165.65847,  96.62549, -75.47872, 165.99103,  93.55530, -76.36747, 166.05576,  89.71933, -76.89043, 165.20167,  87.18772, -77.20287, 167.00447,  92.87524, -75.00769, 167.68799,  87.90242, -72.55762, 166.79612,  84.37196, -71.45035, 165.65745,  82.58344, -71.04836, 166.71465,  93.47091, -73.89512, 167.22524,  88.94266, -70.90256, 165.67212,  85.60197, -68.98553, 163.56047,  84.13312, -68.58677, 166.50614,  94.01650, -73.16831, 166.82157,  90.42561, -69.85068, 165.35008,  87.86279, -67.76170, 163.33396,  86.50580, -67.13007, 166.14021,  94.80943, -72.41922, 166.24915,  91.99454, -68.90666, 165.08683,  90.27082, -66.88771, 163.52882,  89.43965, -66.40363, 157.67583, 136.43164,-121.45747, 142.57583, 134.71889,-126.77409, 149.12254, 107.81638,-130.94487, 163.00923,  87.12725,-138.36915, 166.22103,  87.22913,-138.39096, 170.05609,  86.69581,-138.40784, 172.50529,  85.87249,-137.65972, 166.61439,  86.42714,-139.98489, 170.84123,  83.44040,-142.08541, 173.88968,  81.16171,-142.07042, 175.41805,  79.79883,-141.38954, 165.73416,  85.51663,-140.25471, 169.38068,  82.11040,-142.45054, 171.98649,  78.88248,-142.25657, 173.12786,  77.12355,-140.71415, 165.00678,  84.95306,-140.40533, 167.65138,  81.42481,-142.54034, 169.47056,  78.29736,-142.45776, 170.45285,  76.42189,-141.10763, 164.02245,  84.35744,-140.41665, 165.85277,  80.76743,-142.42543, 166.90636,  78.06964,-142.52680, 167.45687,  76.68028,-141.46888
   0.50001, 153.19112,  93.69572, -93.15329, 163.46799,  94.03948, -89.24590, 167.57980,  51.66300,-104.00770, 161.44659,  10.87694, -95.77626, 142.91424,  93.35196, -97.06068, 142.59663,  48.57459, -92.01383, 124.71773,  22.30399, -64.46250, 154.12346, 101.13959, -96.26035, 156.63158, 116.65598,-104.99141, 158.50725, 126.84081,-112.44586, 161.28716, 141.05105,-124.96307, 161.83352, 144.71514,-127.04597, 162.27376, 148.77915,-128.20894, 163.31380, 136.45217,-120.86514, 176.22589, 135.68370,-111.27882, 174.04562, 115.98194, -91.50290, 167.65741,  95.97545, -76.17544, 167.93845,  92.91232, -77.10540, 167.97254,  89.08054, -77.66100, 167.10151,  86.55130, -77.94440, 169.02686,  92.22188, -75.81034, 169.84629,  87.23027, -73.44151, 169.01743,  83.69115, -72.31314, 167.90280,  81.89936, -71.86143, 168.80047,  92.80883, -74.67858, 169.47800,  88.25753, -71.75493, 168.03470,  84.90176, -69.77931, 165.94854,  83.42948, -69.27340, 168.63347,  93.34871, -73.93694, 169.13475,  89.73218, -70.67043, 167.78286,  87.15292, -68.52170, 165.80526,  85.79071, -67.78783, 168.31063,  94.13572, -73.16223, 168.61695,  91.29362, -69.68343, 167.57001,  89.55403, -67.61554, 166.04160,  88.71885, -67.05076, 157.57573, 137.03766,-121.47481, 142.38927, 135.30427,-126.53218, 147.65343, 107.99226,-129.74822, 160.42155,  86.40165,-136.59078, 163.63125,  86.32046,-136.72410, 167.42792,  85.57045,-136.84721, 169.85300,  84.63962,-136.14816, 163.92258,  85.43568,-138.29598, 167.90026,  82.13429,-140.41208, 170.81669,  79.68888,-140.40536, 172.29072,  78.26931,-139.72052, 162.98431,  84.56664,-138.49858, 166.35633,  80.87591,-140.67323, 168.78502,  77.51560,-140.43399, 169.88171,  75.75658,-138.85960, 162.22198,  84.03972,-138.60153, 164.58969,  80.28641,-140.67694, 166.23502,  77.06655,-140.52676, 167.15968,  75.19274,-139.13430, 161.20646,  83.50084,-138.55545, 162.76273,  79.73699,-140.47506, 163.66132,  76.98194,-140.50065, 164.17158,  75.60612,-139.40552
   0.51668, 152.98035,  94.46846, -93.01141, 163.26914,  94.77716, -89.13256, 167.05687,  51.94788,-102.61922, 160.94426,  11.12171, -94.57337, 142.69156,  94.15976, -96.89026, 142.94739,  49.18098, -94.16500, 125.84541,  22.11817, -66.88861, 153.95181, 101.88208, -96.17826, 156.51612, 117.32710,-105.01884, 158.40440, 127.46290,-112.53667, 161.16209, 141.60235,-125.13868, 161.70877, 145.25318,-127.24464, 162.15587, 149.30850,-128.43499, 163.19616, 137.01160,-121.03531, 176.24498, 135.96666,-111.66267, 175.28354, 115.67441, -92.39353, 169.89043,  95.31674, -77.14624, 170.13150,  92.26236, -78.11535, 170.15057,  88.43525, -78.70293, 169.27580,  85.90417, -78.95692, 171.29458,  91.56701, -76.88969, 172.26862,  86.56099, -74.61151, 171.52038,  83.00924, -73.46661, 170.44092,  81.20867, -72.96693, 171.13022,  92.14400, -75.74221, 171.99215,  87.57326, -72.89853, 170.67774,  84.19529, -70.87144, 168.63001,  82.70917, -70.26001, 171.00322,  92.67726, -74.98796, 171.70459,  89.03773, -71.78444, 170.48791,  86.43533, -69.58344, 168.56102,  85.05800, -68.74968, 170.72145,  93.45665, -74.18987, 171.23687,  90.58892, -70.75710, 170.31643,  88.82824, -68.64731, 168.82614,  87.98138, -68.00356, 157.45670, 137.62373,-121.60446, 142.19410, 135.88741,-126.42610, 146.27989, 108.28381,-128.73856, 157.83026,  85.82648,-134.92382, 161.02485,  85.57094,-135.16013, 164.77118,  84.61736,-135.37943, 167.16816,  83.58660,-134.72511, 161.21480,  84.61371,-136.70484, 164.94035,  81.02986,-138.82033, 167.72539,  78.43580,-138.81424, 169.14750,  76.96702,-138.12340, 160.22648,  83.78846,-136.84197, 163.32544,  79.84587,-138.98057, 165.58473,  76.37331,-138.69018, 166.64401,  74.61906,-137.08514, 159.43487,  83.29905,-136.89883, 161.53174,  79.35078,-138.90259, 163.01330,  76.05641,-138.68070, 163.88858,  74.18988,-137.24714, 158.39519,  82.81667,-136.79801, 159.68713,  78.90658,-138.61887, 160.44117,  76.10889,-138.56603, 160.91806,  74.75006,-137.43523
   0.53334, 152.78542,  95.17433, -92.93144, 163.08907,  95.45799, -89.09032, 166.55443,  52.26357,-101.45226, 160.27691,  11.47935, -93.32112, 142.48176,  94.89068, -96.77256, 143.40411,  49.83961, -96.40568, 127.22794,  21.64778, -69.71434, 153.79048, 102.55141, -96.17226, 156.39857, 117.90938,-105.15064, 158.29117, 127.98397,-112.74921, 161.01674, 142.03359,-125.45822, 161.56165, 145.67001,-127.58943, 162.01357, 149.71729,-128.80506, 163.06118, 137.45529,-121.34611, 176.23096, 136.19283,-112.17151, 176.39903, 115.37629, -93.44604, 172.21719,  94.60603, -78.37592, 172.43444,  91.56539, -79.39269, 172.46285,  87.74527, -80.02381, 171.60432,  85.20621, -80.25225, 173.67910,  90.87178, -78.24891, 174.85137,  85.85453, -76.09205, 174.21757,  82.28168, -74.94373, 173.19251,  80.46246, -74.39908, 173.57895,  91.43444, -77.08701, 174.66902,  86.84500, -74.35390, 173.52248,  83.42941, -72.28832, 171.53422,  81.91120, -71.56898, 173.49235,  91.95802, -76.32035, 174.43328,  88.29382, -73.20765, 173.38576,  85.65308, -70.96569, 171.53051,  84.24281, -70.03065, 173.25106,  92.72528, -75.49762, 174.01135,  89.82800, -72.13590, 173.24382,  88.03357, -69.99363, 171.80626,  87.16122, -69.26907, 157.32045, 138.09697,-121.86790, 141.98726, 136.35191,-126.45680, 144.87853, 108.53798,-127.88000, 154.98223,  85.19060,-133.24797, 158.14682,  84.74665,-133.58686, 161.82420,  83.57582,-133.90057, 164.18378,  82.43697,-133.29107, 158.22574,  83.72271,-135.09809, 161.66663,  79.85737,-137.20010, 164.30316,  77.11251,-137.18956, 165.66733,  75.59298,-136.49170, 157.18911,  82.94990,-135.16727, 159.98421,  78.76111,-137.25593, 162.05855,  75.18012,-136.90799, 163.07935,  73.43068,-135.27305, 156.37022,  82.50410,-135.17659, 158.17021,  78.37121,-137.09491, 159.47577,  75.00926,-136.79494, 160.30035,  73.15171,-135.32025, 155.31012,  82.08524,-135.01996, 156.31593,  78.04270,-136.72867, 156.91653,  75.21094,-136.59147, 157.36015,  73.87096,-135.42519
   0.55001, 152.61290,  95.78964, -92.93182, 162.93158,  96.06462, -89.13061, 166.04833,  52.55440,-100.43242, 159.50107,  11.87378, -92.00058, 142.29422,  95.51465, -96.73302, 143.98820,  50.54049, -98.97790, 128.63871,  21.16818, -73.08319, 153.63731, 103.13235, -96.24384, 156.26438, 118.40793,-105.35623, 158.15054, 128.42369,-113.03376, 160.83956, 142.38617,-125.84618, 161.38274, 146.00877,-128.00122, 161.84051, 150.04840,-129.23992, 162.89553, 137.82188,-121.72426, 176.19553, 136.32345,-112.77582, 177.52565, 115.02244, -94.65132, 174.50283,  93.88055, -79.82286, 174.71858,  90.85646, -80.88818, 174.77946,  87.04517, -81.56842, 173.95390,  84.49407, -81.78386, 176.03339,  90.17173, -79.82003, 177.40353,  85.15111, -77.79146, 176.89249,  81.55423, -76.65704, 175.92891,  79.71071, -76.08264, 175.98479,  90.71878, -78.64742, 177.29579,  86.11760, -76.03369, 176.31832,  82.65799, -73.95450, 174.39703,  81.09617, -73.15141, 175.92963,  91.23165, -77.87069, 177.09576,  87.54837, -74.85835, 176.21310,  84.86312, -72.59837, 174.43409,  83.40904, -71.58549, 175.71876,  91.98473, -77.02677, 176.70443,  89.06204, -73.74657, 176.08155,  87.22906, -71.59003, 174.69928,  86.32272, -70.80235, 157.15387, 138.48835,-122.20300, 141.74769, 136.72019,-126.53118, 143.31733, 108.76805,-126.99386, 152.06669,  84.71583,-131.56980, 155.17869,  84.05147,-132.01773, 158.75656,  82.62973,-132.42989, 161.06275,  81.36399,-131.86818, 155.12622,  82.96399,-133.48508, 158.21829,  78.79865,-135.55586, 160.67186,  75.88916,-135.53366, 161.96512,  74.31288,-134.82669, 154.04027,  82.25880,-133.47839, 156.46838,  77.81395,-135.49550, 158.32265,  74.12150,-135.07734, 159.29958,  72.37665,-133.41099, 153.19492,  81.86776,-133.43501, 154.64187,  77.55097,-135.24397, 155.74158,  74.12547,-134.85187, 156.50902,  72.27923,-133.33281, 152.11802,  81.52618,-133.21730, 152.78806,  77.36019,-134.78860, 153.21175,  74.50300,-134.55327, 153.61904,  73.18528,-133.34899
   0.56668, 152.49841,  96.22530, -93.00095, 162.83310,  96.50821, -89.24406, 165.63870,  52.72091, -99.50976, 158.54480,  12.28664, -90.36526, 142.16372,  95.94238, -96.75783, 144.59267,  51.17337,-101.27668, 130.05601,  20.48117, -76.46640, 153.52825, 103.53464, -96.38433, 156.14559, 118.72720,-105.63723, 158.00583, 128.68034,-113.40203, 160.62916, 142.54497,-126.33377, 161.16633, 146.15384,-128.51321, 161.62785, 150.18710,-129.77109, 162.70593, 138.00321,-122.19741, 176.11915, 136.30608,-113.45583, 178.76960, 114.52585, -96.06051, 177.00122,  92.99930, -81.58708, 177.24445,  90.00183, -82.71959, 177.37232,  86.20645, -83.47531, 176.60449,  83.63819, -83.70014, 178.62685,  89.33391, -81.72897, 180.22463,  84.31661, -79.86541, 179.86352,  80.68736, -78.77739, 178.97752,  78.80835, -78.19319, 178.62067,  89.85824, -80.54505, 180.17667,  85.24803, -78.08620, 179.39191,  81.72633, -76.02971, 177.55329,  80.09879, -75.16588, 178.58968,  90.35538, -79.75683, 179.99623,  86.65147, -76.87527, 179.29456,  83.90304, -74.62784, 177.60534,  82.38327, -73.55923, 178.40017,  91.08715, -78.88943, 179.61954,  88.13372, -75.71707, 179.14990,  86.24602, -73.56895, 177.83156,  85.28850, -72.73366, 156.96249, 138.68392,-122.63270, 141.49547, 136.88945,-126.72672, 141.90988, 108.89457,-126.38734, 149.23416,  84.22945,-130.12726, 152.28159,  83.36310,-130.66498, 155.75038,  81.71428,-131.15617, 157.99797,  80.33175,-130.63362, 152.10765,  82.23049,-132.08816, 154.86496,  77.81652,-134.11626, 157.14138,  74.76661,-134.07712, 158.36592,  73.14055,-133.36059, 150.98303,  81.59287,-132.01527, 153.06364,  76.94207,-133.95492, 154.71150,  73.16105,-133.46925, 155.64805,  71.41926,-131.77672, 150.11841,  81.25538,-131.92625, 151.23602,  76.79884,-133.62651, 152.14596,  73.32883,-133.14887, 152.86180,  71.49343,-131.59195, 149.03255,  80.98727,-131.65641, 149.39340,  76.73636,-133.09621, 149.65646,  73.86869,-132.77117, 150.03197,  72.57136,-131.53485
   0.58335, 152.43980,  96.47976, -93.12341, 162.78703,  96.77468, -89.40212, 165.33965,  52.79486, -98.88071, 157.34059,  12.81998, -88.54152, 142.09258,  96.18484, -96.84469, 145.26319,  51.74532,-103.60192, 131.65886,  19.57063, -80.17998, 153.47859, 103.74972, -96.58795, 156.08497, 118.84660,-105.99917, 157.90785, 128.72912,-113.86241, 160.42796, 142.48320,-126.93199, 160.95344, 146.07771,-129.13787, 161.41597, 150.10526,-130.41357, 162.53743, 137.97171,-122.77909, 176.07429, 136.10605,-114.26542, 179.91331, 113.96845, -97.55648, 179.62039,  92.02898, -83.60750, 179.90709,  89.07370, -84.83658, 180.12543,  85.30703, -85.70658, 179.43530,  82.72002, -85.96585, 181.36095,  88.42901, -83.93705, 183.22375,  83.42345, -82.30200, 183.04381,  79.75564, -81.30180, 182.25403,  77.83119, -80.72760, 181.39811,  88.92070, -82.73976, 183.23611,  84.30429, -80.49662, 182.67977,  80.70273, -78.50498, 180.94509,  78.98800, -77.59603, 181.39098,  89.39500, -81.93702, 183.07068,  85.66727, -79.23826, 182.58071,  82.83602, -77.03801, 181.00204,  81.22876, -75.92911, 181.22169,  90.09591, -81.04045, 182.70395,  87.10340, -78.02030, 182.41098,  85.14297, -75.90624, 181.17117,  84.11691, -75.03294, 156.79115, 138.65888,-123.16394, 141.26144, 136.84711,-127.00521, 140.54063, 108.87528,-125.97686, 146.22093,  83.65258,-128.72451, 149.18640,  82.58117,-129.34468, 152.52618,  80.70446,-129.90701, 154.70391,  79.20207,-129.42080, 148.88806,  81.41642,-130.72050, 151.28927,  76.77630,-132.69596, 153.37506,  73.59329,-132.63606, 154.52516,  71.91797,-131.90976, 147.73033,  80.85281,-130.58398, 149.44563,  76.02144,-132.43783, 150.87736,  72.16265,-131.88343, 151.77139,  70.42121,-130.16772, 146.85087,  80.57288,-130.45136, 147.62694,  76.00301,-132.03711, 148.34137,  72.50018,-131.47410, 149.00423,  70.67475,-129.88239, 145.76207,  80.38178,-130.13234, 145.80612,  76.07255,-131.43699, 145.90616,  73.20600,-131.02317, 146.24989,  71.92821,-129.75760
   0.60001, 152.41147,  96.53583, -93.26450, 162.76569,  96.84187, -89.56362, 165.02248,  52.73057, -98.49023, 155.94922,  13.37556, -86.75419, 142.05725,  96.22979, -96.96537, 146.05233,  52.31924,-106.26520, 133.31346,  18.85520, -84.20270, 153.46085, 103.77065, -96.79870, 156.05789, 118.78363,-106.34574, 157.84063, 128.60499,-114.29435, 160.24323, 142.26223,-127.48704, 160.75392, 145.84459,-129.71603, 161.21455, 149.86769,-131.00637, 162.38993, 137.78148,-123.31996, 176.07986, 135.74413,-115.09531, 181.12439, 113.31482, -99.11161, 182.19526,  91.04041, -85.74358, 182.52769,  88.13580, -87.07746, 182.83531,  84.40735, -88.07570, 182.22273,  81.80664, -88.38735, 184.04092,  87.51588, -86.26239, 186.14314,  82.53195, -84.86950, 186.13230,  78.83139, -83.97992, 185.43450,  76.86367, -83.43389, 184.11418,  87.97199, -85.05275, 186.20525,  83.35745, -83.03917, 185.86012,  79.67965, -81.14125, 184.22654,  77.87787, -80.21356, 184.12637,  88.42114, -84.23573, 186.04931,  84.67488, -81.73203, 185.75347,  81.76257, -79.60410, 184.28084,  80.06759, -78.48005, 183.97311,  89.08809, -83.31081, 185.68811,  86.05951, -80.45425, 185.55556,  84.02665, -78.39310, 184.39111,  82.93136, -77.50037, 156.64041, 138.46586,-123.65855, 141.03874, 136.64498,-127.19159, 139.06225, 108.76791,-125.47046, 143.25083,  83.17263,-127.29738, 146.10514,  81.87183,-127.99548, 149.27865,  79.74349,-128.62111, 151.36462,  78.10680,-128.16717, 145.66803,  80.68540,-129.31450, 147.65293,  75.82139,-131.21203, 149.51166,  72.50146,-131.11826, 150.57153,  70.77388,-130.37723, 144.48055,  80.21083,-129.11126, 145.77362,  75.20927,-130.85296, 146.95418,  71.27913,-130.21445, 147.79615,  69.53745,-128.47283, 143.59008,  79.99906,-128.93345, 143.97672,  75.33432,-130.37962, 144.46764,  71.81053,-129.71699, 145.06809,  69.99744,-128.08688, 142.50508,  79.89710,-128.56444, 142.19230,  75.55399,-129.71031, 142.10906,  72.70329,-129.19558, 142.41592,  71.44785,-127.89855
   0.61668, 152.38817,  96.37739, -93.42993, 162.74263,  96.68497, -89.72986, 164.72081,  52.46570, -98.17537, 154.37591,  13.94942, -84.82043, 142.03371,  96.06980, -97.13000, 146.77978,  52.77736,-108.69819, 134.89936,  18.11604, -88.05059, 153.45911, 103.57871, -97.02554, 156.06229, 118.51614,-106.68873, 157.80512, 128.28585,-114.70951, 160.06845, 141.86211,-128.00996, 160.55950, 145.43514,-130.25826, 161.01358, 149.45560,-131.55910, 162.25928, 137.41134,-123.83373, 176.09656, 135.24329,-115.89401, 182.50750, 112.55375,-100.79155, 184.99477,  89.97998, -88.13302, 185.36592,  87.14184, -89.59377, 185.75506,  83.46735, -90.75096, 185.21768,  80.86024, -91.13861, 186.93389,  86.54556, -88.86959, 189.26326,  81.59014, -87.76646, 189.41712,  77.86038, -87.02427, 188.81120,  75.84977, -86.52701, 187.04517,  86.95766, -87.64712, 189.37841,  82.34712, -85.90927, 189.24239,  78.58986, -84.14521, 187.71343,  76.69718, -83.22019, 187.07834,  87.37556, -86.81426, 189.23601,  83.60752, -84.54557, 189.13348,  80.60771, -82.52373, 187.77031,  78.81993, -81.40538, 186.94371,  88.00098, -85.85796, 188.88510,  84.92883, -83.19969, 188.91287,  82.81563, -81.21676, 187.82686,  81.64649, -80.31886, 156.50590, 138.08485,-124.12531, 140.84062, 136.26272,-127.36398, 137.75953, 108.52359,-125.11728, 140.44063,  82.67858,-126.03785, 143.17974,  81.17711,-126.79246, 146.18725,  78.83162,-127.46023, 148.18007,  77.07731,-127.02762, 142.62115,  79.98445,-128.05897, 144.22396,  74.95072,-129.87325, 145.87037,  71.52180,-129.74124, 146.84435,  69.75114,-128.98420, 141.41400,  79.59341,-127.80107, 142.32367,  74.47152,-129.43197, 143.27453,  70.49309,-128.71409, 144.06619,  68.75078,-126.94965, 140.51884,  79.44466,-127.58671, 140.55647,  74.72559,-128.90187, 140.84619,  71.19766,-128.14888, 141.38844,  69.39654,-126.48545, 139.44349,  79.42339,-127.17809, 138.81476,  75.07878,-128.17933, 138.56926,  72.25511,-127.57515, 138.84216,  71.01976,-126.25151
   0.63335, 152.35489,  96.00603, -93.61168, 162.70501,  96.31032, -89.89923, 164.44097,  52.01637, -97.99957, 152.59833,  14.65679, -82.73886, 142.00476,  95.70173, -97.32413, 147.53228,  53.18634,-111.19755, 136.62942,  17.31994, -92.12913, 153.45530, 103.17276, -97.26700, 156.07390, 118.03627,-107.03938, 157.77402, 127.75874,-115.12645, 159.87507, 141.26214,-128.52733, 160.34077, 144.82842,-130.79168, 160.78215, 148.84871,-132.09741, 162.11726, 136.84248,-124.34532, 176.11922, 134.58768,-116.72488, 183.75278, 111.72331,-102.47884, 187.84532,  88.88455, -90.74674, 188.23925,  86.13443, -92.36173, 188.69621,  82.53582, -93.71582, 188.23110,  79.93158, -94.20337, 189.86269,  85.56388, -91.74738, 192.41852,  80.65279, -91.00708, 192.74139,  76.90057, -90.45737, 192.23300,  74.84742, -90.02949, 190.02289,  85.92172, -90.51332, 192.60349,  81.32509, -89.12313, 192.69117,  77.48632, -87.54086, 191.27967,  75.49608, -86.63410, 190.08465,  86.30081, -89.66369, 192.48813,  82.51350, -87.69383, 192.59609,  79.41991, -85.81895, 191.35642,  77.53148, -84.72252, 189.97811,  86.87491, -88.67231, 192.16159,  83.75575, -86.26884, 192.36651,  81.55387, -84.39584, 191.37030,  80.30375, -83.50290, 156.35951, 137.49792,-124.58760, 140.63447, 135.66679,-127.51677, 136.46075, 108.10797,-124.85385, 137.64506,  82.13496,-124.86892, 140.25614,  80.43938,-125.66507, 143.08322,  77.88648,-126.35980, 144.97145,  76.01705,-125.94038, 139.58169,  79.25455,-126.88154, 140.79772,  74.08318,-128.60702, 142.22279,  70.55837,-128.43237, 143.10410,  68.74730,-127.65760, 138.36065,  78.94977,-126.57690, 138.88549,  73.74032,-128.09586, 139.60002,  69.72740,-127.30002, 140.33340,  67.98163,-125.51394, 137.46504,  78.86521,-126.33170, 137.15616,  74.12245,-127.51973, 137.24144,  70.60301,-126.68101, 137.71904,  68.81234,-124.98675, 136.40413,  78.92445,-125.89041, 135.46476,  74.60659,-126.75476, 135.05694,  71.82094,-126.06756, 135.29156,  70.60379,-124.71995
   0.65001, 152.31635,  95.43661, -93.82032, 162.65853,  95.73683, -90.08548, 164.00354,  51.33072, -97.62683, 150.66880,  15.22327, -80.67654, 141.97416,  95.13639, -97.55516, 148.41191,  53.66989,-113.97675, 138.38467,  16.85311, -96.28906, 153.44584, 102.57506, -97.52182, 156.08251, 117.38401,-107.37186, 157.74593, 127.07676,-115.50214, 159.70014, 140.53789,-128.96759, 160.14112, 144.10224,-131.23992, 160.56737, 148.12501,-132.54304, 161.98881, 136.14183,-124.78589, 176.17951, 133.81321,-117.54631, 185.06271, 110.80560,-104.28966, 190.57792,  87.80337, -93.49708, 190.97086,  85.14292, -95.25610, 191.46352,  81.62533, -96.79760, 191.04941,  79.03295, -97.38429, 192.63778,  84.59497, -94.74653, 195.36497,  79.73583, -94.35893, 195.82058,  75.97412, -94.00172, 195.39208,  73.88903, -93.64711, 192.84750,  84.90103, -93.50598, 195.62207,  80.32706, -92.45635, 195.89547,  76.42476, -91.06182, 194.58677,  74.35304, -90.18381, 192.93968,  85.24278, -92.64336, 195.54257,  81.44512, -90.96902, 195.82927,  78.27418, -89.24853, 194.69845,  76.30075, -88.18460, 192.86515,  85.76765, -91.62221, 195.25050,  82.61066, -89.47349, 195.60859,  80.33315, -87.71762, 194.69283,  79.01378, -86.83829, 156.22711, 136.77569,-124.98842, 140.44420, 134.91632,-127.56772, 135.08503, 107.60332,-124.52155, 134.78575,  81.61745,-123.71864, 137.24068,  79.71681,-124.54775, 139.85200,  76.94796,-125.25972, 141.61202,  74.95570,-124.84824, 136.44416,  78.55610,-125.71257, 137.22720,  73.27017,-127.33886, 138.39782,  69.65557,-127.11534, 139.16948,  67.80365,-126.32041, 135.21444,  78.34887,-125.36404, 135.31220,  73.08048,-126.76246, 135.75867,  69.04597,-125.88450, 136.41945,  67.29394,-124.07636, 134.32322,  78.33597,-125.09025, 133.63411,  73.60178,-126.14535, 133.49043,  70.10639,-125.21865, 133.89009,  68.32615,-123.49350, 133.28381,  78.48318,-124.61935, 132.00719,  74.22648,-125.34332, 131.42035,  71.49523,-124.57239, 131.60845,  70.29640,-123.20126
   0.66668, 152.42639,  93.97055, -94.30793, 162.75772,  94.28198, -90.54407, 163.60720,  49.70451, -97.07944, 148.88207,  14.82270, -78.76810, 142.09506,  93.65912, -98.07179, 149.37496,  53.27458,-116.69103, 140.22884,  15.65132,-100.26806, 153.56914, 101.09408, -98.03404, 156.20022, 115.87859,-107.92221, 157.82066, 125.56160,-116.07274, 159.63643, 139.00828,-129.57198, 160.05298, 142.57477,-131.84556, 160.46260, 146.60199,-133.14023, 161.96906, 134.63069,-125.39519, 176.32737, 132.25936,-118.50856, 186.63724, 109.13507,-106.55139, 193.54452,  86.04295, -96.80236, 193.90809,  83.47900, -98.70512, 194.40340,  80.05163,-100.43723, 194.02158,  77.47939,-101.12562, 195.61234,  82.95242, -98.30922, 198.47274,  78.15481, -98.29686, 199.03729,  74.39399, -98.14480, 198.67859,  72.28394, -97.86914, 195.87988,  83.20565, -97.06788, 198.81567,  78.66314, -96.38390, 199.25651,  74.70861, -95.19445, 198.04644,  72.56403, -94.35059, 196.00922,  83.50906, -96.19575, 198.78789,  79.70798, -94.84244, 199.24159,  76.46888, -93.29339, 198.21654,  74.41849, -92.26854, 195.97611,  83.98349, -95.14808, 198.54719,  80.79419, -93.27956, 199.05245,  78.44747, -91.65597, 198.21656,  77.06455, -90.79494, 156.20334, 135.23636,-125.56742, 140.37690, 133.33940,-127.83356, 134.00510, 106.27599,-124.52121, 132.24974,  80.37931,-123.01089, 134.55709,  78.30874,-123.85671, 136.96696,  75.36379,-124.57240, 138.60334,  73.26869,-124.16142, 133.66085,  77.18217,-124.98192, 134.06312,  71.82888,-126.52451, 135.00227,  68.15021,-126.25802, 135.67043,  66.26617,-125.44507, 132.42855,  77.06154,-124.60307, 132.15348,  71.77433,-125.90343, 132.35792,  67.73527,-124.95921, 132.94498,  65.97579,-123.13295, 131.54483,  77.11145,-124.30993, 130.52710,  72.41444,-125.26022, 130.17877,  68.95253,-124.26472, 130.50160,  67.18046,-122.51525, 130.52811,  77.33420,-123.81956, 128.96267,  73.15762,-124.43522, 128.21811,  70.48424,-123.60031, 128.35943,  69.29984,-122.21114
   0.68335, 152.74802,  92.24073, -95.17180, 163.06315,  92.58187, -91.36632, 163.42237,  47.83131, -96.64286, 147.13459,  14.38753, -77.01897, 142.43288,  91.89959, -98.97728, 150.58397,  52.68267,-119.62132, 142.46227,  14.28494,-104.50418, 153.89005,  99.36033, -98.90563, 156.49118, 114.14582,-108.80026, 158.05611, 123.83635,-116.95269, 159.72204, 137.29174,-130.46257, 160.11137, 140.86400,-132.73190, 160.50151, 144.89759,-134.01271, 162.10228, 132.92942,-126.29669, 176.61760, 130.58583,-119.73749, 188.19557, 107.41366,-109.10729, 196.60558,  84.31904,-100.62731, 196.90952,  81.86414,-102.67856, 197.37649,  78.54230,-104.61239, 197.01390,  75.99817,-105.40740, 198.64762,  81.36514,-102.41685, 201.61780,  76.65271,-102.82930, 202.28129,  72.90578,-102.90658, 201.99172,  70.77561,-102.71830, 198.98710,  81.56329,-101.18311, 202.06891,  77.07407,-100.91765, 202.67939,  73.07860, -99.96323, 201.57723,  70.86236, -99.15754, 199.16410,  81.82620,-100.30621, 202.11371,  78.03951, -99.32565, 202.74255,  74.74070, -97.97674, 201.83420,  72.61452, -96.99727, 199.18602,  82.24666, -99.23545, 201.94643,  79.03938, -97.69695, 202.60994,  76.62919, -96.23095, 201.86385,  75.18273, -95.39211, 156.33214, 133.49928,-126.44066, 140.47126, 131.54694,-128.39791, 133.16667, 104.73947,-124.93340, 129.83827,  79.05011,-122.70213, 131.99555,  76.82549,-123.55285, 134.20071,  73.72325,-124.26405, 135.70452,  71.53182,-123.84898, 131.01300,  75.74625,-124.65211, 131.04839,  70.36085,-126.13375, 131.75259,  66.63256,-125.83437, 132.30950,  64.71878,-125.00717, 129.78094,  75.70969,-124.25550, 129.14809,  70.43669,-125.48679, 129.10550,  66.40393,-124.49560, 129.60370,  64.63129,-122.65573, 128.90645,  75.81985,-123.95130, 127.57545,  71.18768,-124.83002, 127.01912,  67.76707,-123.78737, 127.25179,  65.99802,-122.02061, 127.91314,  76.11331,-123.45029, 126.07379,  72.03960,-123.99358, 125.17057,  69.42955,-123.11597, 125.25487,  68.25449,-121.71429
   0.70001, 153.29857,  90.32885, -96.47685, 163.59560,  90.71207, -92.62663, 163.30501,  45.78522, -96.10195, 145.53884,  13.79160, -75.37403, 143.00153,  89.94563,-100.32707, 152.14302,  52.08681,-122.99262, 144.95399,  13.11720,-108.90138, 154.42609,  97.45550,-100.20163, 156.97906, 112.26564,-110.07191, 158.48769, 121.97881,-118.20800, 160.02463, 135.46452,-131.70292, 160.38836, 139.04584,-133.96221, 160.75723, 143.08748,-135.22379, 162.44591, 131.11092,-127.55159, 177.12307, 128.84378,-121.33459, 189.92091, 105.67739,-112.19493, 199.59912,  82.66592,-104.92825, 199.82716,  80.30619,-107.09763, 200.24157,  77.07910,-109.19681, 199.88107,  74.56320,-110.07794, 201.58704,  79.83452,-106.96031, 204.61720,  75.20906,-107.74923, 205.34666,  71.48394,-108.02666, 205.10978,  69.34197,-107.91357, 201.99567,  79.98819,-105.74128, 205.17340,  75.55976,-105.85105, 205.91630,  71.54204,-105.10711, 204.90691,  69.27062,-104.33418, 202.21960,  80.21796,-104.86580, 205.29458,  76.45847,-104.22434, 206.06598,  73.12054,-103.05804, 205.25866,  70.93601,-102.11932, 202.29730,  80.59361,-103.78107, 205.20563,  77.38544,-102.54708, 206.00157,  74.93099,-101.22778, 205.33475,  73.43484,-100.40958, 156.67187, 131.64497,-127.67551, 140.77892, 129.64207,-129.29185, 132.50709, 103.13387,-125.70126, 127.83953,  77.71003,-122.90087, 129.82633,  75.33083,-123.74856, 131.80004,  72.07408,-124.44891, 133.14866,  69.78535,-124.02581, 128.76014,  74.31433,-124.82952, 128.40119,  68.92721,-126.26099, 128.84245,  65.16117,-125.93260, 129.26989,  63.22005,-125.09218, 127.53215,  74.36861,-124.42242, 126.51685,  69.14312,-125.59909, 126.19784,  65.13232,-124.56994, 126.58572,  63.34499,-122.71775, 126.67039,  74.54309,-124.11206, 125.00720,  70.00934,-124.93640, 124.21953,  66.64597,-123.85726, 124.34216,  64.88040,-122.07602, 125.70484,  74.91054,-123.60562, 123.57709,  70.97277,-124.09559, 122.49929,  68.44102,-123.18618, 122.51272,  67.27524,-121.77433
   0.71668, 154.12199,  88.28741, -98.29276, 164.39589,  88.72900, -94.38739, 163.26848,  43.69567, -95.53275, 144.08154,  13.16395, -73.88672, 143.84809,  87.84583,-102.19814, 153.79279,  51.19749,-126.45894, 147.50560,  11.77782,-113.21371, 155.21909,  95.43466,-101.98704, 157.69610, 110.30320,-111.78864, 159.13532, 120.06461,-119.87944, 160.53586, 133.61997,-133.31932, 160.87261, 137.21445,-135.56183, 161.21945, 141.26473,-136.80175, 163.00038, 129.26423,-129.19577, 177.80951, 127.10781,-123.25864, 191.79036, 104.01264,-115.83240, 202.66122,  81.16071,-109.86470, 202.79309,  78.88632,-112.13105, 203.13066,  75.74650,-114.37157, 202.75956,  73.25755,-115.32211, 204.56618,  78.44521,-112.12195, 207.62145,  73.91288,-113.27190, 208.39750,  70.21560,-113.73393, 208.20608,  68.06663,-113.68662, 205.04837,  78.56265,-110.92599, 208.29042,  74.20546,-111.40045, 209.14969,  70.17902,-110.85564, 208.23148,  67.86133,-110.10675, 205.32319,  78.76491,-110.05825, 208.49845,  75.04677,-109.75197, 209.40090,  71.68475,-108.76222, 208.69329,  69.45189,-107.85737, 205.46276,  79.10240,-108.96720, 208.49951,  75.91026,-108.03886, 209.42054,  73.42591,-106.86492, 208.83336,  71.88802,-106.06326, 157.22253, 129.76034,-129.29749, 141.30634, 127.72488,-130.61723, 132.24862, 101.48627,-126.94389, 126.19950,  76.43128,-123.52992, 128.03635,  73.93146,-124.36866, 129.80717,  70.55729,-125.05538, 131.01527,  68.19312,-124.62264, 126.90806,  72.97599,-125.44222, 126.21960,  67.61326,-126.84442, 126.43213,  63.82912,-126.49686, 126.74277,  61.87001,-125.64694, 125.68652,  73.10684,-125.03314, 124.35330,  67.94661,-126.18017, 123.79362,  63.96798,-125.12915, 124.07631,  62.17002,-123.26823, 124.83762,  73.33493,-124.72210, 122.90046,  68.90632,-125.51928, 121.91241,  65.60263,-124.42085, 121.93150,  63.84213,-122.63049, 123.89726,  73.76296,-124.21583, 121.53331,  69.95916,-124.68094, 120.30579,  67.50228,-123.75611, 120.25148,  66.34517,-122.33812
   0.73335, 155.21466,  86.18340,-100.63126, 165.45903,  86.69135, -96.65699, 163.55624,  41.68445, -95.49850, 142.97694,  12.72924, -72.98265, 144.97029,  85.67544,-104.60554, 155.52317,  50.11014,-130.18540, 150.15303,  10.26725,-117.83303, 156.27356,  93.36071,-104.27809, 158.65293, 108.31794,-113.96830, 160.00243, 118.15582,-121.98157, 161.22799, 131.82805,-135.31977, 161.53026, 135.44176,-137.53614, 161.84940, 139.50287,-138.74775, 163.74759, 127.45892,-131.24395, 178.67816, 125.47139,-125.55731, 193.54987, 102.49111,-119.66332, 205.65449,  79.90103,-115.28539, 205.66622,  77.71985,-117.64524, 205.90177,  74.67768,-120.02895, 205.51130,  72.21986,-121.05012, 207.44356,  77.31833,-117.78076, 210.49512,  72.90327,-119.32808, 211.30740,  69.24492,-119.99315, 211.16169,  67.09200,-120.01897, 208.00864,  77.39997,-116.61858, 211.29191,  73.13780,-117.49899, 212.26640,  69.11338,-117.17984, 211.44998,  66.74849,-116.46128, 208.34152,  77.57446,-115.76527, 211.60226,  73.91889,-115.83703, 212.63909,  70.54193,-115.05073, 212.04230,  68.26042,-114.18838, 208.55307,  77.87237,-114.67426, 211.71046,  74.71504,-114.09495, 212.76209,  72.20812,-113.09103, 212.26443,  70.62757,-112.31210, 157.96563, 127.91098,-131.31184, 142.03008, 125.86498,-132.35205, 132.27062,  99.89659,-128.55789, 125.01167,  75.25231,-124.56197, 126.71147,  72.65077,-125.38002, 128.29719,  69.18075,-126.04095, 129.37325,  66.75689,-125.59024, 125.53551,  71.75163,-126.45109, 124.55892,  66.42583,-127.82264, 124.56359,  62.63798,-127.45142, 124.76455,  60.67018,-126.58867, 124.32187,  71.95152,-126.04643, 122.71187,  66.86471,-127.16597, 121.93301,  62.92919,-126.09240, 122.11222,  61.13014,-124.21973, 123.48588,  72.22755,-125.73931, 121.31188,  67.90640,-126.51524, 120.14202,  64.66849,-125.39964, 120.06025,  62.92078,-123.59855, 122.56897,  72.70942,-125.23844, 120.00206,  69.03751,-125.68738, 118.63979,  66.65712,-124.75124, 118.51866,  65.51357,-123.32640
   0.75002, 156.41602,  84.81033,-103.28477, 166.63108,  85.37184, -99.24285, 163.88220,  40.53386, -95.69555, 142.09789,  13.10448, -72.41578, 146.20095,  84.24883,-107.32670, 157.30520,  49.76503,-134.12498, 152.62452,   9.61983,-122.49188, 157.44152,  92.01946,-106.87800, 159.72947, 107.07441,-116.43802, 160.99065, 116.99975,-124.35729, 162.03998, 130.81060,-137.56709, 162.30533, 134.44701,-139.75080, 162.59230, 138.52080,-140.92741, 164.61461, 126.41902,-133.55021, 179.67580, 124.65539,-128.14094, 195.18390, 101.78647,-123.61201, 208.27181,  79.50277,-120.75839, 208.16687,  77.40266,-123.18842, 208.29869,  74.44743,-125.68675, 207.88506,  72.01806,-126.76524, 209.93824,  77.04099,-123.45294, 212.95838,  72.74127,-125.34772, 213.78903,  69.12400,-126.19093, 213.67954,  66.97071,-126.28208, 210.57678,  77.09469,-122.32777, 213.86916,  72.92993,-123.56718, 214.93257,  68.91703,-123.45211, 214.20642,  66.51374,-122.76472, 210.96180,  77.24696,-121.49233, 214.27412,  73.66077,-121.90272, 215.41906,  70.28039,-121.30331, 214.92001,  67.95991,-120.48388, 211.23919,  77.51220,-120.40766, 214.48240,  74.39998,-120.14472, 215.64119,  71.88197,-119.29898, 215.22333,  70.26668,-118.54481, 158.82940, 126.83197,-133.57802, 142.87808, 124.77817,-134.31794, 132.41913,  99.11560,-130.31260, 124.21793,  74.85739,-125.80931, 125.77653,  72.15934,-126.59534, 127.17379,  68.60194,-127.21576, 128.11583,  66.12820,-126.73692, 124.55646,  71.31412,-127.66096, 123.29658,  66.03506,-128.98126, 123.09515,  62.25655,-128.57143, 123.18698,  60.28980,-127.68802, 123.35435,  71.58357,-127.26225, 121.47426,  66.58002,-128.33502, 120.48061,  62.70375,-127.22390, 120.55717,  60.91712,-125.33242, 122.53372,  71.90760,-126.96064, 120.13100,  67.70263,-127.69945, 118.78459,  64.54450,-126.55465, 118.60353,  62.82252,-124.73611, 121.64292,  72.44355,-126.46765, 118.88217,  68.91148,-126.88737, 117.39052,  66.61812,-125.93139, 117.20387,  65.49762,-124.49535
   0.76668, 157.53464,  83.76698,-105.87599, 167.72190,  84.36430,-101.76954, 164.05105,  39.88196, -95.57032, 141.34942,  13.73307, -71.70095, 147.34738,  83.16965,-109.98244, 158.80362,  49.48456,-137.63479, 154.47005,   9.19241,-126.38143, 158.53116,  91.01316,-109.40219, 160.72917, 106.18230,-118.80148, 161.89494, 116.21039,-126.60506, 162.74440, 130.18449,-139.65659, 162.96956, 133.84580,-141.80290, 163.22368, 137.93209,-142.94314, 165.38084, 125.76164,-135.71482, 180.55174, 124.21121,-130.55244, 196.48252, 101.40387,-127.38458, 210.38276,  79.46426,-126.18587, 210.15408,  77.46143,-128.68845, 210.17249,  74.61199,-131.31005, 209.73187,  72.21969,-132.45847, 211.91013,  77.14750,-129.08375, 214.87447,  72.99074,-131.34938, 215.71230,  69.42817,-132.39425, 215.63589,  67.27845,-132.56693, 212.62115,  77.16934,-128.00181, 215.89832,  73.12682,-129.62640, 217.03935,  69.13548,-129.74757, 216.40415,  66.69203,-129.11379, 213.05817,  77.29599,-127.18795, 216.40003,  73.79866,-127.96343, 217.64324,  70.42149,-127.58095, 217.24190,  68.06020,-126.82706, 213.40238,  77.52328,-126.11387, 216.71160,  74.47104,-126.19391, 217.96946,  71.94580,-125.53111, 217.63203,  70.29326,-124.81848, 159.59314, 126.13819,-135.68835, 143.63266, 124.08770,-136.20679, 132.64106,  98.69221,-131.93436, 123.67542,  74.80527,-126.93121, 125.12039,  72.03565,-127.68474, 126.36803,  68.41610,-128.26323, 127.20525,  65.91067,-127.75533, 123.86693,  71.23025,-128.74243, 122.38831,  65.99397,-130.00499, 122.02851,  62.23208,-129.55297, 122.03713,  60.27330,-128.64738, 122.67681,  71.55427,-128.34841, 120.58983,  66.62199,-129.36739, 119.43379,  62.80350,-128.21409, 119.43382,  61.03670,-126.30254, 121.87020,  71.91574,-128.05157, 119.29420,  67.80695,-128.74629, 117.81573,  64.72107,-127.56788, 117.56114,  63.02881,-125.73033, 121.00219,  72.49404,-127.56585, 118.09635,  69.07609,-127.94955, 116.50916,  66.85812,-126.96986, 116.27450,  65.76269,-125.52157
   0.78335, 158.56464,  83.23225,-108.46638, 168.72446,  83.84979,-104.29546, 164.26921,  39.82888, -95.75763, 140.82986,  14.76613, -71.44035, 148.40481,  82.61470,-112.63730, 160.02023,  49.43467,-140.82863, 155.87087,   9.03582,-129.89288, 159.53294,  90.52434,-111.90471, 161.63530, 105.83165,-121.09965, 162.69336, 115.98225,-128.75885, 163.31106, 130.14942,-141.61378, 163.49147, 133.83918,-143.71512, 163.71134, 137.93890,-144.81351, 166.01853, 125.68679,-137.76611, 181.28868, 124.36046,-132.83932, 197.36077, 101.53434,-130.68147, 211.90093,  79.99215,-131.40106, 211.51781,  78.13147,-133.99290, 211.38841,  75.43864,-136.77217, 210.90702,  73.10632,-138.02302, 213.24364,  77.88336,-134.53923, 216.10411,  73.93661,-137.26685, 216.92815,  70.46129,-138.58164, 216.88090,  68.32382,-138.87483, 214.03608,  77.86021,-133.51545, 217.25597,  73.99821,-135.62220, 218.46251,  70.04921,-136.06617, 217.92677,  67.55873,-135.53131, 214.53249,  77.95043,-132.73133, 217.87215,  74.58534,-133.96566, 219.20761,  71.22286,-133.87982, 218.91270,  68.81313,-133.23844, 214.95464,  78.12389,-131.67516, 218.30708,  75.16229,-132.18848, 219.66217,  72.63431,-131.77437, 219.41380,  70.93588,-131.13702, 160.22923, 126.02589,-137.67059, 144.26349, 123.97129,-137.95961, 132.90367,  98.79573,-133.36116, 123.23623,  75.30332,-127.82519, 124.58302,  72.47672,-128.54844, 125.70399,  68.80968,-129.08567, 126.45637,  66.28337,-128.54921, 123.29941,  71.70198,-129.59277, 121.63816,  66.50452,-130.78681, 121.15096,  62.76300,-130.28754, 121.09521,  60.81629,-129.35794, 122.12232,  72.07145,-129.19958, 119.86427,  67.20166,-130.15217, 118.58153,  63.43947,-128.94885, 118.52690,  61.69719,-127.01570, 121.32951,  72.46400,-128.90505, 118.61196,  68.43789,-129.54224, 117.03220,  65.41920,-128.32196, 116.72542,  63.75925,-126.46305, 120.48335,  73.07764,-128.42416, 117.46083,  69.75704,-128.75796, 115.80154,  67.60699,-127.74679, 115.53395,  66.53804,-126.28450
   0.80002, 159.49313,  82.59979,-111.11209, 169.63252,  83.21708,-106.89168, 164.49853,  39.78587, -96.03094, 140.66040,  15.37385, -71.44085, 149.35375,  81.98250,-115.33250, 161.10021,  49.10818,-143.82607, 156.95809,   8.66020,-133.07066, 160.44001,  89.93662,-114.46003, 162.46172, 105.37567,-123.45052, 163.42315, 115.64125,-130.96791, 163.82726, 129.98791,-143.63083, 163.96621, 133.70496,-145.68674, 164.15411, 137.81798,-146.74043, 166.59957, 125.48675,-139.87533, 181.96458, 124.42495,-135.18502, 197.99933, 101.51438,-133.77346, 212.87990,  80.33307,-136.20672, 212.34245,  78.63384,-138.88073, 212.05838,  76.12170,-141.81345, 211.52717,  73.86425,-143.17647, 214.02842,  78.45781,-139.56265, 216.75064,  74.75480,-142.73697, 217.53571,  71.38874,-144.33036, 217.50306,  69.27381,-144.75812, 214.89269,  78.38622,-138.60113, 218.01657,  74.73578,-141.17732, 219.25358,  70.84968,-141.96182, 218.79918,  68.31932,-141.55386, 215.44262,  78.43675,-137.84984, 218.74040,  75.22897,-139.53373, 220.13432,  71.89699,-139.76177, 219.92640,  69.44553,-139.25954, 215.93666,  78.55140,-136.81710, 219.29232,  75.70045,-137.75793, 220.71553,  73.18056,-137.60622, 220.54190,  71.44003,-137.06494, 160.81003, 125.79413,-139.71184, 144.84336, 123.72719,-139.76766, 133.24814,  98.72510,-134.82334, 123.09164,  75.55026,-128.84233, 124.33865,  72.67152,-129.53829, 125.33279,  68.96268,-130.03689, 126.00290,  66.41907,-129.47379, 123.02389,  71.92800,-130.56644, 121.18232,  66.77550,-131.68872, 120.57255,  63.05872,-131.14161, 120.45669,  61.12622,-130.18821, 121.86211,  72.34153,-130.17162, 119.43645,  67.53946,-131.05332, 118.03487,  63.83720,-129.79782, 117.93263,  62.12094,-127.84344, 121.08460,  72.76403,-129.87773, 118.22982,  68.82432,-130.45188, 116.55645,  65.87529,-129.18688, 116.20456,  64.24891,-127.30641, 120.26224,  73.41149,-129.39990, 117.12807,  70.19074,-129.67765, 115.40323,  68.10996,-128.63185, 115.10811,  67.06815,-127.15534
   0.81668, 160.26680,  82.42656,-113.64460, 170.39270,  83.02896,-109.38981, 164.56486,  40.38723, -96.03679, 140.63876,  16.18392, -71.32614, 150.14090,  81.82416,-117.89939, 161.98164,  48.99538,-146.40645, 157.66730,   8.62845,-135.41678, 161.19179,  89.81143,-116.89152, 163.13295, 105.38627,-125.66287, 163.99849, 115.76652,-133.03300, 164.19118, 130.28823,-145.49985, 164.29146, 134.03054,-147.51171, 164.45248, 138.15481,-148.52510, 167.02710, 125.74891,-141.83896, 182.46162, 124.93879,-137.33016, 198.33383, 101.88409,-136.58594, 213.26575,  80.97595,-140.57188, 212.53885,  79.48616,-143.32482, 212.05245,  77.21076,-146.41971, 211.43917,  75.06051,-147.91518, 214.16837,  79.39194,-144.14597, 216.67197,  75.99700,-147.80730, 217.36394,  72.78121,-149.72186, 217.31897,  70.70671,-150.31463, 215.10542,  79.25805,-143.26243, 218.05542,  75.87442,-146.35593, 219.26593,  72.08329,-147.54309, 218.86955,  69.52155,-147.30641, 215.71155,  79.25754,-142.55391, 218.89991,  76.24701,-144.73835, 220.30464,  72.96646,-145.33995, 220.16053,  70.47983,-145.02213, 216.28322,  79.29767,-141.55622, 219.58351,  76.58469,-142.97794, 221.03895,  74.08386,-143.13905, 220.92507,  72.30327,-142.72786, 161.23847, 126.02651,-141.60508, 145.27517, 123.93723,-141.47155, 133.62198,  99.01629,-136.26100, 123.14242,  76.08381,-129.91432, 124.31115,  73.16801,-130.59160, 125.20721,  69.43065,-131.06235, 125.81588,  66.87592,-130.48014, 122.97128,  72.44909,-131.60474, 120.99182,  67.33544,-132.66834, 120.29104,  63.64051,-132.08345, 120.13208,  61.72026,-131.11168, 121.82299,  72.89571,-131.20653, 119.27010,  68.14943,-132.02916, 117.78271,  64.49563,-130.73115, 117.64932,  62.80020,-128.76054, 121.05840,  73.34056,-130.91171, 118.10050,  69.47006,-131.43206, 116.36068,  66.57624,-130.12977, 115.97953,  64.97636,-128.23233, 120.25590,  74.01309,-130.43475, 117.03893,  70.87108,-130.66357, 115.26837,  68.84454,-129.58809, 114.95629,  67.82394,-128.10030
   0.83335, 160.85022,  82.55219,-115.96446, 170.96361,  83.15297,-111.67980, 164.60344,  41.30281, -96.23002, 141.05954,  17.01381, -71.23794, 150.73683,  81.95141,-120.24913, 162.55776,  48.89741,-148.50302, 158.10420,   8.66806,-137.07321, 161.73933,  89.98706,-119.10559, 163.57216, 105.70383,-127.64399, 164.32639, 116.20422,-134.85444, 164.29389, 130.91117,-147.10369, 164.35551, 134.67806,-149.07073, 164.49283, 138.81171,-150.04877, 167.19712, 126.33298,-143.54539, 182.67779, 125.79883,-139.15526, 198.26553, 102.54098,-138.84733, 213.02528,  81.85291,-144.33855, 212.05909,  80.61171,-147.14077, 211.30198,  78.62060,-150.37414, 210.55858,  76.60930,-151.99836, 213.61040,  80.60347,-148.10610, 215.78141,  77.56985,-152.26337, 216.30079,  74.54444,-154.51344, 216.20259,  72.53143,-155.28487, 214.62111,  80.39735,-147.32340, 217.28651,  77.32710,-150.95525, 218.38570,  73.66697,-152.58087, 218.00971,  71.09155,-152.54272, 215.28694,  80.33743,-146.67342, 218.26964,  77.55868,-149.39052, 219.61393,  74.35575,-150.40606, 219.49640,  71.84964,-150.30265, 215.94378,  80.29173,-145.72988, 219.10497,  77.74147,-147.67320, 220.53891,  75.27581,-148.18578, 220.46017,  73.46467,-147.92863, 161.41036, 126.57605,-143.23820, 145.45456, 124.44502,-142.95330, 133.93504,  99.49600,-137.58234, 123.24773,  76.75013,-130.91849, 124.35678,  73.80883,-131.58579, 125.17905,  70.05250,-132.03991, 125.74316,  67.49016,-131.44635, 122.99702,  73.10947,-132.58602, 120.91451,  68.02802,-133.60637, 120.14793,  64.35051,-132.99494, 119.95908,  62.43933,-132.01072, 121.85997,  73.58005,-132.18315, 119.21266,  68.87817,-132.96108, 117.66504,  65.26082,-131.63177, 117.51248,  63.57977,-129.65024, 121.10585,  74.04099,-131.88612, 118.07210,  70.22415,-132.36441, 116.28647,  67.37143,-131.03375, 115.88755,  65.79019,-129.12439, 120.31931,  74.73136,-131.40807, 117.04219,  71.64948,-131.59754, 115.24072,  69.66312,-130.49867, 114.91912,  68.65733,-129.00284
   0.85002, 161.36264,  82.80304,-118.27677, 171.46638,  83.41455,-113.97090, 164.67860,  42.32974, -96.75032, 141.83374,  17.70149, -71.44345, 151.25890,  82.19153,-122.58265, 162.94461,  48.73395,-150.41461, 158.50616,   8.60846,-138.61969, 162.21253,  90.27793,-121.33260, 163.93722, 106.11133,-129.67582, 164.59109, 116.71267,-136.74700, 164.37013, 131.57963,-148.79956, 164.39893, 135.36665,-150.72833, 164.51532, 139.50723,-151.67945, 167.32945, 126.96962,-145.32966, 182.83923, 126.76695,-141.01508, 198.02244, 103.24117,-140.92733, 212.44972,  82.64675,-147.53969, 211.25686,  81.63348,-150.34628, 210.23117,  79.90546,-153.65600, 209.34318,  78.03110,-155.36900, 212.72882,  81.69384,-151.42711, 214.53989,  78.98554,-155.96409, 214.85172,  76.14349,-158.47629, 214.67281,  74.19762,-159.39200, 213.79470,  81.42236,-150.74384, 216.13884,  78.63411,-154.79992, 217.07017,  75.10768,-156.78596, 216.67084,  72.53895,-156.91915, 214.50805,  81.30863,-150.15428, 217.24227,  78.73780,-153.30317, 218.46994,  75.61822,-154.66634, 218.33406,  73.11228,-154.74940, 215.23527,  81.18610,-149.27114, 218.20962,  78.78158,-151.64706, 219.57335,  76.35715,-152.45994, 219.49542,  74.53181,-152.33914, 161.54473, 127.17937,-144.96488, 145.60095, 124.98681,-144.51940, 134.36058,  99.93153,-139.05247, 123.63155,  77.26435,-132.19048, 124.69918,  74.30669,-132.85300, 125.47121,  70.53853,-133.29719, 126.00695,  67.97167,-132.69689, 123.32423,  73.62053,-133.84155, 121.17142,  68.56168,-134.82772, 120.36270,  64.89657,-134.19640, 120.15629,  62.99185,-133.20322, 122.19584,  74.10698,-133.43323, 119.48463,  69.43575,-134.17487, 117.90041,  65.84349,-132.82086, 117.73970,  64.17240,-130.83158, 121.44953,  74.57857,-133.13319, 118.36500,  70.79835,-133.57629, 116.55241,  67.97365,-132.22250, 116.14613,  66.40517,-130.30419, 120.67487,  75.28068,-132.65285, 117.35811,  72.23957,-132.80855, 115.53905,  70.28044,-131.68996, 115.21462,  69.28474,-130.18801
   0.86668, 161.76994,  83.02061,-120.35082, 171.85832,  83.67679,-116.01561, 164.75573,  43.29326, -97.32585, 142.89978,  18.27401, -71.53380, 151.68156,  82.36442,-124.68603, 163.13880,  48.42956,-152.03088, 158.85123,   8.42268,-139.78583, 162.57110,  90.52344,-123.35082, 164.17223, 106.44714,-131.54549, 164.72481, 117.13262,-138.49766, 164.33289, 132.14064,-150.36971, 164.33303, 135.94369,-152.26689, 164.43224, 140.08850,-153.20134, 167.34347, 127.50921,-146.97320, 182.85872, 127.62220,-142.67505, 197.51541, 103.76468,-142.66064, 211.47650,  83.13800,-150.11905, 210.07334,  82.31323,-152.88987, 208.78414,  80.79955,-156.21239, 207.73401,  79.04635,-157.96157, 211.47163,  82.39996,-154.06281, 212.90399,  79.91052,-158.85344, 212.97134,  77.20841,-161.53293, 212.67930,  75.32213,-162.53971, 212.57260,  82.06534,-153.46908, 214.56633,  79.45640,-157.82104, 215.26779,  76.02691,-160.05576, 214.79072,  73.47990,-160.30222, 213.32006,  81.90175,-152.93621, 215.76883,  79.44941,-156.39889, 216.81817,  76.38385,-158.01085, 216.60892,  73.89048,-158.22172, 214.10053,  81.71247,-152.11230, 216.84451,  79.37681,-154.81207, 218.08493,  76.97080,-155.84692, 217.96549,  75.14388,-155.82134, 161.55984, 127.67630,-146.57105, 145.62702, 125.42138,-146.05077, 134.74670, 100.20970,-140.57446, 124.18383,  77.48276,-133.65260, 125.24107,  74.52167,-134.31648, 126.00185,  70.75109,-134.75950, 126.53437,  68.18374,-134.15847, 123.85963,  73.83754,-135.29734, 121.68984,  68.78262,-136.26625, 120.87544,  65.12029,-135.62614, 120.66935,  63.21737,-134.62945, 122.73444,  74.32724,-134.88412, 120.00839,  69.66159,-135.60625, 118.42223,  66.07492,-134.23975, 118.26731,  64.40682,-132.24750, 121.99075,  74.80101,-134.58103, 118.89500,  71.02766,-135.00397, 117.08231,  68.20911,-133.63756, 116.68173,  66.64411,-131.71521, 121.22015,  75.50562,-134.09781, 117.89537,  72.47231,-134.23318, 116.07714,  70.51902,-133.10308, 115.75772,  69.52606,-131.59823
   0.88335, 162.06519,  83.78158,-121.99880, 172.12760,  84.51636,-117.61613, 164.89082,  44.53615, -98.12779, 143.78448,  19.52347, -71.71258, 152.00277,  83.04679,-126.38147, 163.08119,  48.53164,-153.15006, 158.97602,   8.64928,-140.44493, 162.81073,  91.30109,-124.97125, 164.27449, 107.29087,-133.06228, 164.72057, 118.04486,-139.91578, 164.15913, 133.17397,-151.62621, 164.13068, 136.98946,-153.49804, 164.21209, 141.13652,-154.42418, 167.22104, 128.53346,-148.28849, 182.71880, 128.96113,-143.94722, 196.80610, 104.76315,-143.87524, 210.13824,  84.01001,-152.09483, 208.53814,  83.34486,-154.80108, 206.98876,  82.00699,-158.08771, 205.76083,  80.36328,-159.82739, 209.86669,  83.41550,-156.05346, 210.90151,  81.04292,-161.00311, 210.69120,  78.43873,-163.77071, 210.25759,  76.60378,-164.82042, 210.98531,  83.01412,-155.53944, 212.60081,  80.48301,-160.08969, 213.01749,  77.11009,-162.47657, 212.41563,  74.59571,-162.77866, 211.75524,  82.80043,-155.05888, 213.88424,  80.37465,-158.74448, 214.70079,  77.32816,-160.51910, 214.37047,  74.85491,-160.80021, 212.57427,  82.54920,-154.29085, 215.04812,  80.20013,-157.22945, 216.11838,  77.78342,-158.41793, 215.92085,  75.96333,-158.44631, 161.43748, 128.64532,-147.86670, 145.51747, 126.30510,-147.33129, 135.09819, 100.88100,-141.94111, 124.89492,  77.96581,-135.10100, 125.98665,  75.01983,-135.77618, 126.79236,  71.26014,-136.23220, 127.35767,  68.69774,-135.64006, 124.61130,  74.32174,-136.75577, 122.50109,  69.24353,-137.73448, 121.73305,  65.56966,-137.10328, 121.55264,  63.66144,-136.11175, 123.48121,  74.79643,-136.33841, 120.81063,  70.09994,-137.06786, 119.27173,  66.49016,-135.70821, 119.14203,  64.81444,-133.72056, 122.73252,  75.26019,-136.03214, 119.68210,  71.45053,-136.45887, 117.90730,  68.60602,-135.09650, 117.53053,  67.03061,-133.17785, 121.95455,  75.95390,-135.54499, 118.66676,  72.88058,-135.68141, 116.87528,  70.90190,-134.55277, 116.57166,  69.90070,-133.05012
   0.90002, 162.30476,  84.54499,-123.29103, 172.33869,  85.37061,-118.85948, 165.14605,  45.37197, -99.39261, 144.55774,  20.62046, -72.33047, 152.27084,  83.71937,-127.72258, 162.83880,  48.49380,-153.76219, 159.01593,   8.64001,-140.88057, 163.00049,  92.06757,-126.26779, 164.34526, 108.08729,-134.32016, 164.70548, 118.88062,-141.11662, 164.01827, 134.08674,-152.72013, 163.96581, 137.91030,-154.57488, 164.02803, 142.05910,-155.49470, 167.11879, 129.44970,-149.41337, 182.58223, 130.18354,-144.99142, 195.97118, 105.59414,-144.67964, 208.66721,  84.65115,-153.40900, 206.93008,  84.08274,-156.05208, 205.18709,  82.84350,-159.27987, 203.81090,  81.27339,-160.97603, 208.20988,  84.09506,-157.35610, 208.92847,  81.70438,-162.35283, 208.47931,  79.13080,-165.12060, 207.91362,  77.32607,-166.15979, 209.32659,  83.63555,-156.88872, 210.63260,  81.05529,-161.51017, 210.78595,  77.68052,-163.92570, 210.04811,  75.20098,-164.21397, 210.10335,  83.38099,-156.44011, 211.96130,  80.87518,-160.21762, 212.55420,  77.80285,-162.03597, 212.09024,  75.35079,-162.31393, 210.93861,  83.08476,-155.70637, 213.17411,  80.63389,-158.75091, 214.07478,  78.17438,-159.99108, 213.78587,  76.36653,-160.01910, 161.33423, 129.50794,-148.99446, 145.43169, 127.04477,-148.49260, 135.59137, 101.35090,-143.29707, 125.86345,  78.16766,-136.67102, 127.03119,  75.25602,-137.36768, 127.93332,  71.52191,-137.85237, 128.56260,  68.97000,-137.27977, 125.67595,  74.53113,-138.35580, 123.69770,  69.40896,-139.38001, 123.02233,  65.71171,-138.78018, 122.88870,  63.79151,-137.80449, 124.53333,  74.97348,-137.93701, 121.98470,  70.21659,-138.71008, 120.53568,  66.55785,-137.38293, 120.44492,  64.86326,-135.40917, 123.77249,  75.41551,-137.62859, 120.82096,  71.53300,-138.09258, 119.11661,  68.63323,-136.75702, 118.77643,  67.03317,-134.85198, 122.97616,  76.08520,-137.13750, 119.76802,  72.93036,-137.30574, 118.02538,  70.89758,-136.19694, 117.74450,  69.87678,-134.70308
   0.91669, 162.51987,  85.40331,-124.27480, 172.52700,  86.31130,-119.79901, 165.57433,  46.01103,-100.87460, 144.99339,  21.77178, -73.34719, 152.51273,  84.49533,-128.75060, 162.54953,  48.60008,-154.07603, 158.98592,   8.71825,-141.20686, 163.18102,  92.91865,-127.27764, 164.44122, 108.93671,-135.34696, 164.73986, 119.74007,-142.13046, 163.95894, 134.97132,-153.69500, 163.88681, 138.79776,-155.54315, 163.93076, 142.94751,-156.45976, 167.08889, 130.35459,-150.38756, 182.51178, 131.31264,-145.86799, 195.03603, 106.28065,-145.13125, 207.03830,  85.04908,-154.14046, 205.21407,  84.53385,-156.73532, 203.33091,  83.33757,-159.89997, 201.82634,  81.82003,-161.53381, 206.46423,  84.44139,-158.06463, 206.93017,  81.90970,-163.02170, 206.26711,  79.31230,-165.72346, 205.57113,  77.52460,-166.71173, 207.56074,  83.92424,-157.60983, 208.60938,  81.17519,-162.19940, 208.50654,  77.74869,-164.54374, 207.61387,  75.31343,-164.76334, 208.33001,  83.63198,-157.17142, 209.95193,  80.94079,-160.93008, 210.31876,  77.80148,-162.69285, 209.70128,  75.37714,-162.90822, 209.16122,  83.30039,-156.44827, 211.17882,  80.65596,-159.48302, 211.90223,  78.12124,-160.68732, 211.50379,  76.33420,-160.67033, 161.30228, 130.35699,-149.99364, 145.41760, 127.76756,-149.56725, 136.14520, 101.81298,-144.62941, 127.07342,  78.25425,-138.40937, 128.33979,  75.39126,-139.13470, 129.36636,  71.69495,-139.65994, 130.07538,  69.15793,-139.11505, 127.01480,  74.63503,-140.14020, 125.21114,  69.46436,-141.24017, 124.65350,  65.73978,-140.69042, 124.57701,  63.80412,-139.73945, 125.85590,  75.03457,-139.72314, 123.46874,  70.20718,-140.57105, 122.13237,  66.48670,-139.29844, 122.08548,  64.76535,-137.34642, 125.07921,  75.44763,-139.41405, 122.25897,  71.47705,-139.94460, 120.64255,  68.50665,-138.65579, 120.34370,  66.87250,-136.77288, 124.25854,  76.08475,-138.91971, 121.15631,  72.82930,-139.14714, 119.47460,  70.72697,-138.07456, 119.21848,  69.67883,-136.59525
   0.93335, 162.71207,  86.37255,-125.01713, 172.69793,  87.35292,-120.50921, 166.12688,  46.55796,-102.53210, 145.38457,  22.99241, -74.54466, 152.72620,  85.39218,-129.52505, 162.16977,  48.78968,-154.05380, 158.88247,   8.81144,-141.41222, 163.34456,  93.87808,-128.05050, 164.53462, 109.88131,-136.15980, 164.78113, 120.67862,-142.95503, 163.91620, 135.90224,-154.52364, 163.82442, 139.72887,-156.37053, 163.84784, 143.87972,-157.28285, 167.07254, 131.31614,-151.19869, 182.45222, 132.42232,-146.56711, 194.14948, 107.01318,-145.32216, 205.35321,  85.37107,-154.38280, 203.47196,  84.90184,-156.94546, 201.47638,  83.73828,-160.05290, 199.84883,  82.28009,-161.62162, 204.69950,  84.67052,-158.27893, 204.93134,  81.93924,-163.14569, 204.05337,  79.30508,-165.74877, 203.21822,  77.54034,-166.66811, 205.75903,  84.08980,-157.81330, 206.55932,  81.11159,-162.30896, 206.18213,  77.62213,-164.52905, 205.11017,  75.25350,-164.65585, 206.50866,  83.75689,-157.36990, 207.89261,  80.82296,-161.04106, 208.01040,  77.60530,-162.69332, 207.21370,  75.22732,-162.81810, 207.31980,  83.39016,-156.64095, 209.10850,  80.49887,-159.59297, 209.63167,  77.87691,-160.71103, 209.10260,  76.12599,-160.62776, 161.28406, 131.26190,-150.83730, 145.42227, 128.51933,-150.53387, 136.79304, 102.27306,-145.98749, 128.58434,  78.24989,-140.37461, 129.98286,  75.45820,-141.13434, 131.17503,  71.82002,-141.71293, 131.98530,  69.30578,-141.20484, 128.70562,  74.66521,-142.17277, 127.14193,  69.44393,-143.39426, 126.73801,  65.68904,-142.92166, 126.73208,  63.73407,-142.00787, 127.52496,  75.00666,-141.76525, 125.36011,  70.09845,-142.73685, 124.16817,  66.30046,-141.55281, 124.16886,  64.54169,-139.63386, 126.72702,  75.38005,-141.45986, 124.08822,  71.30308,-142.10464, 122.58394,  68.24203,-140.89457, 122.33010,  66.56088,-139.04675, 125.87293,  75.97184,-140.96578, 122.91744,  72.59133,-141.29837, 121.31344,  70.39872,-140.28937, 121.08255,  69.31249,-138.83357
   0.95002, 162.89371,  87.38587,-125.61974, 172.86858,  88.41480,-121.09833, 166.86662,  46.97110,-104.45561, 145.78469,  24.03843, -76.19751, 152.91883,  86.35695,-130.14115, 161.69830,  48.96252,-153.70302, 158.60373,   8.84945,-141.44576, 163.51167,  94.87838,-128.68811, 164.66371, 110.85264,-136.85979, 164.87993, 121.62841,-143.69012, 163.96051, 136.81532,-155.30270, 163.85257, 140.63846,-157.15593, 163.85568, 144.78917,-158.06925, 167.13400, 132.26225,-151.94883, 182.46611, 133.49628,-147.19346, 193.25150, 107.72601,-145.30446, 203.71084,  85.64229,-154.18768, 201.81282,  85.19960,-156.74269, 199.75501,  84.05040,-159.81468, 198.03719,  82.64511,-161.33466, 203.02720,  84.82964,-158.05681, 203.09047,  81.89192,-162.80705, 202.04344,  79.22033,-165.30745, 201.09203,  77.48133,-166.16048, 204.04188,  84.19669,-157.56041, 204.65350,  80.98876,-161.92576, 204.04510,  77.44573,-164.00523, 202.81212,  75.15359,-164.04360, 204.76469,  83.83122,-157.09849, 205.95803,  80.66088,-160.63764, 205.85976,  77.37783,-162.15721, 204.90073,  75.05744,-162.19122, 205.54527,  83.43949,-156.34946, 207.14219,  80.31314,-159.16889, 207.48727,  77.61774,-160.17594, 206.83777,  75.91243,-160.02557, 161.34424, 132.16421,-151.61864, 145.51289, 129.23971,-151.45858, 137.67874, 102.65702,-147.46025, 130.35222,  78.20519,-142.51755, 131.91537,  75.51297,-143.31447, 133.31468,  71.96004,-143.95557, 134.24945,  69.48075,-143.49147, 130.70463,  74.67941,-144.39973, 129.45177,  69.41468,-145.78250, 129.24239,  65.63267,-145.41082, 129.32367,  63.65744,-144.54546, 129.49906,  74.94643,-144.00996, 127.62395,  69.95556,-145.14850, 126.61557,  66.06999,-144.08409, 126.67214,  64.26526,-142.20916, 128.67594,  75.26851,-143.71310, 126.27588,  71.07360,-144.51505, 124.91520,  67.90623,-143.41347, 124.71493,  66.16713,-141.61331, 127.78104,  75.80075,-143.22353, 125.02064,  72.27607,-143.70339, 123.51747,  69.97541,-142.78370, 123.31591,  68.84143,-141.36031
   0.96669, 163.06114,  88.44257,-126.13758, 173.04668,  89.49358,-121.64488, 167.75132,  47.31795,-106.68630, 146.50067,  24.57013, -78.40517, 153.07560,  87.39157,-130.63028, 161.23405,  49.31117,-153.29980, 158.34927,   9.02538,-141.56912, 163.66720,  95.92416,-129.23482, 164.79158, 111.86584,-137.47370, 164.98769, 122.61092,-144.35282, 164.03286, 137.74237,-156.03475, 163.91226, 141.55944,-157.89966, 163.89783, 145.70891,-158.81847, 167.21741, 133.22083,-152.64884, 182.51143, 134.52864,-147.79163, 192.21616, 108.40462,-145.07987, 201.89624,  85.77664,-153.46262, 200.02512,  85.33611,-156.03777, 197.95732,  84.17669,-159.09920, 196.17966,  82.81584,-160.59054, 201.23822,  84.82179,-157.30361, 201.19934,  81.65599,-161.90527, 200.02506,  78.94022,-164.29928, 198.97569,  77.22859,-165.09054, 202.19738,  84.14784,-156.75367, 202.67933,  80.69519,-160.94510, 201.87499,  77.10247,-162.86677, 200.49069,  74.89848,-162.82478, 202.88422,  83.75822,-156.25784, 203.93211,  80.34496,-159.61228, 203.64280,  77.00490,-160.97519, 202.52976,  74.75472,-160.92100, 203.62103,  83.35271,-155.47269, 205.05980,  79.99184,-158.10099, 205.24206,  77.23312,-158.96969, 204.47566,  75.58435,-158.75344, 161.42700, 133.09333,-152.34070, 145.62691, 130.00045,-152.30530, 138.57035, 103.12142,-148.88145, 132.26086,  78.24133,-144.73761, 133.98120,  75.65567,-145.56305, 135.57972,  72.19819,-146.25798, 136.63288,  69.75968,-145.83299, 132.84095,  74.78868,-146.69736, 131.89857,  69.50355,-148.23956, 131.88010,  65.70740,-147.96663, 132.04553,  63.71729,-147.14866, 131.61446,  74.98241,-146.33019, 130.03089,  69.93197,-147.63649, 129.20447,  65.97290,-146.69299, 129.31335,  64.12551,-144.86244, 130.76900,  75.25342,-146.04532, 128.61183,  70.96154,-147.00817, 127.39505,  67.70016,-146.01823, 127.24575,  65.90688,-144.26695, 129.83645,  75.72550,-145.56439, 127.27695,  72.07562,-146.19742, 125.87643,  69.67678,-145.37127, 125.70256,  68.49731,-143.98161
   0.98335, 163.21274,  89.48609,-126.67245, 173.22701,  90.55096,-122.24748, 168.70470,  47.76414,-108.85269, 147.46815,  24.79849, -80.73752, 153.19846,  88.42122,-131.09743, 160.75408,  49.66013,-152.80167, 158.12321,   9.17047,-141.73183, 163.80232,  96.95468,-129.80407, 164.89027, 112.85532,-138.12671, 165.06241, 123.56127,-145.06722, 164.07134, 138.62474,-156.83367, 163.94008, 142.43200,-158.71782, 163.91247, 146.57730,-159.65494, 167.26690, 134.13453,-153.41658, 182.53035, 135.49134,-148.47732, 191.23157, 109.11305,-144.94534, 199.96384,  85.83692,-152.55909, 198.14935,  85.35925,-155.16792, 196.10420,  84.14788,-158.22444, 194.28446,  82.81711,-159.69198, 199.36333,  84.68419,-156.35494, 199.25052,  81.23957,-160.75050, 197.96682,  78.46117,-163.01286, 196.82660,  76.77695,-163.73414, 200.25534,  83.98378,-155.73014, 200.62885,  80.24475,-159.67999, 199.63801,  76.59857,-161.40365, 198.10313,  74.50016,-161.27548, 200.89732,  83.58135,-155.18671, 201.81127,  79.89708,-158.28373, 201.33379,  76.50360,-159.44710, 200.06577,  74.34169,-159.29412, 201.57883,  83.17830,-154.35192, 202.86310,  79.56642,-156.71379, 202.88054,  76.75166,-157.40314, 201.99484,  75.17558,-157.11319, 161.47643, 133.98557,-153.11957, 145.70589, 130.74574,-153.18121, 139.50355, 103.58198,-150.41334, 134.46103,  78.27229,-147.25224, 136.34407,  75.81243,-148.10654, 138.15200,  72.47185,-148.85770, 139.33183,  70.08490,-148.47485, 135.28144,  74.91633,-149.29243, 134.67666,  69.63395,-151.00407, 134.86750,  65.83638,-150.83751, 135.12670,  63.83566,-150.07143, 134.03776,  75.03014,-148.95047, 132.77422,  69.93910,-150.43571, 132.15235,  65.91404,-149.62358, 132.32358,  64.02301,-147.84305, 133.17191,  75.24485,-148.67918, 131.28482,  70.86866,-149.81428, 130.23263,  67.51663,-148.94597, 130.14493,  65.66742,-147.24954, 132.20319,  75.64962,-148.20852, 129.87042,  71.88193,-149.00611, 128.58965,  69.38519,-148.28200, 128.45093,  68.15774,-146.93045
   1.00002, 163.35522,  90.73335,-127.25214, 173.40760,  91.80248,-122.91546, 169.71745,  48.45095,-111.18464, 148.67716,  24.92546, -83.38657, 153.30285,  89.66423,-131.58881, 160.18441,  50.16770,-152.16190, 157.79612,   9.48195,-141.77724, 163.92683,  98.18999,-130.41539, 164.97608, 114.05183,-138.81668, 165.12458, 124.72085,-145.81436, 164.10312, 139.72289,-157.65645, 163.96332, 143.51899,-159.56237, 163.92561, 147.65800,-160.52660, 167.30771, 135.25570,-154.21772, 182.54303, 136.64699,-149.20182, 190.26180, 110.10248,-144.75103, 198.07997,  86.23942,-151.49122, 196.33524,  85.69066,-154.13344, 194.33546,  84.39400,-157.18499, 192.49771,  83.06945,-158.63563, 197.55112,  84.87643,-155.22760, 197.40286,  81.16482,-159.39905, 196.04773,  78.31769,-161.53052, 194.84198,  76.65323,-162.18831, 198.38017,  84.17161,-154.52581, 198.68505,  80.16968,-158.21536, 197.55489,  76.47721,-159.74368, 195.90226,  74.47610,-159.54366, 198.97917,  83.77172,-153.93362, 199.79617,  79.85095,-156.75509, 199.17244,  76.41934,-157.72059, 197.78170,  74.34237,-157.48146, 199.60727,  83.38801,-153.04928, 200.77178,  79.56738,-155.12777, 200.65726,  76.71689,-155.63767, 199.67568,  75.21226,-155.28389, 161.51760, 135.09793,-153.91815, 145.77712, 131.71745,-154.05900, 140.58434, 104.27544,-152.06629, 136.77360,  78.65123,-149.85766, 138.83687,  76.35217,-150.74298, 140.88181,  73.16633,-151.55599, 142.20957,  70.85095,-151.22102, 137.86497,  75.42896,-151.98459, 137.65607,  70.18003,-153.88305, 138.09696,  66.39995,-153.83585, 138.47150,  64.39564,-153.12914, 136.60873,  75.44841,-151.67134, 135.72457,  70.33892,-153.35437, 135.35482,  66.25602,-152.69059, 135.61031,  64.32044,-150.96900, 135.72428,  75.59590,-151.41564, 134.16198,  71.14598,-152.74157, 133.31658,  67.70383,-152.01078, 133.31297,  65.79572,-150.37854, 134.71977,  75.91928,-150.95718, 132.66419,  72.03508,-151.93751, 131.53687,  69.43566,-151.32875, 131.44885,  68.15604,-150.02208
   1.01669, 163.50882,  91.93490,-127.90956, 173.61665,  92.99530,-123.70155, 170.82307,  49.09786,-113.91406, 150.16416,  24.56382, -86.70808, 153.40099,  90.87450,-132.11758, 159.71844,  50.75726,-151.64400, 157.51720,   9.91884,-141.83316, 164.05793,  99.37967,-131.10460, 165.05890, 115.20077,-139.58818, 165.17904, 125.83060,-146.64580, 164.12539, 140.77018,-158.56378, 163.97906, 144.55411,-160.49327, 163.93593, 148.68567,-161.48869, 167.33931, 136.32101,-155.11044, 182.55529, 137.72944,-150.04088, 189.20669, 111.09778,-144.51700, 196.04248,  86.66273,-150.19153, 194.36948,  85.99111,-152.85171, 192.42270,  84.55439,-155.87466, 190.57974,  83.20336,-157.29393, 195.58548,  85.04633,-153.83520, 195.41817,  81.04126,-157.72500, 194.01264,  78.10177,-159.69210, 192.75727,  76.44499,-160.27184, 196.35661,  84.36186,-153.05195, 196.61157,  80.08464,-156.42264, 195.37123,  76.33878,-157.71783, 193.62420,  74.42996,-157.43522, 196.91566,  83.98267,-152.40924, 197.65481,  79.82993,-154.90103, 196.91189,  76.36487,-155.63494, 195.42151,  74.37235,-155.29766, 197.49415,  83.64033,-151.47546, 198.55843,  79.62851,-153.22077, 198.33390,  76.75515,-153.52370, 197.27371,  75.32417,-153.09844, 161.55004, 136.16506,-154.79410, 145.83259, 132.68106,-154.97699, 141.57244, 105.03622,-153.70658, 139.09916,  79.17862,-152.58069, 141.31794,  77.04057,-153.49300, 143.57242,  74.01445,-154.36035, 145.03562,  71.77612,-154.06874, 140.42874,  76.09874,-154.78172, 140.58303,  70.90952,-156.84261, 141.25799,  67.16431,-156.90121, 141.74369,  65.16565,-156.24819, 139.16814,  76.03062,-154.49381, 138.63591,  70.93198,-156.34900, 138.50940,  66.81511,-155.81725, 138.85319,  64.84560,-154.15037, 138.27162,  76.11503,-154.25191, 137.01491,  71.62118,-155.74410, 136.37252,  68.11200,-155.13565, 136.45771,  66.15671,-153.56254, 137.24056,  76.36107,-153.80451, 135.44989,  72.39018,-154.94425, 134.47587,  69.70814,-154.43793, 134.44365,  68.38489,-153.17281
   1.03335, 163.68654,  93.03366,-128.62804, 173.86028,  94.07732,-124.57764, 171.81848,  49.77799,-116.57863, 151.79947,  23.80199, -90.24686, 153.51280,  91.99001,-132.67843, 159.25282,  51.29863,-151.16756, 157.12761,  10.33677,-141.86781, 164.20823, 100.46715,-131.85379, 165.15093, 116.24570,-140.42286, 165.23705, 126.83278,-147.54494, 164.14685, 141.70367,-159.54525, 163.99428, 145.47441,-161.49992, 163.94755, 149.59787,-162.52823, 167.37114, 137.27003,-156.08162, 182.57755, 138.65318,-150.97653, 188.32959, 112.03440,-144.46850, 194.01930,  87.03708,-148.79995, 192.41321,  86.20001,-151.45445, 190.51320,  84.58032,-154.41400, 188.66420,  83.18403,-155.78062, 193.62073,  85.12347,-152.30383, 193.41604,  80.79906,-155.83322, 191.95387,  77.75563,-157.58971, 190.64870,  76.10587,-158.07114, 194.33331,  84.48069,-151.43452, 194.52011,  79.91448,-154.40705, 193.16413,  76.12149,-155.41797, 191.32677,  74.31721,-155.03813, 194.85237,  84.13782,-150.73997, 195.49713,  79.75396,-152.82964, 194.63027,  76.27020,-153.28699, 193.04360,  74.37714,-152.83546, 195.38221,  83.85666,-149.75813, 196.33148,  79.66620,-151.10437, 195.99282,  76.78867,-151.16415, 194.85701,  75.44495,-150.65728, 161.58328, 137.12465,-155.73597, 145.88492, 133.55656,-155.93705, 142.56779, 105.75801,-155.44995, 141.66461,  79.77450,-155.65285, 144.03204,  77.81533,-156.59280, 146.49230,  74.97128,-157.51522, 148.09362,  72.82395,-157.26856, 143.22635,  76.86054,-157.92612, 143.75082,  71.76221,-160.14671, 144.66939,  68.07240,-160.31154, 145.27414,  66.08909,-159.71343, 141.96855,  76.70167,-157.66284, 141.79892,  71.64257,-159.68714, 141.93285,  67.51097,-159.28790, 142.37830,  65.51447,-157.67820, 141.06476,  76.71999,-157.43430, 140.12719,  72.20537,-159.08955, 139.70558,  68.64401,-158.60361, 139.89355,  66.64802,-157.09173, 140.01300,  76.88410,-156.99765, 138.50308,  72.84503,-158.29363, 137.69824,  70.09052,-157.88951, 137.73264,  68.72737,-156.66755
   1.05002, 163.87770,  93.98805,-129.41309, 174.11434,  95.00872,-125.51830, 172.72012,  50.39240,-119.35192, 153.50735,  22.89346, -93.98358, 153.64106,  92.96739,-133.30787, 158.81041,  51.68155,-150.60936, 156.66949,  10.64637,-141.64241, 164.37613, 101.41033,-132.66819, 165.26693, 117.14911,-141.31561, 165.32155, 127.69791,-148.49456, 164.19677, 142.50959,-160.56472, 164.03814, 146.26818,-162.54217, 163.98780, 150.38367,-163.60176, 167.43062, 138.08559,-157.09767, 182.62792, 139.42075,-151.95281, 187.57961, 112.90377,-144.44744, 192.21338,  87.49903,-147.46858, 190.65379,  86.49616,-150.09317, 188.78325,  84.69758,-152.96694, 186.92749,  83.25073,-154.27036, 191.84814,  85.31732,-150.81592, 191.59834,  80.72607,-153.98721, 190.08577,  77.59464,-155.53378, 188.74089,  75.95139,-155.91850, 192.51529,  84.72668,-149.87641, 192.63352,  79.92835,-152.46159, 191.18214,  76.10819,-153.20137, 189.27699,  74.39789,-152.73141, 193.00369,  84.42634,-149.14111, 193.56133,  79.86820,-150.84787, 192.59365,  76.38664,-151.04665, 190.93410,  74.58615,-150.49056, 193.49705,  84.21072,-148.12430, 194.34496,  79.89699,-149.09702, 193.91399,  77.03590,-148.93314, 192.72138,  75.77348,-148.35304, 161.64459, 137.95682,-156.71652, 145.96602, 134.30357,-156.93153, 143.70954, 106.39823,-157.37889, 144.25679,  80.44570,-158.85082, 146.77816,  78.70352,-159.81729, 149.45740,  76.08565,-160.79748, 151.20921,  74.05381,-160.60024, 146.06762,  77.74438,-161.20065, 147.00523,  72.78799,-163.59944, 148.19741,  69.18476,-163.88410, 148.93756,  67.22960,-163.34886, 144.82087,  77.48349,-160.96786, 145.06024,  72.50763,-163.18249, 145.49348,  68.38470,-162.93524, 146.05905,  66.36558,-161.39287, 143.91456,  77.42653,-160.75630, 143.34174,  72.92260,-162.59674, 143.17734,  69.32378,-162.25233, 143.48775,  67.29004,-160.81265, 142.84646,  77.49594,-160.33426, 141.66175,  73.41000,-161.80906, 141.05676,  70.59025,-161.52367, 141.17193,  69.18710,-160.35301
   1.06669, 164.07474,  94.75271,-130.22359, 174.37691,  95.74219,-126.49717, 173.67391,  50.87144,-122.40990, 155.50705,  21.66623, -98.20461, 153.77256,  93.76323,-133.95000, 158.45475,  52.01293,-150.24643, 156.10455,  10.98421,-141.30239, 164.55143, 102.16299,-133.50913, 165.39214, 117.85998,-142.23714, 165.41586, 128.36931,-149.47393, 164.25823, 143.12082,-161.61445, 164.09355, 146.86862,-163.61179, 164.03950, 150.97774,-164.69564, 167.50070, 138.70182,-158.14909, 182.68945, 139.98091,-152.96491, 186.83758, 113.66695,-144.34121, 190.45008,  87.96718,-145.91345, 188.93496,  86.79414,-148.49317, 187.09462,  84.81567,-151.26646, 185.23653,  83.31396,-152.50278, 190.11644,  85.53216,-149.08477, 189.82951,  80.70754,-151.88474, 188.27612,  77.49929,-153.21881, 186.89884,  75.86355,-153.50939, 190.74239,  85.00316,-148.08228, 190.80210,  80.01052,-150.27115, 189.27008,  76.17957,-150.74453, 187.30835,  74.55957,-150.19424, 191.20287,  84.75131,-147.31162, 191.68463,  80.05816,-148.63181, 190.63053,  76.59648,-148.57933, 188.90953,  74.88758,-147.92897, 191.66304,  84.60647,-146.26708, 192.42179,  80.20900,-146.86709, 191.91082,  77.38178,-146.48746, 190.67007,  76.19962,-145.84277, 161.71736, 138.59952,-157.72193, 146.05482, 134.87873,-157.94715, 144.73274, 106.94133,-159.27143, 146.75198,  81.17573,-162.10981, 149.39724,  79.63937,-163.09406, 152.25836,  77.24067,-164.12004, 154.13819,  75.32281,-163.96458, 148.77211,  78.68604,-164.52196, 150.07152,  73.89191,-167.07675, 151.50436,  70.38762,-167.46731, 152.36488,  68.46741,-166.98848, 147.54220,  78.33539,-164.31951, 148.14360,  73.46922,-166.70273, 148.84605,  69.37753,-166.59279, 149.52202,  67.34573,-165.11278, 146.63870,  78.21127,-164.12539, 146.39301,  73.74872,-166.13187, 146.46300,  70.13681,-165.91655, 146.88686,  68.07733,-164.54398, 145.56233,  78.19493,-163.71924, 144.67311,  74.09570,-165.35604, 144.25264,  71.23379,-165.17985, 144.44374,  69.79995,-164.05728
   1.08336, 164.27934,  95.10265,-131.04153, 174.65605,  96.04829,-127.51596, 174.51565,  51.04124,-125.29587, 157.66137,  19.93301,-102.55633, 153.90264,  94.15700,-134.56711, 158.17114,  52.01240,-149.93580, 155.40484,  11.07274,-140.70720, 164.73193, 102.50068,-134.35796, 165.51713, 118.15058,-143.17525, 165.50678, 128.61300,-150.47971, 164.31435, 143.29042,-162.70637, 164.14265, 147.02764,-164.72285, 164.08377, 151.13206,-165.82409, 167.56542, 138.87622,-159.24292, 182.73779, 140.11628,-154.00161, 186.25309, 114.05369,-144.38996, 188.76037,  88.17507,-144.28581, 187.31268,  86.81207,-146.81028, 185.52795,  84.63665,-149.47010, 183.68086,  83.07099,-150.64189, 188.48453,  85.47912,-147.24447, 188.18489,  80.43481,-149.62443, 186.60512,  77.15469,-150.73385, 185.20075,  75.52846,-150.93409, 189.06077,  85.02717,-146.17661, 189.08118,  79.86189,-147.92035, 187.47657,  76.03651,-148.11815, 185.45807,  74.51159,-147.50510, 189.48675,  84.83434,-145.36992, 189.90431,  80.03472,-146.25869, 188.76682,  76.61333,-145.94667, 186.98305,  75.00369,-145.21706, 189.90499,  84.77208,-144.29987, 190.58009,  80.32430,-144.48673, 189.98842,  77.55227,-143.88323, 188.69721,  76.45686,-143.18652, 161.78597, 138.80920,-158.75972, 146.13562, 135.03871,-159.00448, 145.71662, 107.13311,-161.26312, 149.37188,  81.77065,-165.66594, 152.12685,  80.44871,-166.66051, 155.15430,  78.28255,-167.72571, 157.15308,  76.48601,-167.60975, 151.58746,  79.51342,-168.13456, 153.23704,  74.91721,-170.84617, 154.90210,  71.53117,-171.34404, 155.87907,  69.65355,-170.92328, 150.38019,  79.07611,-167.96757, 151.33542,  74.35610,-170.52297, 152.30255,  70.31741,-170.55615, 153.08734,  68.27740,-169.14263, 149.48389,  78.88617,-167.79447, 149.56175,  74.49897,-169.97323, 149.86480,  70.89354,-169.89418, 150.40151,  68.81378,-168.59355, 148.40480,  78.78420,-167.40852, 147.81112,  74.70309,-169.21559, 147.57632,  71.81523,-169.15588, 147.84366,  70.35401,-168.08540
   1.10002, 164.48517,  95.22282,-131.84866, 174.92344,  96.12911,-128.49889, 175.33322,  51.06994,-128.20295, 159.72275,  18.32811,-106.91537, 154.04689,  94.31652,-135.19844, 157.87662,  51.78938,-149.59842, 154.56199,  11.00629,-139.87074, 164.91742, 102.60904,-135.19399, 165.65469, 118.21596,-144.09123, 165.61476, 128.63685,-151.45473, 164.39332, 143.24963,-163.75572, 164.21509, 146.97842,-165.78718, 164.15103, 151.07969,-166.89983, 167.65103, 138.83757,-160.29580, 182.80032, 140.03869,-154.97920, 185.81241, 114.30011,-144.37482, 187.38323,  88.39886,-142.74453, 186.01444,  86.86778,-145.21612, 184.30193,  84.52054,-147.77545, 182.47846,  82.89377,-148.90002, 187.18209,  85.49192,-145.50264, 186.89936,  80.28716,-147.51002, 185.31476,  76.95235,-148.43399, 183.89494,  75.33277,-148.56831, 187.70952,  85.11448,-144.38194, 187.72001,  79.83300,-145.73359, 186.06696,  76.02325,-145.70954, 184.00343,  74.57317,-145.06553, 188.10087,  84.97763,-143.54676, 188.48044,  80.12013,-144.05792, 187.28034,  76.74582,-143.53737, 185.44555,  75.21718,-142.76153, 188.47622,  84.99082,-142.45923, 189.09110,  80.53373,-142.28693, 188.43479,  77.82220,-141.50256, 187.10114,  76.79787,-140.77820, 161.87587, 138.80546,-159.76049, 146.23562, 134.99572,-160.04044, 146.79852, 107.20371,-163.40009, 151.88205,  82.37282,-169.19531, 154.74279,  81.29640,-170.18728, 157.93699,  79.40131,-171.28186, 160.05659,  77.74687,-171.20288, 154.29961,  80.39508,-171.71362, 156.32459,  76.05813,-174.59274, 158.23666,  72.82493,-175.20595, 159.33730,  71.00338,-174.84884, 153.12377,  79.86636,-171.59332, 154.46221,  75.34975,-174.33740, 155.71616,  71.39534,-174.53142, 156.61802,  69.35215,-173.19439, 152.24024,  79.60577,-171.44887, 152.67280,  75.34131,-173.82119, 153.23139,  71.76650,-173.89827, 153.89082,  69.67146,-172.68128, 151.16411,  79.41001,-171.09191, 150.89806,  75.38583,-173.09406, 150.86931,  72.48897,-173.16998, 151.22022,  71.00197,-172.16089
   1.11669, 164.69240,  94.95243,-132.63260, 175.18744,  95.82184,-129.45484, 176.20581,  50.81349,-131.40291, 161.87628,  16.58404,-111.60683, 154.19735,  94.08302,-135.81036, 157.71187,  51.26441,-149.40440, 153.68046,  10.77713,-138.75530, 165.10574, 102.32317,-136.01429, 165.79701, 117.88076,-145.00116, 165.72892, 128.25759,-152.42641, 164.48158, 142.80464,-164.80248, 164.29722, 146.52632,-166.84639, 164.22809, 150.62613,-167.96413, 167.74479, 138.39510,-161.34452, 182.86826, 139.57047,-155.94924, 185.40074, 114.26177,-144.24214, 186.17740,  88.46657,-141.07915, 184.92956,  86.76512,-143.50289, 183.33842,  84.24397,-145.97361, 181.56637,  82.54436,-147.07238, 186.10270,  85.37004,-143.62941, 185.89480,  80.03548,-145.27207, 184.34132,  76.64613,-146.03666, 182.92125,  75.02381,-146.12860, 186.56938,  85.07279,-142.45873, 186.61999,  79.70809,-143.42752, 184.94648,  75.91300,-143.21745, 182.84431,  74.51670,-142.57963, 186.91627,  84.99533,-141.59672, 187.29440,  80.11298,-141.73939, 186.05004,  76.78690,-141.04231, 184.16903,  75.32124,-140.25569, 187.23498,  85.08562,-140.49487, 187.81505,  80.65113,-139.97312, 187.10383,  78.00396,-139.03233, 185.72879,  77.03668,-138.30695, 161.97434, 138.39779,-160.75978, 146.34092, 134.56370,-161.08521, 147.75152, 106.94313,-165.45723, 154.18465,  82.79449,-172.63064, 157.12402,  81.93781,-173.60673, 160.44833,  80.28944,-174.71317, 162.66369,  78.76450,-174.65990, 156.76543,  81.07915,-175.17919, 159.10601,  77.00326,-178.19711, 161.22407,  73.92178,-178.90700, 162.42767,  72.15630,-178.60466, 155.62224,  80.47543,-175.10652, 157.28623,  76.17290,-178.01177, 158.78402,  72.31399,-178.34767, 159.78467,  70.27246,-177.08019, 154.75385,  80.15575,-174.99208, 155.49143,  76.03349,-177.53446, 156.26982,  72.50590,-177.75211, 157.03395,  70.40325,-176.61188, 153.68534,  79.87972,-174.66670, 153.70412,  75.93854,-176.84389, 153.85473,  73.05138,-177.04391, 154.27749,  71.54551,-176.09197
   1.13336, 164.89891,  94.51351,-133.38827, 175.44812,  95.35302,-130.38670, 176.98606,  50.49656,-134.40128, 164.08625,  14.80381,-116.27678, 154.34970,  93.67401,-136.38985, 157.63816,  50.66857,-149.43983, 152.67415,  10.67087,-137.42242, 165.28577, 101.86938,-136.80527, 165.91871, 117.37638,-145.88343, 165.81833, 127.70585,-153.37406, 164.54816, 142.18015,-165.83283, 164.35845, 145.89521,-167.88828, 164.28523, 149.99483,-169.00642, 167.81569, 137.77464,-162.37382, 182.91209, 138.90418,-156.89362, 185.09329, 114.03265,-144.21885, 185.10665,  88.49235,-139.35136, 184.03683,  86.59865,-141.71693, 182.63024,  83.88124,-144.08961, 180.94459,  82.08719,-145.17409, 185.22005,  85.20783,-141.65289, 185.14353,  79.76092,-142.88754, 183.65746,  76.30981,-143.49345, 182.25211,  74.67342,-143.55805, 185.60438,  85.00566,-140.43303, 185.73858,  79.58284,-140.97713, 184.06564,  75.80140,-140.59059, 181.92804,  74.44092,-139.99446, 185.89021,  84.99782,-139.54554, 186.29179,  80.12234,-139.28260, 185.01142,  76.84964,-138.41817, 183.08421,  75.43334,-137.65326, 186.13062,  85.17549,-138.43449, 186.68574,  80.79945,-137.53140, 185.91812,  78.22687,-136.44007, 184.49846,  77.30695,-135.73945, 162.05043, 137.81335,-161.74107, 146.42114, 133.96855,-162.13193, 148.65418, 106.59398,-167.57677, 156.50663,  83.36978,-176.23562, 159.51028,  82.72566,-177.17888, 162.94609,  81.31961,-178.27917, 165.24314,  79.92022,-178.24231, 159.23498,  81.92296,-178.79703, 161.86820,  78.13046,-181.94061, 164.17322,  75.20904,-182.73922, 165.46877,  73.50145,-182.48890, 158.12678,  81.25347,-178.77945, 160.09518,  77.19179,-181.83711, 161.81740,  73.44275,-182.31259, 162.90545,  71.40324,-181.11587, 157.27578,  80.88068,-178.70061, 158.30144,  76.92993,-181.40990, 159.28417,  73.46552,-181.76946, 160.14236,  71.35778,-180.70830, 156.21801,  80.53033,-178.41392, 156.50808,  76.70282,-180.76753, 156.82730,  73.84118,-181.09535, 157.31475,  72.31834,-180.20320
   1.15002, 165.11571,  93.92911,-134.13451, 175.70411,  94.74996,-131.26886, 177.69648,  50.15859,-137.45144, 166.03641,  13.34593,-120.78574, 154.52730,  93.10827,-137.00015, 157.39637,  49.83514,-149.23898, 151.45420,  10.45830,-135.71012, 165.47808, 101.27416,-137.57739, 166.06020, 116.74126,-146.72672, 165.93388, 127.03146,-154.27082, 164.65052, 141.44335,-166.80038, 164.45739, 145.15383,-168.86376, 164.38145, 149.25460,-169.97752, 167.91998, 137.04265,-163.33708, 182.98557, 138.09776,-157.75815, 184.91398, 113.70744,-144.14223, 184.38446,  88.50513,-137.77329, 183.49865,  86.44240,-140.07264, 182.28676,  83.55204,-142.34630, 180.69886,  81.66363,-143.41803, 184.69066,  85.07786,-139.83678, 184.76000,  79.56071,-140.70588, 183.35782,  76.05390,-141.17681, 181.97884,  74.39467,-141.22511, 184.99397,  84.96293,-138.58322, 185.22660,  79.51881,-138.75243, 183.57470,  75.74507,-138.22567, 181.41739,  74.39314,-137.68350, 185.21925,  85.01832,-137.68012, 185.65784,  80.17790,-137.06478, 184.35947,  76.94956,-136.07019, 182.40130,  75.55644,-135.34223, 185.38198,  85.27286,-136.56993, 185.92479,  80.97548,-135.34054, 185.11463,  78.46880,-134.13282, 183.66148,  77.57474,-133.46832, 162.15885, 137.10957,-162.67001, 146.53063, 133.27013,-163.14694, 149.67506, 106.26546,-169.84475, 158.69827,  83.98696,-179.75686, 161.75752,  83.57154,-180.64848, 165.29733,  82.43042,-181.72550, 167.67206,  81.16707,-181.69908, 161.57090,  82.84457,-182.31438, 164.50288,  79.39058,-185.58125, 166.99706,  76.65657,-186.47003, 168.38542,  75.01601,-186.27518, 160.50448,  82.11183,-182.36381, 162.78692,  78.34612,-185.57801, 164.74078,  74.73547,-186.20493, 165.91831,  72.69984,-185.08902, 159.67550,  81.68640,-182.32898, 161.00190,  77.95726,-185.21600, 162.19797,  74.58094,-185.73276, 163.15355,  72.47141,-184.76226, 158.63369,  81.25988,-182.09129, 159.20982,  77.59121,-184.63735, 159.70706,  74.77538,-185.10880, 160.26203,  73.23664,-184.28610
   1.16669, 165.33409,  93.20094,-134.88527, 175.94884,  94.02536,-132.11988, 178.29832,  49.86203,-140.76070, 167.81517,  12.13631,-125.40659, 154.71934,  92.37652,-137.65065, 157.17264,  48.87125,-149.13351, 150.13652,  10.38138,-133.70955, 165.66563, 100.53925,-138.34558, 166.19104, 115.97866,-147.54498, 166.04203, 126.24023,-155.12757, 164.76270, 140.60776,-167.70838, 164.56941, 144.31601,-169.77576, 164.49294, 148.41873,-170.88223, 168.02971, 136.21017,-164.23881, 183.07008, 137.16765,-158.57486, 184.82170, 113.35983,-143.94203, 183.93901,  88.59086,-136.08589, 183.24332,  86.36507,-138.29687, 182.23849,  83.30689,-140.44866, 180.76175,  81.31468,-141.49099, 184.44736,  85.04899,-137.90101, 184.68971,  79.49152,-138.40584, 183.39556,  75.92736,-138.73380, 182.05835,  74.23378,-138.75882, 184.67410,  85.02125,-136.62647, 185.03404,  79.58503,-136.42894, 183.43409,  75.81122,-135.76115, 181.27672,  74.44170,-135.26538, 184.84122,  85.13932,-135.71678, 185.34462,  80.36021,-134.76425, 184.05642,  77.16910,-133.64416, 182.08702,  75.77530,-132.94854, 184.92871,  85.46755,-134.61751, 185.48600,  81.27167,-133.08210, 184.65608,  78.82647,-131.76658, 183.18381,  77.93943,-131.13559, 162.27104, 136.29775,-163.55321, 146.64236, 132.47185,-164.11605, 150.59050, 105.88384,-171.95762, 160.64501,  84.62096,-183.03898, 163.74029,  84.39777,-183.87326, 167.35509,  83.48299,-184.91670, 169.78751,  82.33456,-184.89370, 163.62715,  83.74849,-185.57741, 166.79755,  80.60899,-188.93764, 169.44181,  78.04578,-189.89861, 170.90392,  76.46547,-189.75092, 162.59919,  82.96922,-185.68995, 165.13504,  79.48512,-189.02936, 167.27669,  76.00832,-189.78605, 168.52674,  73.97696,-188.74366, 161.79142,  82.50354,-185.69711, 163.36342,  78.99370,-188.73199, 164.73443,  75.70892,-189.38599, 165.76976,  73.60066,-188.49804, 160.76659,  82.01630,-185.50711, 161.57874,  78.51366,-188.21734, 162.22353,  75.75239,-188.81573, 162.83428,  74.20195,-188.05698
   1.18336, 165.57245,  92.34149,-135.68065, 176.20949,  93.18497,-133.00823, 178.77922,  49.51902,-143.83714, 169.48938,  10.98326,-129.78119, 154.93541,  91.49802,-138.35307, 156.87654,  47.72743,-148.88642, 148.52925,  10.52570,-131.13173, 165.86330,  99.67575,-139.15318, 166.31757, 115.09663,-148.38738, 166.14438, 125.33872,-155.99574, 164.88287, 139.68072,-168.60745, 164.69146, 143.38954,-170.67397, 164.61515, 147.49555,-171.76824, 168.14387, 135.28294,-165.13249, 183.16006, 136.11246,-159.38480, 184.85580, 112.85581,-143.88472, 183.68335,  88.67402,-134.40493, 183.15614,  86.31474,-136.52209, 182.33481,  83.12028,-138.55021, 180.95950,  81.03898,-139.55660, 184.36466,  85.05177,-135.99020, 184.75220,  79.48255,-136.17077, 183.55387,  75.87549,-136.36757, 182.25632,  74.15115,-136.36893, 184.52246,  85.09910,-134.70588, 184.98672,  79.69207,-134.18670, 183.43354,  75.92264,-133.39521, 181.28208,  74.53032,-132.93886, 184.63744,  85.27063,-133.79662, 185.18997,  80.56419,-132.55371, 183.91110,  77.40865,-131.32725, 181.93696,  76.00755,-130.66031, 184.65816,  85.66036,-132.71427, 185.22048,  81.56922,-130.91989, 184.37262,  79.18001,-129.51588, 182.88749,  78.29329,-128.91531, 162.38642, 135.38638,-164.43895, 146.75388, 131.59126,-165.09538, 151.47225, 105.50005,-174.09458, 162.55681,  85.43687,-186.36656, 165.67472,  85.38856,-187.14301, 169.34576,  84.68305,-188.15199, 171.82491,  83.63921,-188.13393, 165.62356,  84.82390,-188.87997, 168.99319,  81.99936,-192.32477, 171.76487,  79.60367,-193.35629, 173.29114,  78.08130,-193.25691, 164.63289,  84.00856,-189.05440, 167.38327,  80.81220,-192.50981, 169.68863,  77.47308,-193.39471, 171.00504,  75.44550,-192.42953, 163.84644,  83.51001,-189.10288, 165.62918,  80.23135,-192.27666, 167.15440,  77.04584,-193.06619, 168.26273,  74.94039,-192.26382, 162.84022,  82.97057,-188.96035, 163.85726,  79.65010,-191.82628, 164.63322,  76.95325,-192.54965, 165.29574,  75.39303,-191.85731
   1.20002, 165.89092,  91.69168,-136.72154, 176.54221,  92.56640,-134.11679, 179.32993,  49.49731,-147.07310, 170.97924,  10.41022,-133.98339, 155.23962,  90.81697,-139.32630, 156.48966,  46.71462,-148.49170, 147.06548,  10.77212,-128.78900, 166.13547,  99.03129,-140.18632, 166.51292, 114.45646,-149.41682, 166.31676, 124.69564,-157.02854, 165.08267, 139.03657,-169.64418, 164.89373, 142.74968,-171.70321, 164.81617, 146.86069,-172.77844, 168.33561, 134.63579,-166.16546, 183.32510, 135.30427,-160.32780, 185.13129, 112.63100,-143.99806, 183.78326,  89.05571,-133.11741, 183.45573,  86.55450,-135.10820, 182.86058,  83.21392,-136.97332, 181.61769,  81.02288,-137.91709, 184.67982,  85.37483,-134.43849, 185.28013,  79.82465,-134.25353, 184.22683,  76.16745,-134.28673, 182.99520,  74.39588,-134.24688, 184.76752,  85.50541,-133.15324, 185.40136,  80.16205,-132.27694, 183.94754,  76.38810,-131.33293, 181.82736,  74.94116,-130.90068, 184.82780,  85.73564,-132.25171, 185.48572,  81.13801,-130.69298, 184.26010,  78.01339,-129.33956, 182.30604,  76.57739,-128.68787, 184.77685,  86.19014,-131.19595, 185.39278,  82.23971,-129.12517, 184.55980,  79.90723,-127.62047, 183.07842,  78.99976,-127.04206, 162.57766, 134.74589,-165.47705, 146.93719, 131.00490,-166.24554, 152.46179, 105.53986,-176.49300, 164.34665,  86.57150,-189.71992, 167.47725,  86.70250,-190.43317, 171.19391,  86.21504,-191.40334, 173.71640,  85.28071,-191.39156, 167.48303,  86.23429,-192.19931, 171.03757,  83.75642,-195.72414, 173.93172,  81.54516,-196.82861, 175.52231,  80.08749,-196.78176, 166.53306,  85.38765,-192.43889, 169.48585,  82.51254,-196.00763, 171.95362,  79.33173,-197.02740, 173.34135,  77.31250,-196.14846, 165.77065,  84.85885,-192.53105, 167.75546,  81.84376,-195.84321, 169.43541,  78.77686,-196.77546, 170.62173,  76.68002,-196.06764, 164.78706,  84.26899,-192.43934, 166.00332,  81.16163,-195.46233, 166.91186,  78.54585,-196.31709, 167.63059,  76.97962,-195.69827
   1.21669, 166.40759,  90.96978,-138.21751, 177.06827,  91.88863,-135.66688, 179.99215,  49.58031,-150.89979, 172.53411,  10.08307,-138.52155, 155.74692,  90.05093,-140.76815, 156.24186,  45.61739,-148.25138, 145.74650,  11.06052,-126.69805, 166.60095,  98.31576,-141.67201, 166.89209, 113.76099,-150.87204, 166.67052, 124.02059,-158.45552, 165.46843, 138.41168,-171.01701, 165.28192, 142.13464,-173.05840, 165.20166, 146.25179,-174.10967, 168.71246, 133.99653,-167.54819, 183.67707, 134.51836,-161.63226, 185.71086, 112.54184,-144.40158, 184.27468,  89.63023,-132.19520, 184.14771,  87.00553,-134.04490, 183.78476,  83.53861,-135.73047, 182.68321,  81.24128,-136.59357, 185.39077,  85.92473,-133.25422, 186.22495,  80.42843,-132.71204, 185.33568,  76.73046,-132.57123, 184.18241,  74.90886,-132.47800, 185.41433,  86.13337,-131.97651, 186.24160,  80.88488,-130.75582, 184.91345,  77.10840,-129.65052, 182.84138,  75.59196,-129.22326, 185.42355,  86.41792,-131.08863, 186.21123,  81.95370,-129.23094, 185.06379,  78.85904,-127.74647, 183.14709,  77.37392,-127.09394, 185.30494,  86.92988,-130.06509, 185.99912,  83.13874,-127.73726, 185.20195,  80.86104,-126.13257, 183.73712,  79.92070,-125.56459, 162.95294, 134.10496,-166.87281, 147.30256, 130.42901,-167.74628, 153.47512, 105.56838,-179.05329, 166.00846,  87.65393,-193.12411, 169.14149,  87.91553,-193.78911, 172.88345,  87.58933,-194.72918, 175.43470,  86.73658,-194.72328, 169.18376,  87.52390,-195.57330, 172.85922,  85.31450,-199.15221, 175.83689,  83.24639,-200.31068, 177.47340,  81.83972,-200.30445, 168.26481,  86.65835,-195.86134, 171.35233,  84.03488,-199.50904, 173.93442,  80.98134,-200.62979, 175.37647,  78.97173,-199.81886, 167.52117,  86.10985,-195.98608, 169.64278,  83.30462,-199.39639, 171.43276,  80.33587,-200.43543, 172.67810,  78.24965,-199.80144, 166.55627,  85.48542,-195.93270, 167.90931,  82.55106,-199.06834, 168.91274,  80.00475,-200.02116, 169.67457,  78.43725,-199.45982
   1.23336, 167.14462,  90.20687,-140.20859, 177.81698,  91.17280,-137.72510, 180.84511,  49.59228,-154.82698, 174.27427,   9.72755,-143.14354, 156.47226,  89.24094,-142.69208, 156.22678,  44.53079,-148.30684, 144.56047,  11.66184,-124.80355, 167.27783,  97.56386,-143.64244, 167.46526, 113.04922,-152.77748, 167.21191, 123.35225,-160.30083, 166.04484, 137.84128,-172.75257, 165.85959, 141.57967,-174.76568, 165.77340, 145.70446,-175.78606, 169.27899, 133.39769,-169.31094, 184.22296, 133.75776,-163.33114, 186.55065, 112.43748,-145.33037, 185.05505,  90.33714,-131.71648, 185.16442,  87.60076,-133.39779, 185.07515,  84.02180,-134.87275, 184.14424,  81.61698,-135.63850, 186.42122,  86.64285,-132.48052, 187.51973,  81.24646,-131.54708, 186.82385,  77.51965,-131.21200, 185.76660,  75.64473,-131.05752, 186.36770,  86.93062,-131.21920, 187.41106,  81.82247,-129.62566, 186.23203,  78.05182,-128.34526, 184.22495,  76.44940,-127.92158, 186.31589,  87.26927,-130.35200, 187.24491,  82.97955,-128.17579, 186.19002,  79.92187,-126.55253, 184.32459,  78.37332,-125.89885, 186.11743,  87.83561,-129.37033, 186.89291,  84.24019,-126.77321, 186.13733,  82.02388,-125.06574, 184.69768,  81.03864,-124.50960, 163.51801, 133.50364,-168.64770, 147.85773, 129.89811,-169.63038, 154.55183, 105.63732,-181.90241, 167.65221,  88.76868,-196.72904, 170.78158,  89.15288,-197.35032, 174.53996,  88.98026,-198.26528, 177.11591,  88.20529,-198.26978, 170.85164,  88.83972,-199.14908, 174.62452,  86.89786,-202.78137, 177.67414,  84.97209,-203.99665, 179.35273,  83.61639,-204.03378, 169.96215,  87.96004,-199.48313, 173.16065,  85.58994,-203.20782, 175.84464,  82.66655,-204.43149, 177.34011,  80.66832,-203.69241, 169.23675,  87.39526,-199.63874, 171.47326,  84.80434,-203.14386, 173.36222,  81.93824,-204.29035, 174.66501,  79.86518,-203.73331, 168.29093,  86.74033,-199.62189, 169.76076,  83.98549,-202.86595, 170.84991,  81.51386,-203.91628, 171.65423,  79.94735,-203.41462
   1.25003, 168.12022,  89.45380,-142.72788, 178.80277,  90.46037,-140.30504, 182.20560,  49.61311,-159.02685, 176.28724,   9.50658,-147.83246, 157.43768,  88.44724,-145.15071, 156.26318,  43.52362,-148.47822, 143.60495,  12.25388,-123.36153, 168.19901,  96.82316,-146.13681, 168.29071, 112.35863,-155.18784, 168.00711, 122.71831,-162.63191, 166.86990, 137.33141,-174.94059, 166.68336, 141.08891,-176.91767, 166.58735, 145.22277,-177.89976, 170.09555, 132.85189,-171.53778, 185.02223, 133.01306,-165.50634, 187.73860, 112.37669,-146.77771, 186.22261,  91.05130,-131.98145, 186.55618,  88.24163,-133.50494, 186.72587,  84.59157,-134.78583, 185.96032,  82.10282,-135.46120, 187.81584,  87.40301,-132.48098, 189.14960,  82.13072,-131.20695, 188.63478,  78.39369,-130.70180, 187.67109,  76.47406,-130.49377, 187.68661,  87.75237,-131.24087, 188.91844,  82.79867,-129.32656, 187.87847,  79.04035,-127.89797, 185.94011,  77.35421,-127.47925, 187.57540,  88.13213,-130.39659, 188.62220,  84.01843,-127.95071, 187.65214,  80.99563,-126.21322, 185.84117,  79.38291,-125.56158, 187.30046,  88.73681,-129.45714, 188.13742,  85.32881,-126.63607, 187.41774,  83.16578,-124.84673, 186.00662,  82.13309,-124.30370, 164.33347, 132.95450,-170.88359, 148.66318, 129.42829,-171.98716, 155.82884, 105.82372,-185.23396, 169.34882,  89.90193,-200.71641, 172.47021,  90.40418,-201.29197, 176.23900,  90.38168,-202.17972, 178.83664,  89.68301,-202.19505, 172.56336,  90.17299,-203.10205, 176.41980,  88.50423,-206.78202, 179.53417,  86.72367,-208.05321, 181.25224,  85.42040,-208.13475, 171.70280,  89.28340,-203.48244, 174.99847,  87.17436,-207.27871, 177.77687,  84.38730,-208.60543, 179.32487,  82.40276,-207.94142, 170.99559,  88.70516,-203.66925, 173.33453,  86.33790,-207.26454, 175.31600,  83.58149,-208.51881, 176.67501,  81.52466,-208.04169, 170.06940,  88.02286,-203.68972, 171.64483,  85.45805,-207.03834, 172.81447,  83.06801,-208.18641, 173.66074,  81.50495,-207.74685
   1.26669, 169.22090,  88.86089,-145.46266, 179.91436,  89.90759,-143.10590, 183.81693,  49.82992,-163.33297, 178.20715,   9.66831,-152.17724, 158.52744,  87.81420,-147.81943, 156.48718,  42.81192,-148.92204, 142.90808,  12.98463,-122.56267, 169.24027,  96.24895,-148.83173, 169.22555, 111.85509,-157.76082, 168.90569, 122.29131,-165.09572, 167.79370, 137.06508,-177.21341, 167.60482, 140.84514,-179.14681, 167.49800, 144.98823,-180.08803, 171.01173, 132.53690,-173.86828, 185.92896, 132.51295,-167.81143, 189.13948, 112.66545,-148.32375, 187.66103,  92.15827,-132.40931, 188.26281,  89.28982,-133.72703, 188.74151,  85.58821,-134.75725, 188.17852,  83.01645,-135.30971, 189.51259,  88.60314,-132.58465, 191.10780,  83.52176,-130.90121, 190.80683,  79.79631,-130.18283, 189.95860,  77.83189,-129.90261, 189.28953,  89.01816,-131.37857, 190.72560,  84.28630,-129.08329, 189.84939,  80.56046,-127.47155, 188.00290,  78.77512,-127.04887, 189.10538,  89.44045,-130.56792, 190.27215,  85.56502,-127.80743, 189.40025,  82.59528,-125.93190, 187.66245,  80.90598,-125.27506, 188.73809,  90.08140,-129.68584, 189.62856,  86.91739,-126.60857, 188.94762,  84.82402,-124.72376, 187.57703,  83.73289,-124.19135, 165.24961, 132.63946,-173.21448, 149.57149, 129.18333,-174.42358, 157.05241, 106.12648,-188.43849, 170.85250,  91.02620,-204.48652, 173.96596,  91.60932,-205.02769, 177.73895,  91.69109,-205.89385, 180.35029,  91.04570,-205.91637, 174.07311,  91.43802,-206.84364, 177.98154,  89.96570,-210.55248, 181.13794,  88.28974,-211.86166, 182.88252,  87.02458,-211.97471, 173.23276,  90.54390,-207.25716, 176.59009,  88.62404,-211.09950, 179.43131,  85.93730,-212.49818, 181.01585,  83.96412,-211.88875, 172.53842,  89.95781,-207.46639, 174.94343,  87.75422,-211.12162, 176.98689,  85.07975,-212.45153, 178.38492,  83.03650,-212.03229, 171.62639,  89.25800,-207.51394, 173.27081,  86.83375,-210.93335, 174.49463,  84.50566,-212.15016, 175.37020,  82.94670,-211.75570
   1.28336, 170.36350,  88.23742,-148.21417, 181.07302,  89.33476,-145.95541, 185.34179,  49.82195,-167.19451, 179.88197,   9.64434,-156.02199, 159.65397,  87.14008,-150.47294, 156.74574,  42.18980,-149.20877, 142.09892,  14.10300,-121.54149, 170.29995,  95.65526,-151.51659, 170.13533, 111.36066,-160.26837, 169.75984, 121.89651,-167.45673, 168.66798, 136.87166,-179.32654, 168.47550, 140.67877,-181.20572, 168.35653, 144.83204,-182.09943, 171.87944, 132.28158,-176.06041, 186.79821, 132.08532,-170.01045, 190.48746, 112.95452,-149.90070, 189.07934,  93.41727,-132.80354, 189.91690,  90.53014,-133.93911, 190.66797,  86.81914,-134.74954, 190.28893,  84.19277,-135.19066, 191.14846,  89.98111,-132.70609, 192.96320,  85.10020,-130.68557, 192.85285,  81.40367,-129.78608, 192.11205,  79.40628,-129.44167, 190.84203,  90.44093,-131.53507, 192.44707,  85.92892,-128.92993, 191.71954,  82.24041,-127.16556, 189.96571,  80.36595,-126.73417, 190.59329,  90.89071,-130.75711, 191.85539,  87.23866,-127.74543, 191.07362,  84.31725,-125.75762, 189.41090,  82.55702,-125.09274, 190.14527,  91.55052,-129.92782, 191.07348,  88.60605,-126.65033, 190.42873,  86.57063,-124.69079, 189.10210,  85.42350,-124.16479, 166.11824, 132.38589,-175.39885, 150.43214, 128.99698,-176.69175, 158.09289, 106.39068,-191.32965, 172.10352,  92.09948,-207.92675, 175.20809,  92.74979,-208.44182, 178.98115,  92.91960,-209.29480, 181.60288,  92.31841,-209.32928, 175.32216,  92.63432,-210.26175, 179.26285,  91.33766,-214.00189, 182.44958,  89.75373,-215.35155, 184.21518,  88.52150,-215.49729, 174.49771,  91.73912,-210.70393, 177.89510,  89.99003,-214.59231, 180.78368,  87.39337,-216.06228, 182.39938,  85.42940,-215.50733, 173.81366,  91.14811,-210.93236, 176.26316,  89.09416,-214.64476, 178.35374,  86.49453,-216.04782, 179.78454,  84.46310,-215.68556, 172.91348,  90.43505,-211.00317, 174.60563,  88.14099,-214.48848, 175.87068,  85.87063,-215.77047, 176.77111,  84.31532,-215.42004
   1.30003, 171.38554,  87.76687,-150.72319, 182.11143,  88.91142,-148.56788, 186.72760,  49.71734,-170.31872, 181.18336,   9.56562,-159.09480, 160.65966,  86.62232,-152.87850, 156.80699,  41.89778,-148.94698, 141.26783,  15.30325,-120.30888, 171.23652,  95.22102,-153.94000, 170.91787, 111.03363,-162.49221, 170.48318, 121.66777,-169.53094, 169.40461, 136.83169,-181.15986, 169.20701, 140.66483,-182.98480, 169.07462, 144.82815,-183.82847, 172.61133, 132.18311,-177.97274, 187.54483, 131.82484,-171.96674, 191.79117, 113.37904,-151.33373, 190.47446,  94.74336,-133.25120, 191.50571,  91.85956,-134.22423, 192.48133,  88.16321,-134.83864, 192.25803,  85.50359,-135.17433, 192.71578,  91.43168,-132.92379, 194.70473,  86.74783,-130.62061, 194.75388,  83.09295,-129.55991, 194.10618,  81.07509,-129.15289, 192.34058,  91.92428,-131.78660, 194.07831,  87.62228,-128.92404, 193.47771,  83.97927,-127.02269, 191.80933,  82.03293,-126.57117, 192.03867,  92.39305,-131.03927, 193.37332,  88.94790,-127.82208, 192.66969,  86.07683,-125.73424, 191.07720,  84.25944,-125.05147, 191.52489,  93.06275,-130.25740, 192.47893,  90.31686,-126.81889, 191.86663,  88.33587,-124.79425, 190.58269,  87.14232,-124.26559, 166.85157, 132.29001,-177.29914, 151.15339, 128.98169,-178.65274, 158.89919, 106.77296,-193.84402, 173.00933,  93.08696,-210.86157, 176.10085,  93.81139,-211.35583, 179.86948,  94.07897,-212.20329, 182.50197,  93.52832,-212.25728, 176.21579,  93.75647,-213.17854, 180.17742,  92.65426,-216.95871, 183.39225,  91.17426,-218.35876, 185.18046,  89.98057,-218.54411, 175.40790,  92.86064,-213.64911, 178.83468,  91.30091,-217.59190, 181.77025,  88.80716,-219.14465, 183.42274,  86.85697,-218.65310, 174.73486,  92.26457,-213.89631, 177.21973,  90.37683,-217.67289, 179.35753,  87.86305,-219.15878, 180.82630,  85.84816,-218.86197, 173.84811,  91.53744,-213.98985, 175.58040,  89.38831,-217.54709, 176.88676,  87.18426,-218.90133, 177.81633,  85.63563,-218.60103
   1.31669, 172.26273,  87.48482,-152.83798, 183.00477,  88.69060,-150.79968, 187.94022,  49.69758,-172.83988, 182.04265,   9.66318,-161.37948, 161.52069,  86.27904,-154.87628, 156.91264,  41.89773,-148.57952, 140.66030,  16.42936,-119.32035, 172.01027,  94.98332,-155.94331, 171.50237, 110.92188,-164.24902, 170.98833, 121.66698,-171.11169, 169.90248, 137.03734,-182.46565, 169.69826, 140.89720,-184.23266, 169.55411, 145.06962,-185.02805, 173.11059, 132.32887,-179.36915, 188.06838, 131.85294,-173.43215, 192.99203, 114.13017,-152.32146, 191.81340,  96.40224,-133.33906, 193.01634,  93.53447,-134.14858, 194.19290,  89.86906,-134.56435, 194.11246,  87.18925,-134.78400, 194.20505,  93.22695,-132.79547, 196.35131,  88.75740,-130.22337, 196.54873,  85.16044,-128.99516, 195.98962,  83.13221,-128.51489, 193.77060,  93.74973,-131.69339, 195.62969,  89.67317,-128.58750, 195.15170,  86.09220,-126.53919, 193.56873,  84.08526,-126.04725, 193.42266,  94.23518,-130.97738, 194.82578,  91.00868,-127.56834, 194.20081,  88.20092,-125.37220, 192.67999,  86.33676,-124.65306, 192.85216,  94.91184,-130.24222, 193.83372,  92.37341,-126.65526, 193.25771,  90.45554,-124.56041, 192.01875,  89.22269,-124.01486, 167.35246, 132.43044,-178.68097, 151.64016, 129.19966,-180.05783, 159.36367, 107.24171,-195.62047, 173.50743,  94.09668,-213.03203, 176.58816,  94.86496,-213.52739, 180.34933,  95.19066,-214.38757, 182.98751,  94.67085,-214.46421, 176.69471,  94.84503,-215.35133, 180.64971,  93.85764,-219.16998, 183.87395,  92.44015,-220.61242, 185.67447,  91.27034,-220.82832, 175.89458,  93.94899,-215.83459, 179.31909,  92.50117,-219.82178, 182.27469,  90.06982,-221.43436, 183.95132,  88.12965,-220.98687, 175.22704,  93.35003,-216.08961, 177.71420,  91.56057,-219.91224, 179.87265,  89.09896,-221.45457, 181.36533,  87.09564,-221.20211, 174.34804,  92.61479,-216.19242, 176.08669,  90.55146,-219.79703, 177.41093,  88.38769,-221.19806, 178.35926,  86.84436,-220.93092
   1.33336, 172.85486,  87.74831,-154.53323, 183.61272,  89.02401,-152.62508, 188.59668,  50.01507,-174.62613, 182.24452,  10.13986,-162.85782, 162.09700,  86.47260,-156.44139, 157.05451,  42.53115,-147.82129, 140.14002,  17.79890,-118.30704, 172.48613,  95.29739,-157.50135, 171.75877, 111.38384,-165.49996, 171.14373, 122.26167,-172.14164, 170.01867, 137.87785,-183.15113, 169.80590, 141.76700,-184.85164, 169.65341, 145.94781,-185.60006, 173.23731, 133.10192,-180.17106, 188.23557, 132.55400,-174.34337, 193.81561, 115.43045,-152.90399, 192.85477,  98.71322,-133.01402, 194.23377,  95.87851,-133.63799, 195.61776,  92.26726,-133.82732, 195.68825,  89.57936,-133.90669, 195.39681,  95.70728,-132.23922, 197.70365,  91.50160,-129.37744, 198.05807,  87.98905,-127.95546, 197.59503,  85.96041,-127.38346, 194.90246,  96.26125,-131.17840, 196.88573,  92.45903,-127.81226, 196.54092,  88.96728,-125.59051, 195.05446,  86.90383,-125.03532, 194.50787,  96.76292,-130.49867, 195.98131,  93.79871,-126.88715, 195.44379,  91.07743,-124.56274, 194.00496,  89.17149,-123.78667, 193.88029,  97.44392,-129.81591, 194.89065,  95.15165,-126.07450, 194.35708,  93.31522,-123.89707, 193.17071,  92.04544,-123.32021, 167.48188, 133.18944,-179.45878, 151.75016, 130.04266,-180.80812, 159.32672, 108.18684,-196.58528, 173.40698,  95.38207,-214.29924, 176.47622,  96.18127,-214.81653, 180.22617,  96.54706,-215.70897, 182.86786,  96.05072,-215.81501, 176.56569,  96.17853,-216.64149, 180.49271,  95.25938,-220.50578, 183.71515,  93.88266,-221.99108, 185.52348,  92.73038,-222.23437, 175.76871,  95.27997,-217.12528, 179.16762,  93.89734,-221.15726, 182.12850,  91.50605,-222.81929, 183.82579,  89.57650,-222.40501, 175.10393,  94.67757,-217.37941, 177.57004,  92.94378,-221.24113, 179.73476,  90.51473,-222.82571, 181.24681,  88.52218,-222.60530, 174.23031,  93.93573,-217.48058, 175.95236,  91.91969,-221.11975, 177.28174,  89.78000,-222.55255, 178.24569,  88.24258,-222.30820
   1.35003, 173.20999,  88.31989,-156.06262, 183.98113,  89.65604,-154.27454, 188.86406,  50.47815,-175.99627, 182.14494,  10.65464,-164.25673, 162.43885,  86.98375,-157.85071, 157.18480,  43.60929,-146.82186, 139.79733,  19.05809,-117.43156, 172.73839,  95.91456,-158.89688, 171.81158, 112.13561,-166.59746, 171.09800, 123.13471,-173.02616, 169.91398, 138.97348,-183.70656, 169.69225, 142.88822,-185.34613, 169.53514, 147.07575,-186.05491, 173.14904, 134.14021,-180.83883, 188.20400, 133.54424,-175.16405, 194.53578, 116.93229,-153.53185, 193.84228, 101.08721,-132.92961, 195.36766,  98.29637,-133.38888, 196.92548,  94.75159,-133.37646, 197.12534,  92.06953,-133.32436, 196.50688,  98.24820,-131.96117, 198.94832,  94.29967,-128.85512, 199.43833,  90.87977,-127.25832, 199.05991,  88.86043,-126.59798, 195.96386,  98.82718,-130.93817, 198.05205,  95.28937,-127.35424, 197.82543,  91.89418,-124.97333, 196.42700,  89.78968,-124.34795, 195.53121,  99.34075,-130.29128, 197.06512,  96.62592,-126.51272, 196.60721,  93.99495,-124.07030, 195.24407,  92.06037,-123.23103, 194.85731, 100.02209,-129.65456, 195.89402,  97.96135,-125.78778, 195.40119,  96.20641,-123.53484, 194.26426,  94.90933,-122.92038, 167.39651, 134.20749,-180.10133, 151.63776, 131.16374,-181.36910, 158.95484, 109.30741,-197.26757, 172.92065,  96.66813,-215.18975, 175.97721,  97.49418,-215.73899, 179.71312,  97.89449,-216.67445, 182.35701,  97.41911,-216.81581, 176.04444,  97.50396,-217.56488, 179.93094,  96.64002,-221.48251, 183.14539,  95.29770,-223.01584, 184.95931,  94.16093,-223.28863, 175.24847,  96.60247,-218.04486, 178.60838,  95.27211,-222.12681, 181.56684,  92.91442,-223.84034, 183.28365,  90.99529,-223.45939, 174.58523,  95.99666,-218.29485, 177.01718,  94.30690,-222.19755, 179.18079,  91.90484,-223.82423, 180.71049,  89.92256,-223.63529, 173.71609,  95.24881,-218.39030, 175.40892,  93.26967,-222.06328, 176.73693,  91.14957,-223.52615, 177.71542,  89.61804,-223.30364
   1.36669, 173.36746,  88.42185,-157.23618, 184.15230,  89.78885,-155.55733, 188.99645,  50.41752,-176.93526, 182.01886,  10.63339,-165.21300, 162.58262,  87.05485,-158.91502, 157.38205,  44.19905,-145.99536, 139.62616,  19.37721,-117.05611, 172.82063,  96.05841,-159.94142, 171.73680, 112.40837,-167.34309, 170.93414, 123.52733,-173.55130, 169.66601, 139.58594,-183.88825, 169.43401, 143.52412,-185.46921, 169.27537, 147.71665,-186.14742, 172.92451, 134.69866,-181.14113, 188.03915, 134.08848,-175.62882, 195.29339, 118.00571,-153.88668, 195.03143, 102.92757,-132.70695, 196.70437, 100.20064,-133.00973, 198.43996,  96.74548,-132.80485, 198.77500,  94.08273,-132.62155, 197.81997, 100.27853,-131.56479, 200.40552,  96.61170,-128.23787, 201.04138,  93.30052,-126.47225, 200.75488,  91.29765,-125.72166, 197.23079, 100.87618,-130.57873, 199.43454,  97.62333,-126.79938, 199.34014,  94.33671,-124.26232, 198.04003,  92.19460,-123.55755, 196.76160, 101.39661,-129.96358, 198.36668,  98.94527,-126.03735, 198.00141,  96.41197,-123.47882, 196.72425,  94.45124,-122.56803, 196.04312, 102.07146,-129.37015, 197.11697, 100.25111,-125.39439, 196.67553,  98.58098,-123.06755, 195.59568,  97.25731,-122.40847, 167.17608, 134.74073,-180.37056, 151.38965, 131.79536,-181.52094, 158.38872, 109.83639,-197.42115, 172.16562,  97.17782,-215.47544, 175.21350,  98.00875,-216.06413, 178.93691,  98.41426,-217.04603, 181.57991,  97.94409,-217.21811, 175.25856,  98.01335,-217.89072, 179.09908,  97.14625,-221.85274, 182.29758,  95.80631,-223.42110, 184.11051,  94.67260,-223.71261, 174.45876,  97.10878,-218.35839, 177.77175,  95.77367,-222.47698, 180.71429,  93.41729,-224.21949, 182.43973,  91.50293,-223.85387, 173.79385,  96.50083,-218.59857, 176.18190,  94.80488,-222.52561, 178.33079,  92.40270,-224.17149, 179.86695,  90.42422,-223.99542, 172.92523,  95.75086,-218.68129, 174.57763,  93.76463,-222.36883, 175.89236,  91.64311,-223.84159, 176.87679,  90.11431,-223.62655
   1.38336, 173.31480,  88.63339,-158.11223, 184.11628,  90.00550,-156.54841, 188.96224,  50.45947,-177.60101, 181.76664,  10.73853,-165.79655, 162.51333,  87.26129,-159.67605, 157.73699,  44.78194,-145.41857, 139.67484,  19.92174,-116.70264, 172.71266,  96.31017,-160.68883, 171.50299, 112.79024,-167.77575, 170.62081, 124.03519,-173.74152, 169.25965, 140.32772,-183.69342, 169.01754, 144.28923,-185.21340, 168.85969, 148.48564,-185.86737, 172.54320, 135.38098,-181.08612, 187.72660, 134.76830,-175.76645, 195.86521, 119.11569,-154.02344, 196.24792, 104.77792,-132.33745, 198.09782, 102.15439,-132.48427, 200.04911,  98.83365,-132.08744, 200.55219,  96.21036,-131.76904, 199.18292, 102.37452,-131.03079, 201.94620,  99.04895,-127.49470, 202.76604,  95.87540,-125.56026, 202.59736,  93.89670,-124.71572, 198.54080, 102.97942,-130.08295, 200.88922, 100.06342,-126.12025, 200.96654,  96.90399,-123.42591, 199.79620,  94.71823,-122.63321, 198.02928, 103.49725,-129.50020, 199.72634, 101.34820,-125.43790, 199.48447,  98.92298,-122.76265, 198.32205,  96.92945,-121.77284, 197.25942, 104.15170,-128.94992, 198.38495, 102.59932,-124.87600, 198.01511, 101.01829,-122.47559, 197.01250,  99.66042,-121.76601, 166.80104, 135.40021,-180.26926, 150.98464, 132.55535,-181.24823, 157.57002, 110.37813,-197.02175, 171.07207,  97.55146,-215.16482, 174.11616,  98.36652,-215.79394, 177.82974,  98.75070,-216.82064, 180.46888,  98.26932,-217.01889, 174.14064,  98.35736,-217.62091, 177.93306,  97.44636,-221.61925, 181.10874,  96.08275,-223.21339, 182.91408,  94.94009,-223.51677, 173.33231,  97.45235,-218.07278, 176.59374,  96.07417,-222.21823, 179.50777,  93.69383,-223.97603, 181.23017,  91.77576,-223.61552, 172.66250,  96.84514,-218.30091, 174.99989,  95.11103,-222.24174, 177.12125,  92.68860,-223.89365, 178.65200,  90.70572,-223.72006, 171.79025,  96.09784,-218.36825, 173.39367,  94.07802,-222.05916, 174.68391,  91.94067,-223.53068, 175.66507,  90.40982,-223.31529
   1.40003, 173.01829,  88.89674,-158.75618, 183.83452,  90.24797,-157.27854, 188.68820,  50.48758,-177.92163, 181.45976,  10.77200,-166.11920, 162.20207,  87.54550,-160.23382, 158.16647,  45.28353,-145.12674, 139.88298,  20.47735,-116.50432, 172.39337,  96.60517,-161.23083, 171.12032, 113.18817,-168.06194, 170.18910, 124.53341,-173.82700, 168.75330, 141.01081,-183.45889, 168.50222, 144.99072,-184.92850, 168.34335, 149.19017,-185.56246, 172.05583, 136.01422,-180.97345, 187.32037, 135.37739,-175.89425, 196.41882, 120.10543,-154.26127, 197.52168, 106.31809,-132.24553, 199.53564, 103.81419,-132.27714, 201.68945, 100.64200,-131.73798, 202.35461,  98.07005,-131.31520, 200.58972, 104.15786,-130.82480, 203.52216, 101.15137,-127.14229, 204.52185,  98.11198,-125.08113, 204.47040,  96.15991,-124.16258, 199.90090, 104.75600,-129.90590, 202.38902, 102.14764,-125.81605, 202.63908,  99.10373,-123.00189, 201.60169,  96.87934,-122.13497, 199.35166, 105.26183,-129.34745, 201.14010, 103.38054,-125.19259, 201.02527, 101.04775,-122.42816, 199.98158,  99.02303,-121.37160, 198.53628, 105.88621,-128.82869, 199.71641, 104.56394,-124.68957, 199.42313, 103.05446,-122.23317, 198.50147, 101.66324,-121.47978, 166.32095, 136.02109,-180.10682, 150.47636, 133.26680,-180.86386, 156.51624, 110.75293,-196.37661, 169.71659,  97.64721,-214.54226, 172.75840,  98.44307,-215.20599, 176.46391,  98.80193,-216.27034, 179.09878,  98.30655,-216.48973, 172.76564,  98.42018,-217.03299, 176.51593,  97.46139,-221.05979, 179.67003,  96.07087,-222.67339, 181.46707,  94.91741,-222.98512, 171.94886,  97.51568,-217.47046, 175.16462,  96.09117,-221.63588, 178.05079,  93.68397,-223.40305, 179.76750,  91.76047,-223.04434, 171.27409,  96.90998,-217.68774, 173.56613,  95.13547,-221.63722, 175.66047,  92.69073,-223.29075, 177.18348,  90.70195,-223.11667, 170.39776,  96.16636,-217.74129, 171.95688,  94.11149,-221.43184, 173.22318,  91.95712,-222.89934, 174.19914,  90.42327,-222.68170
   1.41670, 172.60979,  88.87699,-159.13040, 183.44068,  90.18925,-157.72696, 188.31360,  50.14556,-177.81032, 181.15938,  10.40054,-166.06187, 161.77889,  87.56473,-160.53384, 158.56676,  45.30555,-145.22281, 140.25854,  20.86610,-116.30227, 171.98287,  96.61090,-161.52373, 170.69328, 113.26980,-168.16439, 169.74357, 124.68441,-173.78777, 168.27405, 141.28463,-183.20120, 168.01793, 145.27699,-184.63577, 167.85681, 149.47863,-185.25444, 171.58289, 136.24779,-180.80708, 186.91995, 135.57878,-175.95561, 197.14706, 120.69666,-154.55634, 199.16194, 107.29306,-132.36887, 201.34471, 104.93485,-132.33920, 203.71251, 101.93392,-131.72247, 204.55378,  99.42549,-131.23653, 202.37030, 105.38646,-130.89603, 205.49874, 102.68219,-127.14119, 206.70375,  99.77114,-125.00593, 206.78643,  97.84341,-124.03949, 201.64032, 105.95784,-129.99200, 204.29730, 103.62983,-125.83966, 204.75369, 100.68082,-122.95132, 203.87177,  98.41187,-122.02954, 201.05650, 106.43795,-129.44606, 202.96499, 104.78812,-125.24649, 203.00813, 102.52177,-122.42533, 202.10580, 100.45617,-121.31889, 200.19903, 107.01686,-128.94267, 201.46193, 105.88196,-124.77247, 201.27042, 104.41673,-122.27952, 200.44634, 102.98390,-121.49181, 165.85583, 136.26074,-179.89020, 149.99060, 133.57478,-180.42892, 155.47760, 110.68636,-195.59510, 168.30323,  97.14192,-213.70729, 171.34708,  97.89339,-214.41214, 175.04509,  98.19528,-215.51938, 177.67141,  97.66574,-215.76051, 171.33466,  97.84918,-216.23873, 175.03033,  96.79863,-220.29303, 178.15037,  95.35162,-221.92312, 179.93014,  94.17310,-222.24007, 170.50258,  96.94954,-216.65696, 173.65678,  95.43815,-220.83880, 176.49518,  92.97604,-222.60769, 178.19259,  91.03635,-222.24440, 169.81838,  96.34951,-216.86003, 172.04710,  94.50178,-220.81217, 174.09453,  92.01299,-222.45871, 175.59554,  90.00820,-222.27723, 168.93275,  95.61591,-216.89566, 170.42805,  93.49969,-220.57793, 171.65298,  91.31334,-222.03320, 172.61288,  89.77050,-221.80778
   1.43336, 172.14581,  88.67718,-159.22386, 182.99190,  89.94784,-157.90181, 187.88954,  49.62408,-177.41056, 180.95404,   9.82624,-165.70985, 161.29973,  87.40652,-160.54591, 159.04571,  44.88192,-145.80950, 140.81190,  21.20942,-116.21192, 171.51979,  96.43372,-161.54304, 170.22220, 113.15763,-168.01663, 169.26203, 124.62990,-173.51960, 167.77533, 141.33070,-182.75067, 167.51430, 145.33423,-184.15285, 167.34760, 149.53854,-184.75158, 171.08514, 136.25687,-180.43737, 186.49074, 135.52753,-175.81723, 197.75500, 120.95387,-154.72873, 200.92113, 107.88663,-132.47512, 203.27306, 105.69723,-132.43677, 205.86279, 102.88899,-131.80474, 206.89249, 100.45692,-131.29398, 204.27603, 106.24403,-131.01074, 207.63220, 103.83255,-127.25309, 209.07023, 101.04939,-125.09167, 209.30495,  99.14702,-124.10028, 203.51432, 106.77256,-130.10681, 206.37623, 104.70700,-125.95181, 207.07774, 101.84126,-123.02901, 206.37546,  99.52655,-122.06748, 202.90172, 107.21583,-129.56125, 204.96737, 105.77175,-125.36025, 205.20548, 103.55516,-122.50943, 204.46952, 101.44433,-121.36580, 202.00850, 107.73673,-129.05667, 203.39187, 106.75789,-124.88514, 203.33342, 105.31808,-122.37080, 202.62549, 103.83950,-121.55520, 165.36655, 136.28283,-179.46939, 149.48872, 133.63788,-179.79917, 154.34062, 110.28448,-194.46469, 166.67964,  96.11600,-212.43698, 169.72512,  96.80829,-213.19351, 173.41250,  97.03421,-214.35306, 176.02705,  96.46008,-214.61880, 169.68812,  96.73354,-215.01876, 173.31396,  95.55782,-219.10165, 176.38995,  94.03545,-220.74674, 178.14723,  92.82434,-221.06638, 168.83700,  95.83998,-215.41091, 171.91278,  94.20977,-219.60652, 174.68988,  91.67459,-221.36947, 176.36210,  89.71524,-220.99501, 168.14113,  95.24728,-215.59494, 170.28948,  93.29902,-219.54330, 172.27697,  90.75147,-221.17334, 173.74945,  88.72702,-220.97701, 167.24401,  94.52699,-215.60671, 168.65853,  92.32620,-219.27129, 169.83080,  90.09696,-220.70470, 170.76990,  88.54346,-220.46537
   1.45003, 171.62613,  89.12860,-159.24559, 182.48359,  90.36844,-157.98929, 187.41006,  49.71793,-176.80018, 180.75169,   9.83660,-165.22345, 160.76867,  87.88876,-160.50189, 159.58091,  44.92726,-146.95633, 141.57179,  22.26213,-116.44667, 171.00156,  96.89944,-161.51679, 169.70251, 113.66268,-167.88757, 168.74038, 125.16849,-173.31971, 167.25571, 141.92686,-182.44617, 166.99288, 145.93745,-183.82770, 166.82255, 150.14387,-184.41037, 170.56125, 136.82665,-180.18538, 186.03419, 136.01381,-175.81073, 198.38150, 121.65355,-155.18728, 202.68316, 108.79867,-133.00062, 205.16515, 106.75753,-133.00688, 207.93356, 104.11392,-132.42411, 209.11980, 101.75005,-131.93312, 206.15942, 107.36627,-131.59998, 209.72729, 105.16895,-127.90658, 211.37364, 102.48142,-125.77296, 211.74315, 100.59806,-124.78637, 205.38392, 107.84809,-130.68179, 208.44483, 105.96618,-126.58175, 209.37560, 103.15190,-123.67298, 208.83473, 100.79953,-122.69859, 204.75570, 108.25357,-130.12472, 206.98476, 106.94323,-125.96359, 207.41195, 104.74841,-123.11799, 206.82841, 102.59767,-121.96088, 203.84191, 108.71930,-129.60331, 205.36103, 107.83148,-125.45874, 205.43831, 106.39346,-122.94388, 204.83782, 104.87515,-122.11521, 164.84996, 136.87049,-179.17578, 148.96411, 134.25585,-179.29121, 153.06976, 110.33444,-193.25221, 164.91893,  95.49935,-211.01502, 167.96183,  96.11280,-211.84628, 171.63009,  96.23705,-213.07948, 174.22802,  95.60623,-213.37771, 167.88881,  95.98963,-213.66782, 171.41405,  94.63543,-217.78339, 174.42947,  93.01093,-219.44286, 176.15758,  91.75836,-219.76174, 167.01396,  95.10223,-214.01965, 169.97875,  93.30124,-218.22531, 172.67435,  90.66700,-219.96943, 174.31673,  88.68692,-219.57259, 166.30384,  94.51817,-214.17455, 168.34032,  92.42364,-218.10729, 170.24889,  89.79567,-219.70364, 171.68700,  87.74954,-219.47937, 165.39345,  93.81505,-214.15009, 166.69705,  91.48978,-217.77875, 167.80033,  89.20079,-219.17221, 168.71481,  87.63667,-218.90796
   1.46670, 171.12996,  89.77055,-159.21153, 181.99545,  90.99409,-158.00987, 186.98913,  49.96803,-175.96842, 180.61171,   9.98364,-164.59071, 160.26447,  88.54700,-160.41320, 160.03215,  45.12226,-148.37901, 142.55650,  23.18279,-117.03994, 170.50063,  97.55212,-161.44434, 169.19000, 114.33904,-167.75006, 168.22031, 125.85983,-173.14901, 166.73123, 142.63801,-182.23828, 166.46636, 146.65192,-183.60972, 166.29346, 150.85986,-184.18056, 170.03515, 137.52470,-180.00487, 185.55850, 136.61889,-175.83174, 199.15855, 122.43552,-155.88504, 204.71966, 109.68628,-133.91846, 207.29077, 107.76210,-134.03464, 210.19515, 105.24214,-133.57991, 211.50404, 102.92972,-133.16088, 208.30284, 108.39883,-132.65305, 212.08942, 106.32351,-129.10990, 213.92763, 103.68894,-127.06891, 214.41577, 101.81271,-126.12105, 207.53739, 108.83308,-131.70324, 210.81706, 107.04443,-127.73265, 211.97265, 104.24075,-124.89516, 211.57292, 101.85418,-123.93593, 206.91034, 109.20229,-131.12024, 209.33542, 107.94542,-127.05330, 209.95781, 105.73802,-124.25381, 209.51239, 103.54865,-123.10778, 205.99423, 109.61894,-130.56262, 207.69064, 108.75155,-126.48300, 207.91798, 107.28797,-123.99208, 207.41570, 105.73354,-123.16503, 164.32978, 137.58273,-178.96304, 148.44199, 134.97793,-178.90810, 151.86455, 110.52635,-192.11440, 163.13874,  94.86954,-209.54302, 166.17367,  95.40158,-210.45554, 169.81677,  95.42084,-211.76697, 172.39648,  94.73419,-212.09817, 166.06019,  95.22258,-212.27037, 169.47394,  93.67637,-216.41217, 172.42507,  91.94639,-218.08061, 174.12405,  90.65346,-218.39485, 165.16284,  94.34049,-212.57581, 168.00669,  92.35505,-216.78196, 170.61879,  89.61912,-218.49632, 172.23449,  87.62318,-218.07047, 164.43957,  93.76475,-212.69748, 166.35610,  91.51130,-216.60255, 168.18467,  88.80047,-218.15332, 169.59140,  86.73678,-217.89364, 163.51781,  93.07928,-212.63203, 164.70413,  90.61801,-216.21088, 165.73787,  88.26684,-217.55319, 166.63039,  86.69555,-217.25815
   1.48336, 170.68649,  90.52539,-159.16431, 181.56031,  91.73082,-158.02101, 186.62241,  50.36054,-175.15165, 180.50236,  10.28481,-163.95539, 159.81268,  89.31997,-160.30760, 160.36837,  45.41430,-150.18005, 143.77513,  23.97039,-118.02887, 170.05322,  98.31795,-161.35733, 168.72819, 115.12738,-167.59974, 167.74352, 126.66037,-172.96986, 166.22846, 143.45064,-182.03249, 165.96246, 147.46587,-183.39983, 165.79375, 151.67420,-183.96909, 169.53721, 138.32993,-179.82330, 185.09980, 137.34766,-175.81692, 199.83847, 123.26715,-156.62028, 206.91131, 110.55960,-135.06818, 209.54593, 108.74153,-135.35088, 212.56370, 106.32927,-135.09313, 213.97932, 104.06199,-134.79051, 210.59831, 109.38811,-134.00443, 214.62867, 107.38892,-130.69407, 216.66335, 104.78609,-128.80437, 217.26854, 102.91080,-127.92459, 209.86349, 109.77135,-133.00954, 213.39753, 108.02936,-129.24164, 214.79587, 105.21356,-126.52809, 214.53507, 102.79310,-125.60671, 209.25160, 110.10293,-132.38902, 211.91687, 108.85632,-128.47201, 212.75823, 106.61593,-125.75726, 212.45327, 104.38666,-124.64259, 208.34814, 110.47101,-131.77905, 210.27175, 109.58439,-127.80575, 210.67530, 108.07805,-125.36311, 210.27374, 106.48765,-124.54952, 163.83792, 138.39542,-178.74918, 147.95005, 135.79836,-178.54655, 150.69463, 110.80249,-190.86214, 161.24870,  94.11138,-207.77423, 164.26571,  94.52881,-208.79888, 167.86693,  94.40138,-210.21569, 170.41946,  93.63927,-210.58974, 164.09334,  94.26931,-210.59929, 167.34469,  92.45384,-214.76245, 170.20455,  90.57951,-216.43388, 171.86394,  89.23358,-216.73698, 163.16768,  93.39563,-210.83689, 165.83777,  91.15208,-215.02714, 168.33499,  88.27907,-216.68760, 169.91787,  86.26707,-216.21650, 162.42838,  92.83222,-210.91038, 164.17494,  90.35683,-214.76040, 165.89471,  87.53499,-216.23579, 167.26223,  85.45265,-215.92134, 161.49395,  92.17254,-210.78611, 162.51606,  89.52191,-214.27938, 163.45591,  87.08768,-215.54017, 164.32164,  85.51090,-215.19835
   1.50003, 170.29272,  91.31493,-159.13731, 181.17316,  92.50709,-158.04420, 186.34716,  50.79678,-174.29423, 180.53039,  10.62747,-163.27300, 159.41229,  90.12278,-160.23043, 160.75797,  45.75577,-152.46243, 145.13681,  24.47939,-119.71842, 169.65505,  99.11613,-161.29813, 168.31060, 115.94493,-167.48395, 167.30331, 127.49018,-172.82343, 165.74146, 144.29516,-181.85077, 165.47515, 148.31052,-183.21770, 165.31676, 152.51803,-183.79589, 169.06187, 139.17169,-179.66560, 184.66298, 138.12508,-175.82894, 200.54521, 124.07658,-157.54249, 209.03848, 111.34760,-136.52256, 211.69634, 109.60256,-136.98859, 214.77875, 107.25955,-136.95049, 216.26060, 105.02091,-136.78113, 212.80224, 110.24083,-135.68165, 217.04532, 108.25892,-132.63742, 219.23587, 105.66032,-130.92441, 219.92962, 103.77899,-130.12674, 212.11164, 110.58078,-134.64043, 215.87711, 108.83222,-131.10705, 217.48032, 105.98445,-128.54436, 217.32435, 103.53594,-127.67484, 211.52542, 110.88153,-133.98066, 214.41981, 109.60293,-130.24055, 215.45363, 107.31648,-127.63277, 215.25921, 105.05311,-126.56297, 210.64672, 111.21184,-133.31540, 212.79522, 110.27336,-129.47137, 213.36066, 108.71656,-127.09333, 213.03922, 107.09684,-126.30229, 163.36763, 139.23379,-178.56483, 147.48208, 136.64066,-178.19723, 149.49638, 111.06134,-189.40618, 159.35197,  93.36938,-205.71146, 162.33871,  93.65774,-206.86158, 165.88321,  93.36668,-208.39265, 168.40346,  92.52461,-208.81142, 162.09632,  93.30336,-208.63758, 165.15601,  91.18393,-212.80235, 167.91258,  89.15270,-214.46398, 169.53030,  87.75302,-214.74836, 161.14390,  92.44014,-208.79370, 163.61254,  89.90573,-212.94143, 165.98540,  86.88685,-214.52361, 167.53990,  84.86688,-213.99550, 160.39033,  91.89126,-208.80991, 161.94340,  89.16618,-212.57323, 163.54723,  86.22708,-213.94673, 164.87940,  84.13337,-213.56354, 159.44678,  91.26185,-208.61664, 160.28500,  88.39877,-211.98912, 161.12575,  85.87696,-213.14325, 161.96858,  84.30134,-212.74374
   1.51670, 169.94054,  92.06783,-159.16919, 180.82640,  93.24889,-158.11890, 186.10412,  51.16338,-173.33532, 180.58353,  10.90413,-162.49139, 159.05467,  90.88677,-160.21948, 160.96589,  46.20245,-154.72022, 146.53684,  24.69626,-121.58170, 169.29902,  99.87664,-161.30116, 167.93401, 116.72363,-167.43273, 166.90018, 128.28148,-172.73980, 165.27977, 145.10275,-181.72639, 165.01337, 149.11719,-183.09600, 164.86839, 153.32275,-183.69160, 168.61475, 139.97660,-179.56989, 184.24676, 138.89253,-175.87190, 201.37515, 124.84383,-158.74729, 211.38907, 111.99429,-138.48375, 214.03863, 110.30954,-139.16786, 217.15194, 108.01861,-139.39433, 218.67451, 105.80099,-139.38830, 215.21365, 110.92523,-137.91137, 219.66587, 108.92091,-135.19853, 221.99652, 106.30731,-133.70762, 222.76614, 104.41395,-133.01494, 214.58380, 111.22089,-136.81936, 218.58617, 109.42649,-133.58172, 220.38692, 106.52751,-131.21516, 220.32141, 104.05079,-130.41692, 214.03512, 111.49102,-136.11553, 217.17396, 110.14520,-132.60311, 218.40095, 107.79621,-130.13857, 218.30670, 105.49763,-129.13222, 213.19444, 111.78561,-135.38734, 215.59029, 110.76392,-131.71454, 216.32479, 109.14343,-129.42698, 216.07699, 107.49465,-128.67022, 162.92686, 140.03419,-178.43647, 147.04539, 137.44224,-177.91614, 148.44873, 111.38001,-188.05473, 157.54150,  92.61523,-203.58548, 160.49047,  92.77180,-204.85261, 163.97107,  92.31628,-206.48670, 166.45673,  91.39544,-206.94459, 160.17734,  92.32541,-206.59651, 163.04137,  89.91024,-210.73938, 165.69400,  87.72831,-212.37899, 167.27116,  86.27874,-212.64031, 159.20226,  91.47670,-206.67098, 161.46777,  88.66163,-210.75314, 163.71941,  85.50690,-212.24486, 165.24964,  83.48448,-211.65851, 158.43739,  90.94499,-206.63032, 159.79792,  87.98160,-210.28654, 161.29032,  84.93547,-211.54790, 162.59170,  82.83647,-211.09433, 157.48854,  90.34877,-206.36956, 158.14596,  87.28544,-209.60332, 158.89243,  84.68529,-210.64275, 159.71622,  83.11545,-210.18500
   1.53336, 169.53713,  92.60049,-159.26755, 180.42861,  93.77788,-158.27292, 185.81238,  51.37710,-172.54780, 180.58870,  11.02290,-161.91168, 158.64564,  91.42309,-160.26218, 161.11017,  46.54337,-157.04955, 148.14386,  24.42724,-123.70849, 168.88385, 100.41714,-161.36695, 167.48205, 117.28345,-167.43679, 166.41228, 128.85507,-172.70660, 164.72493, 145.69536,-181.64512, 164.45847, 149.70854,-183.01838, 164.32897, 153.91149,-183.63558, 168.07562, 140.56399,-179.52570, 183.73991, 139.46044,-175.97292, 201.93007, 125.38599,-160.00333, 213.68848, 112.36664,-140.81384, 216.30074, 110.75600,-141.76697, 219.41896, 108.52931,-142.32458, 220.96814, 106.33945,-142.52623, 217.56023, 111.34073,-140.57942, 222.23528, 109.30531,-138.29906, 224.70976, 106.67408,-137.09939, 225.55660, 104.76784,-136.54616, 217.01217, 111.58161,-139.43128, 221.27618, 109.72722,-136.58513, 223.29368, 106.76676,-134.48447, 223.32416, 104.25927,-133.78647, 216.51553, 111.81393,-138.67710, 219.93356, 110.38198,-135.47284, 221.37893, 107.95730,-133.20812, 221.39429, 105.61895,-132.29325, 215.72932, 112.06474,-137.87538, 218.41445, 110.93754,-134.44130, 219.34512, 109.23938,-132.28527, 219.17917, 107.55761,-131.58051, 162.39688, 140.62049,-178.34725, 146.52200, 138.02883,-177.65329, 147.35222, 111.53153,-186.66461, 155.66744,  91.71182,-201.29459, 158.56790,  91.71956,-202.67799, 161.97121,  91.08156,-204.41086, 164.41550,  90.07320,-204.90557, 158.17728,  91.17970,-204.37931, 160.82251,  88.45445,-208.47502, 163.35892,  86.11407,-210.07966, 164.89113,  84.61244,-210.31288, 157.18086,  90.35288,-204.36665, 159.22136,  87.24718,-208.35564, 161.34062,  83.95475,-209.73985, 162.84569,  81.93232,-209.09164, 156.40616,  89.84389,-204.26587, 157.55571,  86.63791,-207.78736, 158.92792,  83.48647,-208.91990, 160.19747,  81.38560,-208.39103, 155.45471,  89.28806,-203.93482, 155.91596,  86.02480,-207.00270, 156.56181,  83.35021,-207.91257, 157.36653,  81.78968,-207.39321
   1.55003, 169.11504,  92.92015,-159.41084, 180.01198,  94.09677,-158.47688, 185.45841,  51.39907,-171.81204, 180.52290,  10.96725,-161.33423, 158.21810,  91.74353,-160.34480, 161.32645,  46.79408,-159.66024, 149.72040,  23.82862,-126.39220, 168.44812, 100.74254,-161.48445, 167.00684, 117.62357,-167.50391, 165.90135, 129.20622,-172.74202, 164.15204, 146.06284,-181.63773, 163.88710, 150.07461,-183.01542, 163.77519, 154.27482,-183.65434, 167.51642, 140.92533,-179.55520, 183.21974, 139.80947,-176.18316, 202.40427, 125.65517,-161.49952, 215.72298, 112.47485,-143.47478, 218.27379, 110.94015,-144.68499, 221.36538, 108.78106,-145.56408, 222.91868, 106.62274,-145.97028, 219.61228, 111.49404,-143.57136, 224.46667, 109.43351,-141.73068, 227.05232, 106.79068,-140.82760, 227.95875, 104.87564,-140.41776, 219.14915, 111.68096,-142.37670, 223.63409, 109.77284,-139.93426, 225.83509, 106.75853,-138.11301, 225.94484, 104.22567,-137.52294, 218.70790, 111.87586,-141.57877, 222.37153, 110.36371,-138.69921, 224.00853, 107.87017,-136.64990, 224.11762, 105.49736,-135.83566, 217.98126, 112.08333,-140.71116, 220.92802, 110.85625,-137.53557, 222.03580, 109.08583,-135.52639, 221.94127, 107.37494,-134.88102, 161.84784, 140.98422,-178.32892, 145.98455, 138.38660,-177.42439, 146.21180, 111.46824,-185.12830, 153.71331,  90.61526,-198.72539, 156.54973,  90.44290,-200.22592, 159.85498,  89.58810,-202.05266, 162.24617,  88.47460,-202.58037, 156.07028,  89.80500,-201.86961, 158.45693,  86.73695,-205.88084, 160.85438,  84.21936,-207.42991, 162.33231,  82.65915,-207.62598, 155.05260,  89.01191,-201.76023, 156.82934,  85.59003,-205.61445, 158.79317,  82.15019,-206.86279, 160.26787,  80.12917,-206.14425, 154.26908,  88.53474,-201.59347, 155.17366,  85.07095,-204.93781, 156.40637,  81.81126,-205.91354, 157.63846,  79.71143,-205.29891, 153.31780,  88.03139,-201.18667, 153.55319,  84.56142,-204.04628, 154.08358,  81.81432,-204.80161, 154.86618,  80.26712,-204.21317
   1.56670, 168.67926,  93.13005,-159.58141, 179.58186,  94.31782,-158.73134, 185.15082,  51.34218,-171.08708, 180.53902,  10.84324,-160.72163, 157.77666,  91.94228,-160.43147, 161.48217,  47.05860,-161.95077, 151.25216,  22.86588,-129.10364, 167.98671, 100.95582,-161.63374, 166.48067, 117.84792,-167.60612, 165.32499, 129.44099,-172.81023, 163.49991, 146.31680,-181.65419, 163.23255, 150.32837,-183.03200, 163.13366, 154.52667,-183.68545, 166.88098, 141.17263,-179.61560, 182.62037, 140.05382,-176.41716, 202.83587, 125.79380,-163.30285, 217.68982, 112.44514,-146.65432, 220.14801, 111.00062,-148.13663, 223.17843, 108.92499,-149.36165, 224.71453, 106.80818,-149.99064, 221.56766, 111.52252,-147.11158, 226.57666, 109.44820,-145.76765, 229.25362, 106.80316,-145.19910, 230.20949, 104.88426,-144.95189, 221.20211, 111.64976,-145.87594, 225.89070, 109.69590,-143.89587, 228.26321, 106.63367,-142.39874, 228.44599, 104.07878,-141.93534, 220.82579, 111.80294,-145.03671, 224.72775, 110.21400,-142.53659, 226.55171, 107.65417,-140.74281, 226.75060, 105.24917,-140.04889, 220.17064, 111.96170,-144.10431, 223.37959, 110.63461,-141.23815, 224.66569, 108.79171,-139.40838, 224.64127, 107.05267,-138.83592, 161.22494, 141.23321,-178.33280, 145.37614, 138.62566,-177.22547, 145.09924, 111.39546,-183.74005, 151.76663,  89.57644,-196.20906, 154.53756,  89.23464,-197.80017, 157.74572,  88.17924,-199.69391, 160.08368,  86.96739,-200.24296, 153.97814,  88.51750,-199.38487, 156.12457,  85.15468,-203.29426, 158.39135,  82.48266,-204.78008, 159.81766,  80.87098,-204.93850, 152.94421,  87.76228,-199.19181, 154.47781,  84.07335,-202.90139, 156.29790,  80.51109,-204.01717, 157.74358,  78.49232,-203.23601, 152.15499,  87.31875,-198.96866, 152.83584,  83.64301,-202.13505, 153.94100,  80.29771,-202.96255, 155.13820,  78.20145,-202.27153, 151.20669,  86.86785,-198.49832, 151.23754,  83.23354,-201.15619, 151.66358,  80.43309,-201.76806, 152.42582,  78.90001,-201.11906
   1.58337, 168.23915,  93.23643,-159.76022, 179.14808,  94.44213,-159.02434, 184.83085,  51.25546,-170.56567, 180.51684,  10.72354,-160.20094, 157.33022,  92.03073,-160.49610, 161.64756,  47.32817,-164.18741, 153.00456,  21.53765,-132.10903, 167.51073, 101.06515,-161.78875, 165.91380, 117.96757,-167.70808, 164.68733, 129.57066,-172.87350, 162.75358, 146.46536,-181.65810, 162.47680, 150.47775,-183.03166, 162.38478, 154.67514,-183.69192, 166.15936, 141.31667,-179.67276, 181.93722, 140.19738,-176.67003, 202.98039, 125.83445,-165.05575, 219.46482, 112.34789,-150.14347, 221.78245, 111.01380,-151.92541, 224.70002, 109.04448,-153.53847, 226.18776, 106.98342,-154.41867, 223.28910, 111.50329,-151.01496, 228.42241, 109.43393,-150.26269, 231.16531, 106.80112,-150.08820, 232.15775, 104.88569,-150.03189, 223.04260, 111.56332,-149.74521, 227.91691, 109.57790,-148.32382, 230.44959, 106.47768,-147.21856, 230.69901, 103.90555,-146.90624, 222.74713, 111.66898,-148.86719, 226.88505, 110.01098,-146.83511, 228.89565, 107.38999,-145.35692, 229.18186, 104.95620,-144.80928, 222.18301, 111.77166,-147.86968, 225.66389, 110.34719,-145.39424, 227.13612, 108.43287,-143.79225, 227.18240, 106.66714,-143.30995, 160.51976, 141.37484,-178.31944, 144.69040, 138.75041,-176.99510, 143.92064, 111.27118,-182.31484, 149.66066,  88.48149,-193.43610, 152.36086,  87.96529,-195.10013, 155.46567,  86.70647,-197.04124, 157.74523,  85.39290,-197.60181, 151.72344,  87.18026,-196.62195, 153.62628,  83.54155,-200.40852, 155.75750,  80.72156,-201.81960, 157.12867,  79.05928,-201.93656, 150.67521,  86.46989,-196.35137, 151.96343,  82.53610,-199.89917, 153.63541,  78.86211,-200.87575, 155.04783,  76.84455,-200.03305, 149.88175,  86.06448,-196.07666, 150.33820,  82.20067,-199.05379, 151.31290,  78.78168,-199.73023, 152.47155,  76.68969,-198.96455, 148.93812,  85.67034,-195.54940, 148.76491,  81.89637,-197.99902, 149.08521,  79.05447,-198.46741, 149.82457,  77.53599,-197.76022
   1.60003, 167.78587,  93.30308,-159.94260, 178.69901,  94.52904,-159.30980, 184.57917,  51.18488,-170.13991, 180.50748,  10.64909,-159.69261, 156.87273,  92.07712,-160.57539, 161.77256,  47.70566,-166.71947, 154.58471,  20.34489,-135.59716, 167.02275, 101.13341,-161.95207, 165.33604, 118.04326,-167.82509, 164.03719, 129.65465,-172.95405, 161.98670, 146.56564,-181.68064, 161.69824, 150.57895,-183.04907, 161.61037, 154.77575,-183.71367, 165.41953, 141.41529,-179.74685, 181.24095, 140.29939,-176.98144, 203.01580, 125.82704,-166.96111, 220.84058, 112.26544,-153.75657, 223.00047, 111.03658,-155.79405, 225.77721, 109.17215,-157.74495, 227.19524, 107.16822,-158.84475, 224.57840, 111.50149,-154.99875, 229.77214, 109.45626,-154.79563, 232.53760, 106.84801,-154.98225, 233.54417, 104.94277,-155.09995, 224.44484, 111.50258,-153.71081, 229.43923, 109.50880,-152.81526, 232.08085, 106.39015,-152.07822, 232.37446, 103.80955,-151.90528, 224.22751, 111.56608,-152.80630, 228.54023, 109.86441,-151.22344, 230.69157, 107.20235,-150.04771, 231.04171, 104.74993,-149.63762, 223.75319, 111.61842,-151.75937, 227.44910, 110.12332,-149.66691, 229.07033, 108.15593,-148.28873, 229.17115, 106.37118,-147.89242, 159.79660, 141.46691,-178.32558, 143.99553, 138.81248,-176.74751, 142.67773, 111.12767,-180.72428, 147.60533,  87.58213,-190.58968, 150.21892,  86.87013,-192.31847, 153.20031,  85.38615,-194.29369, 155.40987,  83.95939,-194.85791, 149.49581,  86.02018,-193.76526, 151.12305,  82.09669,-197.39257, 153.09957,  79.12221,-198.70844, 154.40744,  77.40699,-198.77535, 148.43532,  85.36580,-193.41345, 149.44805,  81.18450,-196.76192, 150.95379,  77.40058,-197.57563, 152.32835,  75.38625,-196.66531, 147.63985,  85.00659,-193.08543, 147.84672,  80.95924,-195.83804, 148.67662,  77.47291,-196.34193, 149.79219,  75.38903,-195.49453, 146.70470,  84.67905,-192.50062, 146.30654,  80.77553,-194.70912, 146.51082,  77.90109,-195.01614, 147.22500,  76.40117,-194.24623
   1.61670, 167.36203,  93.46040,-160.18532, 178.27953,  94.70708,-159.68141, 184.44360,  51.22385,-169.77085, 180.57061,  10.73660,-159.06302, 156.44453,  92.21371,-160.68923, 161.80185,  48.25236,-169.01286, 156.08962,  19.21136,-139.13200, 166.55916, 101.29324,-162.16936, 164.76880, 118.21132,-167.98772, 163.38617, 129.83009,-173.07793, 161.20032, 146.75387,-181.74669, 160.89520, 150.76830,-183.10822, 160.80586, 154.96502,-183.77305, 164.66486, 141.60493,-179.86643, 180.52454, 140.49794,-177.32569, 203.00249, 125.92321,-169.18204, 222.03418, 112.33077,-157.82245, 224.00745, 111.20395,-160.09469, 226.60594, 109.44387,-162.36236, 227.92872, 107.49832,-163.66666, 225.64840, 111.64974,-159.42607, 230.84917, 109.64245,-159.77506, 233.59919, 107.06763,-160.31666, 234.60030, 105.17740,-160.60261, 225.63154, 111.59753,-158.13239, 230.69599, 109.61189,-157.77230, 233.40848, 106.48864,-157.40461, 233.72905, 103.90576,-157.36500, 225.49638, 111.62248,-157.21016, 229.94252, 109.89504,-156.09282, 232.20407, 107.20604,-155.22573, 232.60170, 104.74211,-154.94994, 225.11817, 111.62832,-156.12355, 228.99499, 110.08136,-154.43516, 230.74347, 108.07370,-153.29038, 230.88832, 106.27530,-152.97844, 159.06054, 141.64597,-178.37316, 143.29088, 138.95406,-176.56165, 141.48861, 111.15164,-179.35040, 145.53951,  86.88939,-187.77261, 148.07034,  86.00495,-189.54439, 150.93618,  84.32533,-191.53391, 153.07991,  82.79974,-192.09348, 147.27306,  85.10712,-190.92161, 148.65463,  80.95342,-194.39107, 150.49202,  77.85256,-195.61350, 151.74258,  76.09396,-195.63314, 146.20494,  84.50672,-190.50295, 146.97389,  80.13007,-193.66124, 148.33242,  76.26221,-194.32564, 149.67287,  74.25234,-193.35651, 145.41002,  84.19101,-190.13171, 145.39804,  80.00483,-192.67658, 146.10110,  76.47198,-193.02566, 147.17856,  74.39805,-192.10751, 144.48512,  83.92453,-189.50136, 143.89142,  79.92942,-191.49135, 143.99525,  77.03794,-191.65569, 144.68743,  75.55621,-190.83233
   1.63337, 166.91925,  93.50414,-160.48892, 177.83961,  94.77479,-160.12686, 184.36231,  51.20969,-169.62000, 180.65622,  10.81304,-158.51815, 155.99889,  92.23349,-160.85099, 161.63071,  48.77423,-171.34663, 157.53958,  17.88794,-143.09463, 166.07185, 101.34167,-162.43560, 164.16529, 118.27193,-168.18117, 162.68812, 129.89921,-173.22518, 160.34937, 146.83483,-181.83067, 160.02352, 150.85028,-183.18435, 159.92871, 155.04694,-183.84884, 163.84889, 141.68774,-180.01109, 179.74639, 140.58933,-177.71481, 202.73975, 125.95038,-171.31117, 222.93726, 112.39686,-162.12625, 224.67660, 111.38397,-164.63131, 227.04133, 109.74374,-167.22169, 228.23481, 107.86646,-168.73415, 226.37453, 111.81578,-164.11258, 231.52277, 109.87102,-165.06782, 234.21596, 107.34565,-165.99245, 235.19178, 105.47803,-166.45796, 226.48838, 111.70914,-162.82716, 231.57237, 109.75502,-163.06295, 234.32236, 106.64321,-163.10334, 234.65710, 104.06388,-163.20641, 226.44674, 111.69415,-161.89580, 230.99071, 109.96071,-161.30570, 233.34042, 107.25779,-160.78584, 233.77508, 104.78806,-160.65681, 226.17996, 111.65100,-160.77743, 230.21423, 110.06886,-159.55477, 232.07836, 108.03045,-158.67824, 232.26213, 106.22188,-158.45947, 158.26727, 141.71790,-178.43481, 142.53540, 138.98784,-176.36963, 140.23594, 111.13051,-178.00712, 143.45306,  86.29303,-184.98921, 145.89576,  85.24168,-186.79321, 148.64122,  83.37503,-188.78581, 150.71689,  81.75484,-189.33599, 145.02625,  84.30496,-188.09897, 146.16340,  79.94556,-191.40072, 147.86225,  76.73080,-192.52539, 149.05607,  74.93331,-192.49724, 143.95420,  83.76077,-187.61813, 144.48259,  79.21388,-190.57916, 145.69742,  75.27604,-191.09401, 147.00556,  73.27253,-190.06917, 143.16239,  83.48955,-187.20719, 142.93666,  79.18798,-189.54090, 143.51745,  75.62128,-189.73706, 144.55921,  73.55995,-188.75176, 142.25076,  83.28424,-186.53594, 141.46801,  79.21926,-188.30701, 141.47622,  76.32137,-188.33171, 142.14845,  74.85927,-187.45825
   1.65003, 166.42697,  93.39691,-160.87770, 177.34801,  94.69049,-160.63763, 184.32490,  51.08012,-169.58429, 180.71866,  10.79788,-158.04256, 155.50594,  92.10333,-161.11777, 161.33399,  49.31863,-174.00524, 158.62785,  16.86003,-147.39713, 165.54003, 101.23923,-162.78709, 163.53047, 118.18043,-168.46494, 161.96906, 129.81366,-173.46968, 159.49411, 146.75495,-182.02579, 159.15004, 150.77060,-183.37435, 159.05092, 154.96688,-184.04066, 163.02388, 141.61005,-180.25924, 178.96163, 140.52992,-178.25138, 202.35783, 125.84876,-173.65991, 223.41558, 112.39237,-166.48379, 224.92910, 111.47729,-169.16678, 227.06036, 109.94247,-172.01185, 228.12179, 108.12600,-173.68813, 226.66476, 111.90291,-168.78622, 231.71508, 110.02732,-170.26115, 234.32505, 107.55350,-171.50773, 235.26278, 105.70957,-172.12216, 226.89290, 111.75340,-167.52043, 231.94325, 109.84354,-168.27379, 234.69070, 106.75395,-168.66543, 235.02486, 104.18199,-168.88670, 226.93432, 111.70645,-166.59012, 231.51940, 109.98532,-166.46581, 233.91641, 107.28255,-166.25010, 234.37033, 104.81292,-166.24542, 226.76823, 111.62344,-165.45464, 230.90133, 110.02850,-164.65018, 232.84385, 107.97435,-164.01341, 233.05331, 106.16070,-163.87432, 157.46430, 141.63240,-178.60681, 141.78223, 138.86164,-176.23922, 138.93731, 111.00918,-176.62194, 141.45363,  85.76763,-182.32567, 143.79213,  84.53485,-184.15275, 146.39799,  82.46751,-186.13467, 148.39518,  80.74605,-186.66751, 142.84439,  83.56348,-185.37615, 143.71057,  78.99869,-188.47640, 145.25553,  75.66961,-189.48435, 146.38657,  73.83367,-189.40056, 141.77207,  83.08470,-184.83069, 142.03596,  78.37286,-187.56017, 143.09432,  74.37175,-187.90435, 144.36816,  72.37817,-186.81873, 140.98659,  82.86444,-184.37913, 140.52832,  78.45778,-186.47006, 140.97772,  74.86687,-186.49452, 141.98208,  72.82326,-185.43621, 140.09306,  82.72795,-183.66725, 139.10684,  78.60717,-185.19042, 139.01372,  75.71360,-185.06012, 139.66576,  74.27563,-184.13296
   1.66670, 165.85609,  93.17082,-161.34402, 176.77492,  94.49790,-161.20972, 184.37151,  50.87982,-169.59658, 180.81421,  10.69925,-157.69102, 154.93726,  91.84375,-161.47833, 160.85172,  49.74574,-176.42359, 159.35008,  15.84077,-151.58263, 164.92536, 101.01780,-163.21299, 162.80826, 117.96958,-168.81972, 161.16377, 129.60812,-173.78538, 158.56279, 146.55395,-182.29498, 158.20168, 150.56972,-183.63873, 158.09820, 154.76561,-184.30677, 162.11960, 141.41048,-180.57922, 178.09041, 140.35231,-178.84040, 201.79630, 125.66204,-176.34507, 223.52463, 112.34236,-171.20057, 224.80556, 111.51953,-174.03054, 226.69048, 110.08631,-177.09408, 227.61117, 108.32885,-178.91061, 226.56579, 111.94491,-173.78733, 231.47810, 110.14876,-175.74745, 233.98115, 107.73149,-177.28926, 234.86998, 105.91341,-178.03861, 226.90250, 111.75842,-172.55101, 231.87701, 109.90605,-173.79363, 234.59299, 106.84818,-174.51490, 234.91722, 104.28643,-174.84346, 227.02393, 111.68343,-171.62958, 231.60959, 109.98987,-171.95243, 234.02710, 107.29779,-172.02686, 234.48965, 104.83224,-172.13752, 226.95640, 111.56477,-170.48715, 231.14972, 109.97360,-170.09000, 233.14803, 107.91398,-169.68607, 233.37594, 106.09837,-169.62162, 156.58233, 141.42722,-178.85341, 140.95192, 138.62349,-176.20024, 137.63082, 110.82974,-175.50913, 139.48269,  85.28202,-179.96834, 141.72485,  83.89399,-181.80483, 144.20369,  81.65714,-183.76549, 146.12969,  79.85028,-184.27722, 140.71049,  82.89955,-182.95403, 141.34013,  78.17466,-185.86573, 142.75031,  74.75580,-186.76485, 143.82644,  72.89012,-186.63018, 139.64126,  82.48042,-182.35593, 139.67610,  77.64468,-184.87299, 140.59992,  73.60026,-185.06421, 141.84472,  71.61760,-183.92616, 138.86366,  82.30599,-181.87188, 138.20605,  77.82683,-183.74413, 138.54393,  74.22588,-183.61704, 139.51713,  72.20070,-182.49605, 137.98870,  82.23037,-181.12856, 136.82991,  78.07910,-182.43150, 136.65197,  75.19878,-182.16594, 137.28776,  73.78373,-181.19334
   1.68337, 165.22224,  92.81333,-161.95015, 176.13544,  94.19243,-161.93667, 184.35864,  50.60405,-169.87489, 180.80118,  10.62929,-157.29559, 154.30905,  91.43423,-161.96363, 160.26181,  50.07725,-178.83812, 159.90298,  14.73236,-156.04590, 164.23219, 100.66560,-163.76565, 161.97718, 117.62828,-169.28498, 160.23335, 129.27023,-174.20856, 157.49467, 146.21568,-182.67561, 157.11526, 150.23139,-184.01449, 157.00776, 154.42713,-184.68285, 161.08079, 141.07555,-181.01163, 177.08099, 140.04329,-179.54937, 200.92528, 125.37666,-178.96636, 223.19169, 112.25911,-176.11383, 224.23396, 111.52669,-179.06405, 225.86095, 110.19479,-182.31541, 226.63304, 108.49655,-184.25343, 226.00666, 111.95623,-178.95674, 230.74438, 110.24928,-181.37321, 233.11894, 107.89380,-183.18948, 233.94908, 106.10392,-184.06364, 226.44666, 111.73629,-177.75897, 231.30678, 109.95280,-179.46763, 233.96495, 106.93467,-180.50322, 234.27077, 104.38564,-180.93277, 226.64528, 111.63549,-176.85355, 231.19446, 109.98166,-177.60884, 233.60801, 107.30855,-177.96440, 234.06955, 104.85027,-178.18569, 226.67432, 111.48344,-175.71344, 230.89254, 109.90861,-175.71572, 232.92596, 107.85115,-175.54115, 233.16577, 106.03594,-175.54930, 155.56836, 141.08584,-179.20804, 139.99591, 138.26341,-176.25122, 136.21021, 110.57259,-174.55201, 137.36090,  84.78092,-177.62863, 139.50635,  83.24468,-179.46263, 141.85848,  80.84793,-181.39019, 143.71235,  78.95990,-181.87453, 138.42970,  82.23550,-180.54007, 138.83032,  77.37337,-183.26005, 140.10793,  73.87578,-184.04759, 141.12905,  71.98383,-183.86104, 137.36525,  81.87679,-179.89594, 137.17925,  76.93988,-182.20105, 137.97145,  72.86334,-182.24146, 139.18570,  70.89177,-181.05229, 136.59654,  81.74820,-179.38412, 135.74791,  77.21705,-181.04217, 135.97740,  73.61573,-180.76822, 136.91849,  71.60971,-179.58697, 135.74093,  81.73242,-178.61506, 134.41774,  77.56901,-179.70532, 134.15811,  74.70980,-179.31050, 134.77684,  73.31760,-178.29485
   1.70003, 164.52936,  92.41912,-162.64432, 175.43577,  93.84951,-162.70800, 184.35564,  50.32783,-170.25011, 180.77512,  10.56549,-157.02093, 153.62294,  90.98873,-162.58064, 159.59920,  50.52214,-181.48363, 160.06078,  14.05882,-160.52920, 163.48866, 100.27551,-164.41305, 161.11640, 117.24687,-169.85602, 159.28676, 128.89107,-174.74301, 156.42600, 145.83443,-183.17379, 156.03110, 149.85028,-184.50779, 155.92163, 154.04621,-185.17463, 160.03785, 140.69804,-181.55453, 176.06513, 139.69798,-180.39859, 199.90758, 125.07934,-181.75249, 222.46235, 112.17200,-180.92609, 223.26972, 111.52263,-183.96797, 224.63806, 110.28502,-187.37213, 225.25957, 108.64223,-189.40955, 225.04393, 111.95875,-183.99006, 229.58063, 110.34111,-186.81859, 231.81138, 108.04676,-188.87903, 232.57544, 106.28485,-189.86333, 225.57828, 111.70992,-182.83715, 230.29339, 109.99791,-184.97207, 232.87095, 107.02225,-186.29458, 233.15011, 104.48701,-186.81442, 225.84841, 111.58654,-181.95330, 230.32876, 109.97753,-183.11011, 232.71528, 107.32765,-183.72646, 233.16590, 104.87853,-184.04868, 225.96830, 111.40487,-180.82351, 230.17820, 109.85336,-181.20163, 232.22582, 107.80300,-181.24327, 232.47020, 105.98995,-181.31850, 154.54794, 140.70212,-179.68349, 139.04743, 137.85905,-176.38784, 134.75945, 110.32923,-173.60892, 135.32608,  84.40260,-175.47666, 137.36088,  82.70722,-177.29651, 139.56932,  80.14103,-179.17529, 141.34089,  78.16685,-179.62279, 136.21797,  81.68942,-178.29466, 136.36727,  76.69648,-180.79412, 137.49797,  73.12248,-181.45270, 138.45758,  71.20531,-181.20663, 135.16137,  81.39940,-177.60465, 134.73445,  76.37207,-179.66980, 135.38238,  72.27193,-179.54155, 136.56209,  70.31420,-178.29608, 134.40428,  81.32233,-177.06588, 133.34891,  76.75371,-178.48524, 133.46071,  73.16278,-178.04947, 134.36610,  71.18020,-176.80258, 133.57199,  81.37281,-176.27308, 132.07237,  77.21452,-177.12933, 131.72505,  74.38768,-176.59383, 132.32489,  73.02197,-175.53196
   1.71670, 163.74611,  91.96016,-163.47234, 174.64466,  93.44599,-163.59069, 184.37251,  50.02529,-170.70374, 180.78379,  10.50511,-156.76990, 152.84756,  90.47433,-163.35398, 158.83615,  50.84221,-183.94561, 159.82288,  13.43290,-164.75068, 162.65571,  99.82155,-165.18813, 160.16948, 116.80459,-170.54306, 158.25613, 128.45347,-175.38664, 155.27549, 145.39825,-183.77293, 154.86525, 149.41501,-185.09954, 154.75358, 153.61164,-185.76161, 158.91261, 140.26560,-182.19901, 174.95901, 139.30264,-181.30703, 198.63447, 124.77435,-184.82858, 221.29655, 112.08339,-185.99894, 221.87321, 111.50947,-189.10774, 222.98261, 110.35782,-192.63411, 223.45073, 108.76616,-194.75156, 223.64022, 111.95123,-189.25282, 227.95277, 110.41521,-192.45306, 230.02456, 108.17748,-194.73031, 230.71430, 106.44192,-195.81154, 224.26018, 111.67642,-188.14975, 228.80300, 110.02997,-190.67425, 231.27698, 107.09447,-192.25843, 231.51907, 104.57325,-192.85879, 224.59627, 111.53270,-187.29197, 228.97857, 109.96509,-188.82127, 231.31488, 107.33779,-189.67926, 231.74273, 104.89843,-190.09345, 224.80114, 111.32437,-186.17913, 228.97235, 109.79479,-186.91043, 231.01334, 107.75207,-187.15553, 231.25342, 105.94206,-187.29264, 153.44482, 140.26135,-180.26425, 138.01363, 137.39940,-176.67292, 133.30031, 110.04633,-172.98587, 133.31808,  84.05572,-173.68427, 135.25390,  82.22570,-175.48155, 137.33477,  79.51811,-177.30673, 139.03276,  77.47223,-177.71577, 134.05574,  81.20631,-176.41094, 133.98860,  76.11638,-178.71031, 134.99144,  72.48488,-179.25084, 135.89697,  70.54924,-178.95036, 133.00799,  80.97766,-175.68528, 132.37473,  75.88893,-177.53595, 132.89827,  71.77845,-177.25804, 134.04710,  69.83472,-175.96276, 132.26239,  80.94614,-175.12628, 131.03130,  76.36110,-176.33561, 131.04249,  72.78843,-175.75846, 131.91648,  70.82870,-174.45435, 131.45186,  81.05444,-174.31690, 129.80346,  76.91561,-174.96985, 129.38203,  74.12465,-174.31307, 129.96526,  72.78346,-173.21143
   1.73337, 162.86911,  91.47023,-164.46783, 173.75895,  93.01424,-164.63329, 184.21268,  49.69986,-171.35399, 180.68317,  10.47878,-156.58495, 151.97927,  89.92622,-164.30237, 158.01360,  51.13749,-186.42938, 159.40186,  12.83599,-169.11051, 161.72838,  99.33932,-166.11419, 159.12678, 116.34243,-171.34932, 157.12823, 128.00285,-176.13031, 154.02550, 144.95999,-184.44705, 153.59926, 148.97934,-185.76068, 153.48463, 153.17750,-186.41250, 157.68744, 139.82846,-182.92795, 173.74785, 138.90387,-182.28125, 197.13032, 124.48830,-187.70817, 219.71595, 112.05883,-191.08417, 220.03148, 111.56439,-194.24368, 220.84235, 110.50333,-197.87811, 221.13054, 108.96623,-200.06680, 221.78099, 112.01075,-194.52383, 225.81046, 110.55910,-198.10924, 227.68252, 108.38117,-200.60677, 228.27743, 106.67405,-201.78523, 222.49004, 111.70840,-193.48341, 226.80494, 110.12934,-196.41757, 229.13434, 107.23650,-198.27575, 229.32191, 104.73149,-198.95789, 222.89602, 111.54314,-192.66045, 227.13374, 110.01752,-194.58784, 229.38674, 107.41428,-195.70331, 229.77502, 104.98647,-196.21335, 223.19231, 111.30674,-191.57412, 227.28604, 109.79875,-192.68801, 229.29653, 107.76414,-193.15357, 229.52166, 105.95835,-193.35600, 152.24401, 139.81447,-180.92571, 136.88192, 136.94857,-177.05238, 131.75379, 109.79674,-172.52680, 131.18592,  83.80912,-171.96038, 133.02543,  81.85139,-173.72392, 134.98344,  79.01168,-175.48307, 136.61071,  76.90067,-175.84596, 131.77684,  80.83270,-174.58520, 131.50742,  75.65989,-176.67530, 132.39039,  71.98108,-177.09048, 133.24523,  70.03234,-176.73185, 130.73971,  80.66487,-173.82835, 129.91486,  75.52824,-175.45798, 130.32352,  71.41804,-175.02585, 131.44404,  69.49334,-173.67842, 130.00650,  80.67818,-173.25248, 128.61374,  76.08816,-174.24881, 128.53305,  72.54252,-173.52834, 129.37866,  70.61051,-172.16547, 129.21824,  80.84302,-172.43073, 127.43433,  76.73339,-172.88021, 126.94614,  73.98475,-172.10236, 127.51474,  72.67128,-170.96041
   1.75004, 161.89638,  90.93186,-165.64366, 172.77883,  92.52449,-165.83307, 183.91695,  49.31413,-172.10925, 180.49795,  10.44102,-156.42271, 151.01393,  89.33923,-165.45425, 157.06487,  51.48088,-189.13368, 158.66155,  12.51755,-173.37979, 160.71607,  98.80941,-167.22022, 158.02458, 115.83623,-172.33134, 155.95965, 127.51260,-177.04474, 152.76232, 144.49075,-185.28239, 152.32385, 148.51400,-186.57998, 152.20732, 152.71428,-187.21759, 156.44261, 139.35737,-183.81479, 172.51383, 138.48151,-183.41634, 195.44909, 124.16658,-190.70033, 217.79861, 111.98339,-195.99836, 217.88149, 111.55455,-199.18203, 218.42191, 110.56825,-202.88710, 218.54477, 109.07674,-205.12236, 219.60743, 112.00350,-199.57966, 223.36014, 110.61982,-203.47859, 225.03802, 108.49120,-206.15053, 225.53981, 106.80801,-207.40435, 220.38936, 111.67816,-198.60019, 224.47377, 110.15297,-201.87318, 226.65196, 107.29540,-203.95578, 226.78098, 104.80486,-204.70154, 220.85366, 111.49500,-197.81261, 224.93461, 110.00232,-200.07500, 227.09167, 107.41888,-201.40546, 227.43367, 105.00158,-201.99264, 221.22751, 111.23540,-196.75590, 225.22417, 109.74359,-198.19627, 227.18860, 107.71552,-198.84922, 227.39237, 105.91395,-199.10490, 151.01980, 139.33434,-181.75747, 135.73134, 136.47130,-177.60101, 130.15080, 109.57761,-172.16165, 129.09005,  83.65128,-170.51832, 130.82336,  81.55783,-172.23286, 132.64754,  78.58009,-173.90554, 134.19841,  76.40327,-174.20936, 129.52265,  80.54257,-173.01766, 129.03988,  75.29270,-174.86290, 129.79661,  71.57228,-175.13022, 130.59851,  69.61489,-174.70299, 128.49969,  80.44257,-172.23014, 127.47440,  75.26748,-173.60431, 127.76450,  71.16971,-172.99478, 128.85693,  69.27204,-171.58728, 127.78164,  80.50545,-171.63866, 126.22159,  75.92296,-172.39214, 126.04754,  72.41768,-171.50906, 126.86542,  70.52231,-170.07945, 127.01939,  80.73245,-170.80726, 125.09700,  76.66682,-171.02746, 124.54216,  73.97310,-170.11398, 125.09722,  72.69441,-168.92679
   1.76670, 160.79486,  90.36286,-166.96724, 171.67207,  91.99196,-167.14696, 183.54973,  48.90303,-172.87844, 180.43410,  10.32113,-156.42836, 149.91765,  88.73377,-166.78752, 155.95965,  51.66932,-191.69343, 157.65018,  12.17801,-177.32495, 159.58862,  98.25110,-168.46894, 156.84000, 115.31215,-173.43342, 154.73294, 127.01722,-178.05611, 151.47606, 144.04216,-186.17298, 151.02989, 148.07198,-187.44733, 150.91206, 152.27497,-188.06666, 155.16552, 138.89865,-184.76505, 171.24311, 138.07526,-184.55732, 193.51626, 123.87166,-193.83979, 215.46812, 111.92575,-201.00995, 215.28442, 111.56315,-204.19763, 215.51053, 110.65250,-207.95422, 215.43981, 109.20753,-210.22208, 216.97374, 112.01429,-204.72791, 220.38289, 110.69920,-208.95252, 221.82227, 108.62096,-211.79764, 222.20957, 106.96256,-213.12304, 217.83252, 111.66586,-203.82362, 221.62339, 110.19508,-207.45504, 223.60644, 107.37401,-209.76946, 223.66021, 104.89914,-210.57427, 218.35958, 111.46469,-203.08124, 222.23101, 110.00533,-205.70479, 224.25681, 107.44272,-207.26246, 224.53634, 105.03702,-207.92545, 218.81843, 111.18180,-202.06476, 222.67404, 109.70645,-203.86230, 224.56697, 107.68562,-204.71755, 224.73944, 105.88907,-205.02616, 149.76048, 138.86752,-182.66159, 134.53217, 136.00946,-178.28665, 128.56760, 109.37016,-172.05993, 127.03736,  83.55003,-169.41817, 128.67629,  81.34363,-171.08318, 130.38326,  78.25311,-172.67294, 131.86832,  76.02401,-172.92156, 127.33210,  80.33458,-171.79976, 126.66890,  75.03149,-173.42349, 127.31973,  71.28395,-173.55758, 128.07802,  69.32348,-173.06917, 126.32420,  80.29395,-170.98790, 125.13104,  75.09908,-172.13281, 125.32449,  71.02203,-171.36622, 126.39605,  69.15178,-169.90693, 125.62111,  80.39988,-170.38470, 123.92289,  75.83612,-170.92215, 123.67427,  72.37446,-169.89637, 124.47199,  70.51497,-168.40941, 124.88347,  80.68040,-169.54745, 122.84856,  76.66390,-169.56532, 122.24178,  74.02458,-168.53372, 122.78807,  72.77876,-167.30813
   1.78337, 159.56862,  89.76110,-168.42158, 170.44282,  91.41399,-168.56166, 182.90616,  48.42416,-173.76968, 180.32153,  10.17485,-156.47272, 148.69441,  88.10821,-168.28151, 154.76824,  51.75182,-194.20266, 156.52670,  11.85520,-181.01012, 158.34920,  97.66383,-169.83377, 155.57361, 114.77307,-174.61397, 153.44611, 126.52129,-179.11627, 150.16086, 143.61991,-187.06511, 149.71094, 147.65932,-188.30739, 149.59223, 151.86580,-188.90226, 153.85064, 138.45750,-185.72905, 169.93292, 137.70609,-185.65451, 191.48711, 123.59544,-196.62295, 212.80923, 111.92137,-205.84700, 212.35025, 111.61226,-209.01249, 212.24767, 110.76294,-212.78880, 211.97442, 109.35596,-215.06516, 213.99017, 112.06528,-209.67879, 217.01637, 110.80649,-214.20168, 218.19454, 108.76978,-217.19323, 218.45746, 107.13197,-218.57360, 214.92159, 111.69850,-208.85747, 218.37824, 110.27267,-212.82480, 220.13963, 107.48228,-215.34644, 220.11055, 105.02086,-216.19269, 215.50941, 111.48295,-208.16653, 219.13300, 110.05157,-211.13661, 221.00344, 107.50691,-212.90390, 221.21186, 105.11138,-213.62719, 216.05239, 111.18144,-207.19799, 219.73113, 109.72048,-209.34413, 221.53252, 107.70644,-210.39153, 221.66805, 105.91456,-210.74276, 148.46214, 138.41952,-183.58368, 133.27969, 135.57555,-179.04330, 126.96290, 109.20948,-172.04841, 124.94770,  83.55481,-168.33671, 126.48944,  81.24519,-169.95389, 128.07716,  78.05322,-171.46479, 129.49603,  75.77644,-171.66275, 125.10307,  80.24834,-170.60411, 124.26200,  74.91027,-172.01714, 124.80901,  71.14380,-172.02707, 125.52516,  69.18212,-171.48309, 124.11276,  80.26496,-169.77005, 122.75561,  75.06695,-170.69741, 122.85673,  71.01654,-169.78562, 123.90999,  69.17149,-168.28162, 123.42637,  80.41202,-169.15634, 121.59490,  75.88040,-169.48927, 121.27648,  72.46632,-168.33177, 122.05698,  70.64058,-166.79469, 122.71534,  80.74291,-168.31448, 120.57361,  76.78609,-168.14128, 119.91942,  74.20359,-167.00059, 120.45927,  72.98836,-165.74189
   1.80004, 158.27551,  89.26908,-169.95252, 169.14958,  90.92668,-170.03687, 182.07654,  48.01084,-174.69605, 180.13703,  10.06776,-156.65620, 147.40145,  87.61148,-169.86816, 153.51886,  51.93844,-196.71206, 155.30906,  11.69109,-184.63642, 157.05829,  97.18662,-171.28117, 154.29078, 114.34577,-175.88386, 152.16817, 126.14004,-180.26648, 148.89122, 143.31876,-188.04420, 148.44313, 147.36880,-189.25202, 148.32614, 151.57931,-189.81812, 152.57279, 138.13387,-186.77417, 168.65982, 137.48793,-186.78858, 189.39413, 123.41936,-199.28513, 209.99773, 111.99020,-210.27903, 209.28705, 111.71751,-213.40107, 208.88101, 110.91040,-217.16619, 208.42219, 109.52953,-219.42866, 210.87038, 112.17326,-214.19093, 213.52221, 110.95614,-218.95385, 214.45093, 108.94940,-222.05161, 214.59706, 107.32626,-223.46619, 211.86286, 111.79476,-213.45043, 214.98739, 110.40324,-217.69568, 216.53210, 107.63602,-220.37966, 216.42664, 105.18422,-221.24751, 212.50302, 111.56990,-212.81087, 215.87334, 110.16130,-216.07546, 217.58771, 107.63112,-218.01356, 217.72903, 105.24318,-218.77705, 213.12027, 111.25614,-211.89198, 216.61104, 109.80868,-214.34000, 218.31586, 107.80129,-215.54930, 218.41638, 106.01304,-215.92959, 147.19568, 138.09230,-184.60046, 132.04877, 135.26996,-179.92976, 125.37910, 109.22634,-172.10381, 122.96342,  83.75257,-167.49385, 124.41975,  81.35733,-169.06498, 125.90354,  78.08264,-170.50275, 127.26501,  75.76758,-170.65440, 122.99836,  80.37397,-169.65758, 122.00642,  75.01585,-170.88467, 122.46536,  71.23894,-170.78506, 123.14598,  69.27873,-170.19234, 122.02487,  80.44031,-168.80638, 120.52964,  75.24968,-169.54306, 120.55395,  71.22854,-168.50513, 121.59263,  69.40688,-166.96295, 121.35397,  80.62285,-168.18511, 119.41152,  76.12801,-168.34019, 119.03600,  72.76042,-167.06919, 119.80312,  70.96560,-165.48955, 120.66708,  80.99681,-167.34124, 118.43759,  77.09957,-167.00306, 117.74547,  74.57040,-165.76909, 118.28092,  73.38264,-164.48259
   1.81670, 156.96017,  88.87213,-171.51862, 167.83772,  90.50890,-171.51487, 181.07976,  47.62523,-175.54265, 180.03596,   9.97215,-156.83352, 146.08263,  87.23537,-171.52236, 152.22671,  52.02816,-198.96843, 154.04805,  11.52810,-187.77454, 155.76637,  96.80868,-172.75165, 153.05596, 114.02968,-177.15295, 150.97316, 125.88004,-181.40128, 147.75509, 143.15472,-188.98872, 147.31645, 147.21687,-190.15879, 147.20442, 151.43149,-190.69439, 151.41646, 137.94044,-187.78218, 167.50744, 137.40340,-187.82400, 187.24112, 123.34783,-201.86047, 206.96206, 112.14504,-214.57197, 205.98704, 111.88898,-217.62325, 205.26085, 111.10243,-221.34432, 204.61100, 109.73369,-223.56701, 207.49669, 112.35088,-218.54308, 209.73205, 111.16330,-223.52223, 210.39359, 109.17491,-226.69938, 210.41917, 107.55985,-228.13042, 208.54914, 111.96936,-217.89236, 211.29985, 110.60503,-222.39717, 212.61101, 107.85453,-225.21906, 212.43322, 105.40750,-226.08855, 209.24181, 111.74166,-217.31120, 212.32133, 110.35504,-220.86008, 213.86519, 107.83761,-222.95202, 213.94217, 105.45413,-223.73828, 209.93561, 111.42346,-216.45028, 213.20504, 109.99356,-219.19612, 214.80141, 107.99485,-220.55817, 214.87015, 106.20886,-220.95577, 146.04407, 137.89949,-185.59682, 130.91257, 135.09460,-180.86605, 123.96804, 109.34825,-172.32794, 121.19556,  84.07993,-166.86671, 122.55809,  81.59671,-168.38450, 123.92679,  78.23831,-169.74106, 125.22238,  75.88300,-169.84127, 121.10022,  80.63448,-168.92043, 119.94212,  75.26936,-169.95647, 120.30080,  71.48633,-169.74281, 120.93894,  69.52799,-169.09888, 120.14444,  80.75466,-168.05517, 118.49672,  75.58633,-168.59788, 118.43140,  71.60113,-167.43114, 119.44834,  69.80157,-165.84903, 119.49006,  80.97527,-167.42866, 117.42465,  76.53296,-167.40493, 116.98155,  73.21914,-166.01950, 117.72847,  71.45507,-164.39614, 118.82890,  81.39467,-166.58559, 116.50164,  77.57302,-166.08330, 115.76404,  75.10442,-164.75652, 116.29048,  73.94392,-163.44173
   1.83337, 155.67543,  88.58330,-173.10126, 166.55863,  90.17724,-172.97767, 179.91123,  47.27930,-176.45030, 180.03036,   9.94944,-157.07654, 144.79223,  86.98936,-173.22485, 150.99399,  52.04247,-200.98879, 152.87323,  11.34089,-190.56164, 154.52239,  96.54284,-174.21955, 151.91043, 113.83830,-178.38189, 149.89795, 125.75591,-182.47311, 146.78510, 143.14481,-189.84034, 146.36348, 147.22095,-190.96720, 146.26056, 151.44000,-191.46867, 150.41543, 137.89439,-188.69847, 166.50992, 137.47330,-188.69887, 185.30554, 123.39194,-203.94484, 203.86355, 112.44458,-218.49667, 202.58322, 112.18943,-221.43303, 201.48512, 111.40690,-225.06266, 200.61967, 110.03923,-227.21128, 203.98812, 112.66291,-222.50101, 205.70977, 111.50085,-227.68604, 206.05494, 109.52396,-230.91999, 205.94377, 107.91240,-232.35089, 205.10385, 112.28651,-221.96241, 207.38772, 110.94984,-226.72879, 208.41998, 108.21413,-229.67799, 208.16894, 105.76804,-230.53192, 205.85367, 112.06182,-221.45578, 208.56248, 110.70273,-225.30492, 209.89947, 108.19987,-227.55109, 209.90997, 105.81873,-228.34809, 206.63375, 111.74601,-220.67122, 209.61384, 110.34297,-223.74108, 211.07457, 108.35746,-225.26504, 211.11302, 106.57286,-225.67281, 145.04135, 137.85650,-186.51722, 129.90323, 135.07763,-181.79226, 122.74014, 109.60610,-172.63303, 119.63395,  84.57016,-166.34387, 120.92154,  82.00791,-167.79423, 122.19611,  78.57615,-169.05552, 123.43422,  76.18830,-169.09255, 119.43582,  81.06458,-168.28541, 118.13996,  75.69875,-169.13848, 118.41070,  71.91686,-168.80736, 119.00858,  69.96513,-168.10717, 118.49200,  81.23516,-167.41549, 116.71638,  76.09342,-167.77719, 116.56813,  72.14998,-166.48308, 117.55798,  70.37756,-164.85387, 117.84946,  81.49125,-166.79023, 115.67930,  77.10299,-166.60510, 115.17159,  73.84645,-165.11034, 115.89278,  72.11729,-163.43850, 117.20705,  81.95300,-165.95484, 114.79476,  78.20641,-165.30879, 114.01216,  75.79966,-163.89689, 114.52417,  74.66912,-162.55068
   1.85004, 154.51772,  88.43123,-174.63850, 165.40688,  89.96971,-174.39544, 178.56327,  46.96899,-177.29919, 179.83528,   9.91650,-157.44043, 143.62855,  86.89275,-174.88157, 149.95940,  52.10267,-202.81282, 151.90484,  11.27353,-192.90969, 153.41269,  96.41202,-175.64857, 150.91572, 113.77696,-179.58616, 148.98609, 125.75770,-183.53027, 145.99712, 143.25380,-190.69211, 145.59589, 147.34311,-191.77798, 145.50451, 151.56627,-192.24599, 149.59361, 137.96893,-189.60336, 165.69053, 137.67244,-189.49782, 183.55000, 123.52352,-205.77195, 200.92360, 112.79243,-221.86548, 199.36938, 112.52111,-224.66500, 197.93542, 111.72377,-228.17220, 196.88180, 110.34509,-230.22773, 200.65982, 113.00856,-225.86319, 201.88670, 111.86031,-231.19004, 201.94005, 109.88437,-234.44249, 201.70886, 108.27045,-235.85628, 201.82616, 112.64451,-225.43454, 203.65477, 111.32800,-230.39883, 204.42749, 108.60083,-233.43410, 204.12151, 106.15146,-234.26026, 202.62362, 112.42825,-225.00247, 204.96370, 111.09465,-229.09468, 206.10489, 108.60416,-231.45949, 206.06402, 106.22257,-232.25415, 203.47892, 112.12143,-224.29669, 206.16449, 110.74746,-227.63936, 207.49283, 108.77625,-229.29714, 207.51088, 106.99180,-229.70699, 144.21213, 137.93498,-187.44036, 129.04788, 135.19205,-182.77862, 121.70230, 109.99648,-173.02023, 118.29439,  85.20632,-165.96093, 119.52042,  82.56486,-167.31963, 120.71462,  79.06185,-168.45771, 121.89913,  76.64715,-168.41028, 118.01265,  81.63774,-167.77306, 116.59517,  76.27475,-168.42742, 116.78257,  72.50230,-167.95931, 117.33884,  70.56445,-167.18973, 117.07538,  81.86091,-166.90799, 115.18465,  76.75041,-167.07849, 114.95234,  72.86095,-165.64128, 115.90715,  71.12727,-163.95063, 116.44050,  82.15387,-166.29115, 114.17369,  77.82488,-165.94181, 113.59787,  74.63703,-164.32837, 114.28519,  72.95413,-162.59614, 115.81094,  82.65996,-165.47181, 113.31768,  78.99422,-164.68474, 112.48573,  76.65852,-163.18449, 112.97630,  75.56653,-161.79905
   1.86670, 153.52129,  88.34761,-176.06894, 164.41454,  89.83040,-175.69685, 177.16912,  46.67165,-177.98300, 179.58791,   9.87560,-157.75740, 142.62804,  86.86482,-176.44102, 149.06266,  52.08992,-204.36746, 151.16484,  11.16099,-194.91870, 152.46326,  96.34738,-176.97370, 150.08607, 113.77758,-180.69090, 148.25085, 125.81979,-184.49022, 145.41538, 143.42338,-191.44819, 145.03955, 147.52521,-192.49519, 144.96252, 151.75180,-192.93398, 148.97416, 138.10507,-190.39904, 165.07104, 137.92080,-190.14106, 181.87898, 123.66735,-207.41337, 197.96124, 113.16148,-224.93442, 196.13446, 112.85595,-227.56046, 194.36459, 112.02509,-230.90255, 193.13177, 110.62308,-232.83921, 197.28676, 113.36389,-228.88436, 197.98393, 112.22603,-234.30822, 197.74073, 110.24411,-237.54836, 197.39571, 108.62314,-238.93053, 198.49719, 113.02186,-228.57694, 199.83292, 111.72742,-233.70153, 200.34101, 109.00784,-236.79880, 199.99677, 106.55151,-237.58846, 199.33839, 112.82096,-228.22849, 201.27219, 111.52059,-232.53780, 202.21094, 109.04578,-235.00585, 202.13235, 106.66208,-235.79127, 200.26671, 112.53117,-227.61365, 202.62140, 111.19833,-231.21259, 203.80906, 109.24766,-232.99662, 203.81755, 107.46292,-233.40549, 143.57506, 138.07284,-188.28039, 128.37063, 135.37125,-183.72664, 120.90530, 110.38540,-173.52977, 117.22975,  85.83571,-165.79653, 118.42223,  83.13214,-167.05957, 119.56862,  79.57546,-168.07356, 120.71592,  77.14611,-167.93906, 116.90281,  82.21321,-167.49021, 115.40706,  76.85332,-167.97330, 115.53455,  73.09623,-167.37864, 116.05732,  71.17701,-166.54180, 115.96469,  82.47926,-166.63830, 113.99715,  77.39499,-166.64884, 113.69830,  73.55968,-165.08407, 114.61801,  71.86928,-163.33128, 115.33123,  82.80222,-166.03511, 112.99695,  78.52196,-165.55426, 112.36445,  75.39885,-163.83866, 113.01725,  73.76462,-162.04750, 114.70533,  83.34483,-165.23661, 112.15252,  79.74543,-164.34166, 111.27747,  77.47397,-162.76903, 111.74433,  76.42162,-161.34524
   1.88337, 152.68018,  88.26979,-177.34286, 163.57331,  89.70549,-176.81518, 175.79626,  46.36837,-178.56935, 179.41059,   9.85400,-158.01424, 141.78704,  86.83409,-177.87055, 148.35649,  51.98456,-205.67229, 150.61668,  11.05055,-196.28220, 151.66240,  96.28595,-178.14265, 149.40272, 113.77918,-181.62994, 147.67401, 125.88563,-185.27179, 145.03184, 143.60858,-191.99902, 144.68767, 147.72340,-193.00513, 144.62781, 151.95292,-193.41757, 148.54616, 138.25437,-190.98311, 164.63864, 138.18480,-190.49615, 180.52289, 123.79727,-208.51528, 195.06813, 113.60623,-227.50420, 192.95504, 113.25662,-229.89986, 190.82754, 112.38334,-233.01490, 189.41128, 110.95195,-234.79856, 193.93215, 113.79277,-231.34772, 194.01833, 112.67317,-236.81930, 193.44641, 110.68644,-240.01483, 192.98168, 109.05776,-241.35214, 195.17813, 113.48035,-231.18479, 195.93707, 112.21977,-236.43417, 196.14564, 109.51392,-239.57779, 195.77114, 107.05005,-240.32925, 196.05890, 113.30000,-230.93756, 197.50701, 112.04795,-235.44711, 198.21073, 109.59722,-238.01535, 198.09873, 107.21244,-238.79341, 197.05943, 113.03287,-230.43620, 199.00920, 111.75852,-234.28950, 200.02726, 109.83774,-236.20589, 200.03117, 108.05380,-236.61834, 143.11884, 138.22160,-188.93783, 127.85478, 135.57561,-184.55408, 120.33312, 110.74485,-174.02517, 116.40646,  86.44736,-165.64584, 117.56190,  83.67849,-166.79687, 118.65446,  80.06733,-167.66764, 119.75830,  77.62552,-167.43277, 116.03026,  82.77013,-167.20611, 114.44560,  77.42221,-167.50203, 114.50307,  73.68836,-166.76668, 114.98571,  71.79317,-165.85440, 115.09010,  83.08383,-166.37286, 113.03474,  78.03701,-166.21094, 112.65681,  74.26858,-164.50696, 113.53295,  72.62950,-162.68449, 114.45753,  83.43988,-165.78764, 112.04551,  79.22103,-165.16782, 111.34515,  76.17553,-163.34256, 111.95510,  74.59857,-161.48615, 113.83476,  84.02258,-165.01536, 111.21275,  80.50323,-164.00901, 110.28583,  78.30744,-162.36045, 110.72292,  77.30130,-160.89444
   1.90004, 152.00214,  88.18008,-178.43112, 162.89015,  89.59166,-177.75396, 174.45407,  46.06088,-179.14357, 179.01301,   9.79319,-158.34102, 141.11412,  86.76851,-179.10829, 147.83620,  51.83848,-206.77216, 150.18432,  10.91985,-197.33672, 151.00661,  96.20625,-179.15499, 148.83108, 113.74477,-182.46372, 147.19403, 125.90225,-185.97562, 144.73694, 143.72672,-192.50175, 144.42324, 147.85248,-193.47244, 144.38014, 152.08434,-193.86226, 148.21092, 138.34288,-191.50394, 164.29061, 138.41369,-190.69854, 179.30773, 123.83185,-209.29574, 192.42624, 113.97200,-229.46225, 190.10759, 113.57844,-231.65211, 187.71912, 112.66182,-234.55856, 186.17476, 111.20148,-236.20732, 190.93376, 114.13768,-233.18286, 190.53498, 113.02640,-238.64227, 189.71188, 111.03110,-241.77706, 189.16054, 109.39404,-243.07051, 192.19604, 113.85271,-233.13750, 192.49070, 112.61510,-238.43869, 192.46511, 109.91805,-241.59665, 192.07639, 107.44735,-242.31784, 193.09973, 113.69159,-232.97382, 194.14906, 112.47693,-237.60245, 194.66429, 110.04525,-240.23277, 194.53266, 107.65944,-241.00461, 194.14818, 113.44609,-232.56854, 195.75842, 112.21949,-236.59048, 196.63559, 110.32384,-238.59933, 196.64020, 108.54089,-239.01601, 142.75211, 138.30786,-189.54433, 127.40836, 135.73376,-185.40265, 119.87720, 111.03173,-174.58177, 115.76912,  86.93382,-165.72658, 116.92225,  84.12484,-166.77847, 118.00163,  80.48246,-167.52708, 119.08313,  78.04072,-167.20406, 115.39067,  83.21587,-167.18657, 113.77088,  77.87293,-167.35478, 113.78835,  74.16153,-166.51165, 114.24186,  72.29009,-165.53750, 114.43949,  83.56008,-166.37824, 112.34391,  78.53464,-166.10525, 111.91006,  74.81967,-164.30019, 112.74417,  73.22770,-162.41723, 113.80021,  83.93731,-165.81396, 111.34681,  79.75519,-165.11297, 110.59405,  76.76860,-163.21275, 111.16192,  75.24158,-161.30204, 113.16938,  84.54641,-165.06908, 110.50501,  81.07611,-164.00531, 109.53498,  78.93537,-162.30983, 109.94064,  77.96886,-160.80854
   1.91671, 151.48685,  88.13477,-179.27258, 162.36327,  89.55213,-178.43921, 173.13897,  45.81607,-179.71386, 178.37879,   9.78274,-158.66585, 140.61042,  86.71740,-180.10595, 147.45704,  51.72849,-207.66469, 149.83141,  10.83194,-198.14051, 150.49183,  96.16548,-179.94490, 148.36397, 113.73440,-183.12069, 146.80659, 125.93169,-186.52925, 144.54022, 143.84290,-192.88468, 144.25731, 147.97749,-193.82685, 144.23021, 152.21091,-194.20084, 147.97476, 138.43400,-191.88585, 164.03297, 138.63694,-190.74436, 178.14575, 123.78503,-209.82969, 189.85440, 114.34970,-231.04012, 187.40183, 113.92110,-233.07181, 184.84082, 112.97012,-235.81576, 183.21532, 111.48710,-237.36318, 188.11410, 114.49863,-234.65220, 187.37090, 113.39440,-240.07690, 186.37497, 111.39293,-243.15714, 185.76693, 109.74975,-244.41698, 189.38134, 114.23573,-234.69223, 189.34268, 113.01695,-240.00581, 189.15298, 110.32789,-243.16500, 188.75983, 107.85259,-243.86779, 190.29660, 114.09007,-234.58982, 191.05534, 112.90576,-239.28263, 191.43581, 110.49017,-241.95046, 191.29429, 108.10439,-242.72063, 191.37388, 113.86196,-234.25632, 192.73291, 112.67401,-238.38128, 193.50668, 110.79914,-240.45120, 193.51434, 109.01761,-240.87386, 142.47923, 138.39652,-190.03174, 127.05597, 135.88994,-186.15231, 119.55816, 111.26210,-175.14086, 115.30269,  87.34393,-165.87738, 116.46124,  84.51026,-166.85444, 117.53785,  80.84970,-167.51291, 118.60425,  78.41092,-167.12398, 114.93275,  83.59897,-167.26893, 113.29446,  78.25974,-167.35671, 113.28356,  74.56589,-166.43965, 113.71393,  72.71262,-165.42126, 113.97015,  83.96277,-166.48301, 111.85034,  78.95154,-166.14370, 111.37279,  75.27500,-164.27222, 112.17028,  73.71791,-162.34476, 113.32343,  84.35354,-165.93670, 110.84240,  80.19534,-165.19209, 110.04737,  77.25011,-163.24511, 110.57848,  75.75948,-161.29548, 112.68321,  84.97973,-165.21434, 109.98828,  81.54122,-164.12463, 108.98268,  79.43837,-162.40266, 109.36039,  78.50056,-160.87609
   1.93337, 151.05768,  88.04241,-179.86748, 161.91690,  89.48335,-178.86695, 171.97848,  45.58297,-180.31784, 177.74926,   9.75791,-159.05430, 140.19846,  86.60147,-180.86800, 147.13498,  51.62684,-208.42238, 149.43428,  10.75990,-198.75378, 150.05002,  96.07485,-180.49908, 147.95056, 113.66638,-183.56678, 146.47028, 125.89681,-186.88989, 144.41002, 143.88428,-193.09842, 144.16100, 148.02657,-194.01596, 144.15258, 152.26127,-194.37616, 147.80258, 138.45238,-192.08105, 163.82675, 138.79513,-190.55839, 177.21644, 123.66783,-209.94603, 187.37667, 114.75585,-232.15744, 184.73756, 114.35886,-233.94742, 181.92355, 113.45822,-236.44994, 180.16308, 112.00219,-237.87009, 185.28514, 114.98671,-235.57360, 184.01471, 114.02474,-240.92707, 182.73215, 112.09892,-243.94898, 182.01380, 110.48503,-245.18844, 186.54400, 114.73766,-235.74645, 185.98647, 113.66515,-241.06247, 185.50322, 111.06225,-244.26228, 185.06002, 108.60342,-244.99257, 187.46592, 114.59837,-235.73942, 187.76324, 113.55120,-240.51600, 187.89418, 111.21382,-243.27583, 187.69402, 108.84883,-244.09552, 188.57262, 114.37193,-235.52092, 189.52368, 113.31149,-239.79227, 190.10146, 111.50207,-241.98100, 190.07991, 109.73300,-242.45270, 142.26610, 138.41468,-190.35304, 126.75717, 135.96587,-186.79123, 119.32188, 111.36289,-175.68223, 114.99160,  87.55119,-166.18214, 116.17125,  84.70643,-167.09991, 117.26415,  81.03898,-167.68962, 118.32620,  78.60716,-167.24871, 114.65171,  83.78747,-167.53005, 113.02175,  78.44518,-167.57640, 112.99854,  74.76388,-166.61042, 113.41245,  72.92498,-165.55965, 113.67445,  84.16032,-166.76678, 111.55485,  79.15099,-166.39933, 111.04758,  75.49906,-164.48793, 111.81156,  73.96897,-162.52559, 113.01737,  84.55741,-166.23766, 110.52816,  80.40591,-165.48301, 109.70121,  77.48576,-163.51170, 110.19837,  76.02204,-161.53294, 112.36329,  85.19225,-165.53555, 109.65304,  81.76467,-164.44942, 108.61865,  79.68351,-162.71817, 108.96950,  78.76670,-161.17256
   1.95004, 150.71532,  87.92873,-180.25963, 161.55544,  89.40316,-179.11164, 170.91874,  45.37224,-181.15875, 176.94845,   9.70478,-159.70297, 139.87520,  86.45431,-181.40762, 146.89347,  51.55988,-209.04286, 148.92113,  10.70412,-199.26683, 149.68770,  95.96018,-180.87138, 147.59667, 113.56295,-183.87979, 146.17607, 125.81397,-187.15273, 144.29118, 143.85288,-193.26700, 144.07187, 148.00052,-194.16781, 144.08125, 152.23613,-194.51712, 147.64845, 138.40495,-192.21877, 163.62017, 138.88838,-190.24887, 176.42970, 123.47497,-209.80246, 185.28045, 115.08587,-232.76520, 182.50523, 114.75125,-234.35036, 179.49669, 113.93660,-236.64763, 177.62240, 112.53012,-237.96860, 182.92387, 115.43054,-235.99408, 181.22612, 114.64441,-241.25704, 179.69838, 112.81948,-244.22710, 178.87663, 111.24771,-245.45642, 184.16386, 115.18520,-236.27491, 183.17925, 114.28624,-241.56107, 182.43123, 111.78907,-244.79403, 181.92087, 109.35588,-245.56521, 185.08281, 115.04429,-236.34606, 184.99349, 114.15182,-241.16231, 184.89392, 111.90479,-243.99746, 184.61908, 109.56791,-244.87413, 186.20246, 114.80912,-236.22410, 186.80507, 113.88599,-240.58967, 187.19871, 112.14745,-242.87460, 187.13218, 110.39461,-243.39968, 142.07627, 138.36813,-190.60962, 126.47480, 135.96782,-187.44061, 119.11495, 111.35101,-176.31202, 114.76262,  87.58345,-166.71201, 115.98374,  84.73744,-167.56970, 117.11565,  81.07169,-168.09266, 118.18301,  78.65226,-167.59951, 114.48150,  83.80326,-168.02697, 112.88943,  78.44943,-168.05537, 112.86744,  74.77857,-167.05040, 113.26784,  72.95395,-165.96994, 113.48326,  84.17734,-167.29198, 111.38928,  79.15741,-166.92234, 110.85994,  75.52259,-164.98448, 111.58579,  74.01894,-162.98753, 112.81070,  84.57541,-166.78346, 110.33188,  80.41476,-166.04511, 109.47653,  77.51006,-164.06314, 109.93479,  76.07107,-162.05704, 112.13526,  85.21308,-166.10452, 109.42242,  81.77828,-165.04807, 108.35990,  79.70847,-163.32025, 108.67886,  78.81070,-161.75665
   1.96671, 150.40857,  87.75342,-180.48050, 161.22530,  89.26969,-179.17699, 169.84517,  45.14139,-182.17275, 175.85205,   9.53975,-160.60157, 139.59183,  86.23715,-181.78401, 146.64087,  51.47120,-209.57293, 148.32999,  10.61856,-199.71983, 149.35725,  95.78159,-181.09499, 147.26278, 113.38595,-184.09167, 145.88868, 125.64732,-187.34562, 144.14946, 143.71773,-193.40987, 143.95524, 147.86881,-194.30054, 143.98019, 152.10505,-194.64138, 147.47941, 138.26201,-192.31602, 163.39092, 138.85783,-189.93301, 175.66996, 123.17246,-209.61027, 183.41490, 115.30323,-233.14940, 180.53416, 115.06014,-234.55254, 177.36524, 114.36529,-236.66618, 175.38476, 113.03021,-237.90368, 180.85112, 115.79109,-236.19685, 178.78993, 115.21162,-241.35580, 177.03739, 113.51163,-244.27544, 176.11060, 111.99458,-245.49879, 182.06542, 115.53975,-236.56959, 180.71237, 114.83914,-241.80404, 179.70967, 112.46651,-245.06175, 179.11134, 110.06859,-245.87881, 182.97521, 115.38956,-236.70786, 182.54714, 114.66744,-241.53445, 182.22203, 112.52250,-244.43111, 181.85299, 110.22147,-245.36610, 184.09683, 115.13584,-236.67044, 184.38900, 114.35837,-241.09578, 184.60083, 112.69594,-243.46006, 184.47227, 110.96356,-244.03876, 141.87357, 138.22169,-190.82841, 126.19575, 135.84792,-188.03897, 118.90604, 111.17902,-176.97979, 114.56868,  87.39019,-167.42578, 115.84410,  84.55329,-168.23313, 117.03101,  80.89775,-168.70290, 118.11274,  78.49392,-168.16663, 114.36502,  83.59898,-168.72316, 112.83547,  78.22699,-168.75827, 112.82927,  74.56238,-167.73054, 113.22225,  72.74921,-166.62830, 113.34381,  83.96599,-168.01673, 111.29838,  78.92451,-167.66911, 110.76037,  75.29581,-165.72220, 111.45118,  73.81299,-163.69744, 112.65375,  84.35937,-167.52840, 110.20424,  80.17491,-166.82773, 109.33087,  77.27276,-164.84989, 109.75322,  75.85155,-162.82334, 111.95365,  84.99334,-166.87133, 109.25365,  81.53391,-165.86343, 108.17027,  79.46262,-164.15041, 108.45870,  78.57824,-162.57331
   1.98337, 150.10033,  87.53137,-180.55569, 160.88598,  89.10308,-179.07268, 168.94807,  44.95903,-183.18238, 174.79666,   9.38242,-161.52657, 139.31467,  85.95967,-182.03871, 146.33151,  51.39088,-210.08058, 147.61169,  10.55541,-200.09553, 149.01815,  95.55408,-181.18778, 146.90558, 113.15343,-184.20110, 145.56759, 125.41946,-187.45253, 143.95572, 143.51173,-193.48670, 143.78401, 147.66538,-194.37003, 143.82346, 151.90212,-194.70306, 147.26412, 138.05494,-192.33436, 163.09901, 138.76476,-189.51264, 175.02303, 122.88139,-209.24931, 181.76349, 115.55933,-233.26917, 178.78402, 115.40432,-234.46302, 175.45805, 114.82770,-236.35981, 173.37183, 113.56412,-237.49434, 178.99034, 116.19133,-236.09904, 176.54685, 115.82833,-241.10869, 174.55869, 114.25924,-243.94961, 173.52145, 112.80007,-245.15456, 180.16998, 115.93866,-236.56940, 178.42524, 115.44849,-241.71107, 177.14969, 113.21032,-244.96851, 176.45641, 110.85184,-245.82442, 181.06475, 115.78226,-236.77993, 180.27203, 115.24394,-241.58435, 179.70217, 113.21146,-244.52399, 179.23034, 110.95127,-245.51092, 182.18208, 115.51327,-236.83475, 182.13622, 114.89581,-241.29458, 182.14829, 113.31910,-243.72610, 181.95113, 111.61098,-244.35539, 141.62422, 138.00352,-190.98197, 125.88067, 135.62282,-188.59812, 118.65080, 110.84901,-177.73593, 114.35558,  86.98333,-168.35614, 115.70292,  84.16756,-169.11947, 116.96500,  80.53207,-169.54701, 118.06961,  78.14720,-168.97401, 114.25604,  83.18814,-169.65405, 112.81856,  77.79119,-169.72945, 112.84173,  74.12786,-168.69740, 113.23048,  72.32248,-167.58097, 113.20729,  83.53854,-168.98028, 111.23679,  78.46372,-168.68967, 110.69922,  74.82814,-166.75551, 111.35131,  73.35885,-164.70818, 112.49584,  83.92069,-168.51423, 110.09615,  79.69629,-167.88451, 109.21028,  76.78154,-165.93088, 109.59299,  75.36934,-163.89021, 111.76507,  84.54337,-167.88017, 109.09331,  81.03995,-166.95216, 107.99191,  78.95220,-165.27090, 108.24579,  78.07412,-163.68437
   2.00004, 149.75174,  87.19627,-180.55708, 160.50687,  88.82340,-178.92015, 168.19521,  44.74747,-184.28532, 173.78252,   9.14033,-162.61070, 138.99661,  85.56913,-182.19402, 145.93667,  51.27255,-210.58705, 146.71559,  10.48187,-200.36995, 148.63894,  95.21277,-181.21417, 146.49776, 112.80218,-184.26512, 145.17671, 125.06612,-187.53137, 143.64366, 143.16498,-193.56629, 143.48734, 147.31986,-194.44666, 143.53853, 151.55700,-194.77304, 146.94143, 137.71444,-192.35539, 162.66973, 138.57742,-189.02585, 174.39320, 122.54729,-208.76402, 180.45787, 115.64944,-233.08765, 177.39041, 115.57296,-234.04232, 173.91557, 115.10710,-235.68575, 171.72836, 113.91156,-236.69712, 177.47529, 116.42322,-235.65736, 174.63310, 116.28748,-240.46388, 172.40262, 114.85456,-243.19469, 171.25265, 113.45580,-244.36857, 178.60990, 116.17779,-236.23099, 176.45185, 115.91324,-241.23038, 174.88927, 113.82140,-244.45992, 174.09811, 111.50654,-245.34937, 179.48273, 116.02094,-236.51904, 178.29996, 115.68502,-241.26129, 177.46897, 113.77872,-244.22315, 176.88934, 111.56510,-245.25709, 180.58836, 115.74306,-236.67442, 180.17658, 115.30659,-241.13686, 179.97245, 113.82926,-243.62166, 179.70263, 112.15002,-244.29982, 141.27501, 137.64652,-191.11966, 125.47315, 135.22872,-189.20514, 118.30627, 110.29722,-178.66682, 114.07612,  86.31761,-169.55176, 115.50932,  83.53431,-170.27686, 116.86247,  79.92812,-170.67275, 117.99570,  77.56423,-170.06951, 114.10372,  82.52734,-170.86746, 112.78411,  77.10189,-171.01636, 112.84721,  73.43502,-169.99869, 113.23332,  71.63291,-168.87606, 113.02411,  82.85252,-170.23081, 111.15190,  77.73622,-170.03200, 110.62153,  74.08108,-168.13305, 111.22996,  72.61610,-166.06925, 112.28836,  83.21747,-169.78936, 109.95712,  78.94081,-169.26387, 109.06284,  75.99895,-167.35524, 109.40116,  74.58544,-165.30764, 111.52214,  83.82170,-169.17976, 108.89307,  80.25875,-168.36320, 107.77585,  78.14047,-166.73130, 107.99062,  77.26041,-165.14009
   2.01671, 149.35562,  86.99915,-180.53494, 160.07500,  88.69165,-178.73764, 167.47989,  44.75660,-185.48028, 172.78303,   9.10207,-163.81220, 138.63624,  85.30664,-182.33224, 145.46489,  51.28245,-211.07781, 145.72538,  10.56877,-200.53248, 148.20619,  95.00801,-181.22144, 146.01726, 112.58192,-184.32736, 144.69110, 124.83672,-187.62565, 143.18748, 142.92667,-193.69462, 143.03793, 147.08116,-194.57799, 143.09488, 151.31843,-194.90173, 146.48775, 137.49278,-192.41751, 162.10151, 138.50640,-188.62368, 173.73250, 122.32583,-208.29370, 179.46214, 115.76454,-232.79105, 176.36320, 115.72424,-233.64045, 172.83094, 115.31054,-235.17159, 170.60267, 114.14756,-236.12992, 176.39778, 116.60571,-235.24055, 173.39092, 116.58089,-239.94770, 171.05868, 115.21476,-242.62725, 169.86014, 113.84595,-243.78777, 177.51038, 116.36524,-235.85773, 175.17979, 116.21158,-240.78376, 173.49369, 114.19273,-243.99760, 172.65775, 111.90038,-244.90420, 178.37176, 116.20918,-236.17879, 177.02425, 115.97359,-240.88298, 176.07970, 114.13082,-243.85100, 175.45080, 111.94134,-244.90732, 179.46961, 115.92818,-236.37768, 178.90161, 115.58218,-240.83089, 178.60268, 114.15534,-243.33552, 178.29905, 112.49135,-244.03660, 140.79850, 137.39696,-191.29358, 124.95945, 134.92535,-189.80173, 117.85210, 109.81943,-179.64405, 113.72095,  85.67193,-170.93592, 115.23315,  82.92489,-171.63846, 116.67146,  79.35043,-172.02181, 117.83243,  77.00414,-171.40283, 113.86816,  81.89557,-172.28328, 112.66467,  76.44640,-172.52267, 112.76940,  72.77209,-171.53574, 113.15557,  70.96756,-170.41702, 112.76214,  82.19301,-171.67923, 110.98893,  77.03857,-171.58637, 110.47188,  73.35577,-169.73785, 111.04293,  71.88386,-167.66831, 112.00523,  82.53897,-171.25875, 109.74568,  78.21166,-170.84694, 108.85017,  75.23459,-168.99431, 109.15079,  73.80888,-166.94929, 111.20757,  83.12194,-170.66910, 108.62648,  79.49945,-169.96980, 107.50039,  77.34390,-168.39376, 107.68146,  76.45334,-166.80421
   2.03337, 148.88556,  86.79290,-180.50223, 159.55962,  88.56484,-178.52116, 166.86789,  44.81209,-186.45019, 171.88047,   9.14245,-164.73784, 138.21150,  85.02096,-182.48330, 144.86267,  51.29650,-211.62102, 144.62615,  10.69114,-200.66546, 147.69213,  94.79198,-181.22667, 145.43934, 112.34408,-184.40934, 144.09458, 124.58346,-187.75696, 142.59384, 142.65250,-193.88863, 142.44576, 146.80530,-194.78016, 142.50379, 151.04248,-195.10487, 145.90431, 137.24439,-192.53102, 161.38751, 138.42354,-188.27780, 173.04790, 122.12956,-207.83647, 178.69141, 115.84796,-232.42696, 175.57516, 115.83824,-233.21145, 172.00924, 115.46857,-234.67431, 169.75470, 114.33337,-235.60407, 175.58127, 116.74530,-234.79756, 172.47628, 116.81299,-239.44013, 170.08053, 115.50309,-242.09159, 168.85004, 114.15977,-243.24845, 176.67928, 116.50881,-235.44181, 174.24506, 116.44755,-240.31951, 172.48034, 114.49017,-243.52915, 171.61236, 112.21736,-244.45466, 177.53282, 116.35329,-235.78340, 176.08564, 116.20118,-240.46135, 175.06845, 114.41185,-243.43805, 174.40492, 112.24320,-244.51593, 178.62462, 116.06959,-236.00985, 177.96139, 115.79879,-240.45510, 177.60179, 114.41432,-242.97549, 177.27392, 112.76357,-243.69666, 140.19291, 137.10968,-191.53009, 124.33192, 134.56405,-190.45375, 117.28943, 109.23584,-180.81605, 113.30358,  84.86723,-172.67457, 114.89182,  82.16340,-173.37696, 116.41432,  78.62568,-173.77560, 117.60573,  76.29355,-173.16091, 113.56733,  81.11734,-174.07698, 112.48452,  75.64956,-174.43738, 112.63746,  71.96236,-173.50635, 113.02912,  70.14786,-172.40582, 112.43868,  81.38228,-173.50028, 110.77095,  76.19208,-173.54028, 110.27822,  72.46958,-171.76612, 110.82075,  70.97568,-169.70469, 111.66313,  81.70583,-173.09627, 109.48313,  77.32735,-172.81830, 108.59741,  74.30259,-171.03969, 108.86941,  72.84978,-169.00980, 110.83713,  82.26269,-172.52057, 108.31300,  78.57753,-171.95331, 107.18763,  76.37388,-170.44470, 107.34197,  75.46112,-168.86495
   2.05004, 148.33693,  86.58720,-180.48465, 158.96706,  88.43680,-178.34472, 166.39045,  44.91290,-187.35292, 171.18956,   9.26923,-165.54988, 137.70680,  84.73761,-182.62458, 144.15247,  51.38711,-212.23507, 143.43879,  10.91847,-200.80460, 147.09958,  94.57643,-181.24338, 144.77797, 112.10490,-184.50579, 143.40541, 124.32491,-187.91239, 141.88574, 142.36272,-194.13071, 141.73476, 146.51263,-195.03514, 141.79027, 150.74946,-195.36475, 145.21015, 136.98363,-192.69416, 160.53853, 138.33395,-187.95842, 172.39743, 121.93244,-207.30672, 178.22833, 115.81057,-231.89378, 175.11015, 115.81775,-232.67058, 171.53958, 115.47303,-234.12817, 169.27942, 114.35371,-235.06354, 175.11503, 116.74047,-234.24763, 171.99886, 116.86331,-238.88157, 169.59277, 115.58679,-241.53992, 168.35548, 114.25862,-242.70699, 176.21076, 116.50718,-234.89692, 173.76440, 116.50145,-239.76892, 171.98604, 114.58117,-242.99342, 171.10909, 112.32021,-243.93926, 177.06300, 116.35257,-235.24215, 175.60389, 116.25112,-239.91777, 174.57412, 114.49439,-242.90953, 173.90156, 112.33849,-244.00721, 178.15339, 116.06794,-235.47412, 177.47845, 115.84320,-239.92018, 177.10858, 114.48487,-242.45327, 176.77408, 112.84232,-243.18996, 139.48235, 136.80981,-191.79858, 123.61120, 134.18001,-191.16542, 116.69092, 108.56122,-182.23305, 112.86735,  83.97474,-174.69083, 114.53435,  81.32395,-175.41262, 116.14636,  77.83101,-175.85210, 117.37322,  75.51151,-175.25978, 113.25296,  80.26618,-176.17266, 112.30375,  74.78617,-176.68990, 112.51490,  71.08198,-175.84134, 112.91785,  69.25068,-174.77320, 112.10362,  80.49244,-175.62088, 110.55503,  75.26938,-175.82738, 110.09919,  71.49558,-174.15464, 110.62004,  69.96501,-172.11462, 111.31046,  80.78914,-175.23069, 109.22312,  76.35855,-175.11444, 108.35867,  73.27339,-173.43167, 108.60907,  71.77872,-171.42958, 110.45703,  81.31383,-174.66487, 108.00241,  77.56172,-174.25269, 106.88714,  75.29846,-172.82711, 107.01979,  74.35174,-171.26548
   2.06671, 147.68674,  86.37019,-180.48880, 158.26938,  88.29715,-178.18784, 165.96822,  45.06408,-188.29791, 170.54650,   9.47130,-166.36464, 137.10409,  84.44323,-182.78976, 143.36092,  51.45796,-212.84650, 142.23038,  11.16710,-200.83637, 146.40686,  94.34913,-181.28439, 144.01787, 111.85122,-184.63848, 142.61521, 124.04756,-188.11688, 141.06695, 142.04406,-194.44684, 140.91088, 146.18984,-195.36915, 140.96171, 150.42602,-195.70784, 144.40671, 136.69762,-192.92646, 159.59495, 138.18582,-187.79687, 171.83640, 121.66920,-206.80603, 178.17639, 115.55189,-231.26790, 175.07052, 115.57447,-232.09231, 171.52151, 115.25037,-233.60620, 169.27200, 114.14419,-234.58197, 175.10286, 116.50541,-233.66419, 172.05856, 116.66384,-238.34459, 169.68897, 115.41001,-241.04618, 168.46501, 114.09248,-242.23907, 176.20758, 116.27154,-234.29785, 173.83619, 116.30021,-239.20670, 172.10065, 114.40332,-242.46816, 171.23027, 112.15055,-243.43927, 177.06445, 116.11564,-234.63081, 175.67685, 116.04397,-239.32869, 174.68682, 114.30669,-242.34512, 174.02351, 112.15903,-243.46436, 178.15726, 115.82827,-234.84756, 177.54976, 115.62927,-239.30456, 177.21394, 114.28557,-241.85016, 176.88494, 112.64813,-242.60057, 138.66553, 136.48353,-192.13088, 122.79669, 133.77773,-191.86873, 116.02839, 107.87723,-183.66177, 112.40667,  83.05298,-176.83243, 114.13789,  80.45372,-177.58958, 115.82520,  77.00439,-178.08709, 117.08552,  74.69394,-177.53077, 112.89163,  79.39194,-178.40073, 112.05859,  73.91019,-179.07567, 112.32562,  70.18994,-178.31800, 112.74400,  68.33956,-177.28940, 111.72804,  79.58210,-177.86546, 110.28507,  74.33781,-178.23472, 109.87133,  70.51406,-176.66783, 110.38361,  68.94133,-174.65792, 110.92213,  79.85357,-177.48308, 108.91924,  75.38281,-177.51985, 108.08351,  72.23938,-175.93318, 108.32545,  70.69841,-173.96544, 110.04830,  80.34723,-176.92049, 107.65959,  76.54001,-176.65120, 106.56201,  74.21996,-175.30543, 106.68384,  73.23584,-173.76620
   2.08338, 146.92767,  85.98732,-180.49466, 157.45199,  87.99944,-178.00668, 165.53133,  45.04558,-188.97364, 169.80330,   9.55132,-166.82003, 136.40335,  83.97520,-182.98264, 142.42294,  51.41925,-213.55155, 140.98729,  11.32624,-200.92759, 145.60441,  93.95403,-181.34015, 143.14923, 111.42413,-184.81122, 141.71873, 123.59199,-188.37693, 140.14557, 141.53930,-194.83905, 139.98334, 145.67990,-195.78330, 140.02634, 149.91514,-196.13453, 143.49907, 136.22943,-193.22369, 158.55389, 137.82347,-187.74450, 171.27751, 121.21996,-206.35721, 178.44945, 114.97613,-230.55593, 175.37748, 115.00987,-231.49848, 171.88740, 114.69650,-233.14577, 169.67165, 113.59707,-234.20303, 175.47418, 115.93506,-233.07111, 172.61163, 116.09065,-237.86492, 170.34112, 114.83799,-240.65083, 169.15747, 113.52179,-241.88515, 176.60119, 115.69393,-233.66130, 174.41917, 115.71589,-238.65725, 172.80063, 113.81531,-241.97621, 171.95746, 111.56307,-242.97224, 177.46941, 115.53295,-233.96075, 176.26193, 115.45088,-238.70795, 175.37973, 113.70738,-241.75412, 174.74963, 111.55879,-242.89061, 178.56835, 115.23985,-234.13461, 178.13060, 115.02776,-238.61087, 177.88598, 113.67655,-241.16289, 177.57823, 112.03796,-241.91977, 137.74550, 135.97201,-192.53798, 121.88352, 133.21443,-192.59405, 115.32106, 107.00505,-185.24540, 111.97446,  81.91858,-179.28978, 113.76227,  79.37672,-180.10784, 115.51869,  75.97620,-180.69422, 116.81454,  73.67208,-180.19629, 112.54565,  78.31938,-180.96829, 111.82191,  72.84813,-181.82897, 112.14825,  69.11079,-181.18755, 112.58819,  67.23603,-180.21355, 111.37238,  78.47117,-180.44197, 110.03079,  73.21637,-180.99726, 109.66867,  69.33723,-179.55902, 110.18554,  67.70997,-177.59421, 110.55706,  78.71560,-180.06131, 108.63743,  74.21299,-180.26661, 107.84064,  71.00545,-178.79215, 108.08717,  69.40642,-176.87189, 109.66756,  79.17503,-179.49429, 107.34629,  75.31867,-179.37735, 106.27546,  72.93702,-178.12058, 106.39682,  71.90611,-176.61225
   2.10004, 146.07280,  85.41245,-180.51949, 156.54029,  87.49716,-177.85761, 165.19566,  44.83281,-189.49466, 169.15051,   9.47695,-167.06259, 135.60531,  83.32774,-183.18136, 141.30572,  51.29066,-214.35370, 139.68649,  11.38688,-201.16502, 144.71632,  93.36801,-181.41589, 142.21422, 110.80788,-185.00346, 140.76654, 122.94841,-188.65439, 139.18023, 140.84796,-195.24450, 139.01053, 144.98328,-196.21030, 139.04046, 149.21755,-196.57441, 142.54219, 135.57077,-193.54200, 157.45491, 137.24453,-187.70938, 170.85190, 120.59757,-205.80356, 178.98644, 114.11926,-229.63339, 175.96283, 114.15261,-230.72115, 172.55387, 113.83302,-232.52925, 170.38707, 112.72957,-233.67969, 176.13727, 115.06167,-232.29648, 173.50616, 115.17756,-237.22222, 171.36625, 113.90369,-240.10035, 170.23804, 112.57866,-241.37645, 177.29021, 114.81129,-232.83004, 175.34800, 114.78953,-237.92401, 173.88240, 112.86050,-241.29717, 173.07977, 110.60087,-242.30982, 178.17112, 114.64476,-233.08628, 177.19017, 114.51857,-237.88446, 176.44766, 112.74719,-240.95171, 175.86488, 110.58916,-242.09556, 179.27606, 114.34668,-233.20482, 179.05066, 114.09094,-237.69450, 178.92288, 112.71490,-240.24177, 178.64581, 111.06970,-240.99618, 136.77967, 135.27693,-192.95300, 120.92509, 132.49980,-193.31369, 114.63900, 105.94932,-187.02426, 111.57842,  80.64193,-181.90870, 113.42847,  78.17367,-182.80959, 115.26298,  74.83749,-183.51446, 116.60229,  72.54237,-183.09643, 112.24376,  77.12747,-183.72635, 111.64580,  71.68235,-184.81819, 112.04489,  67.92941,-184.32642, 112.51438,  66.02576,-183.42494, 111.06205,  77.23301,-183.20766, 109.83859,  71.97866,-183.99257, 109.54405,  68.03696,-182.71834, 110.07475,  66.34142,-180.81595, 110.23775,  77.44453,-182.82664, 108.41671,  72.91513,-183.23770, 107.67294,  69.63377,-181.90478, 107.93324,  67.96262,-180.04881, 109.33275,  77.86161,-182.25147, 107.09303,  73.95616,-182.31873, 106.06000,  71.50304,-181.17266, 106.18740,  70.41374,-179.70646
   2.11671, 145.07988,  84.79720,-180.62956, 155.48754,  86.94871,-177.79202, 164.93369,  44.59698,-189.94458, 168.55858,   9.41178,-167.19073, 134.67222,  82.64568,-183.46711, 140.06218,  51.11191,-215.20279, 138.39299,  11.40734,-201.43194, 143.69718,  92.74174,-181.58183, 141.16351, 110.14990,-185.29890, 139.70828, 122.26023,-189.04589, 138.12094, 140.10504,-195.78256, 137.94445, 144.23437,-196.77247, 137.95996, 148.46754,-197.15009, 141.48667, 134.86019,-193.98997, 156.28154, 136.57740,-187.87661, 170.58363, 119.91824,-205.25253, 179.94650, 113.04710,-228.51461, 176.99626, 113.05457,-229.78841, 173.70657, 112.69568,-231.79877, 171.61672, 111.56738,-233.06192, 177.26716, 113.93632,-231.36563, 174.94696, 113.96008,-236.44650, 172.99145, 112.63122,-239.42907, 171.94625, 111.28152,-240.74923, 178.45130, 113.67926,-231.82209, 176.82929, 113.56400,-237.02564, 175.57831, 111.57294,-240.44882, 174.84278, 109.29413,-241.46942, 179.34662, 113.51026,-232.02017, 178.66576, 113.29794,-236.86703, 178.11729, 111.47150,-239.94281, 177.60921, 109.29248,-241.08248, 180.45714, 113.21266,-232.06461, 180.51136, 112.87791,-236.55443, 180.54366, 111.45723,-239.08011, 180.31592, 109.79847,-239.82119, 135.71723, 134.53485,-193.49232, 119.86776, 131.76781,-194.08220, 113.86838, 104.93119,-188.80930, 111.04438,  79.47197,-184.35366, 112.94955,  77.07841,-185.33743, 114.85466,  73.80956,-186.16055, 116.23539,  71.52561,-185.82397, 111.79289,  76.04763,-186.30599, 111.31049,  70.64077,-187.62214, 111.77920,  66.87936,-187.27898, 112.27880,  64.95011,-186.45111, 110.60526,  76.10923,-185.79376, 109.49134,  70.86845,-186.80097, 109.26409,  66.87335,-185.68969, 109.81288,  65.11257,-183.85282, 109.77398,  76.28919,-185.41169, 108.04544,  71.74593,-186.02128, 107.35564,  68.39947,-184.82858, 107.63398,  66.65973,-183.03946, 108.85645,  76.66507,-184.82804, 106.69436,  72.72311,-185.07255, 105.70061,  70.20606,-184.03558, 105.83774,  69.06083,-182.61354
   2.13338, 143.95430,  84.13847,-180.84357, 154.29814,  86.35652,-177.82939, 164.56393,  44.25967,-190.20085, 167.84026,   9.33207,-167.00164, 133.61046,  81.92043,-183.85775, 138.62151,  50.90153,-216.15792, 137.04241,  11.40749,-201.78425, 142.54741,  92.07166,-181.85329, 139.98748, 109.44475,-185.71375, 138.52710, 121.51883,-189.57400, 136.93871, 139.29404,-196.49197, 136.75298, 143.41592,-197.51086, 136.74918, 147.64777,-197.90317, 140.30736, 134.08645,-194.59905, 154.99674, 135.82368,-188.24183, 170.22154, 119.18525,-204.83605, 181.12605, 111.74202,-227.23449, 178.28869, 111.70115,-228.74255, 175.17381, 111.27327,-231.00238, 173.19670, 110.10180,-232.40052, 178.68370, 112.54332,-230.31520, 176.78267, 112.42377,-235.56599, 175.07937, 111.00815,-238.66122, 174.14878, 109.61936,-240.02586, 179.90173, 112.28077,-230.66748, 178.70695, 112.02275,-235.98040, 177.74364, 109.93748,-239.44032, 177.10035, 107.62926,-240.45715, 180.81068, 112.11141,-230.78800, 180.52536, 111.77051,-235.66684, 180.23359, 109.86244,-238.72810, 179.82634, 107.65209,-239.84776, 181.92207, 111.81858,-230.73466, 182.34088, 111.36836,-235.19508, 182.58213, 109.88316,-237.67185, 182.42038, 108.20465,-238.38530, 134.53272, 133.72878,-194.19218, 118.68713, 130.98775,-194.97592, 112.98072, 103.89719,-190.78801, 110.53431,  78.24904,-187.29700, 112.50226,  75.94546,-188.36809, 114.48821,  72.76035,-189.31861, 115.91642,  70.49424,-189.07150, 111.37860,  74.93498,-189.39513, 111.03055,  69.58481,-190.96150, 111.58009,  65.82282,-190.78507, 112.11464,  63.86911,-190.04062, 110.18491,  74.94697,-188.89355, 109.19876,  69.73464,-190.15062, 109.05022,  65.68881,-189.22511, 109.62024,  63.85820,-187.46455, 109.34607,  75.09095,-188.51272, 107.72593,  70.54354,-189.34749, 107.09964,  67.13162,-188.31611, 107.39929,  65.31828,-186.60523, 108.41465,  75.41947,-187.92254, 106.34401,  71.44634,-188.36993, 105.39679,  68.86322,-187.45961, 105.54556,  67.65734,-186.08984
   2.15004, 142.70148,  83.49113,-181.16220, 152.99237,  85.76255,-178.00971, 164.17404,  43.82814,-190.13648, 167.16087,   9.19275,-166.46490, 132.41059,  81.21972,-184.31470, 136.91231,  50.76023,-217.21665, 135.52783,  11.44551,-202.34011, 141.27681,  91.41479,-182.22068, 138.70011, 108.75630,-186.20979, 137.23794, 120.79580,-190.17592, 135.65023, 138.50222,-197.26828, 135.45327, 142.61648,-198.31543, 135.42593, 146.84684,-198.72269, 139.02014, 133.32853,-195.28671, 153.60444, 135.06269,-188.69119, 169.88151, 118.47900,-204.31291, 182.26911, 110.42146,-225.70504, 179.54340, 110.33037,-227.40467, 176.59444, 109.83341,-229.86416, 174.72349, 108.61921,-231.36793, 180.04343, 111.13787,-228.96557, 178.51176, 110.88617,-234.33117, 177.03262, 109.38991,-237.50276, 176.20415, 107.96483,-238.89551, 181.28393, 110.87373,-229.22635, 180.46164, 110.48594,-234.60171, 179.74850, 108.31571,-238.06999, 179.18593, 105.98108,-239.07429, 182.19968, 110.70649,-229.27958, 182.25484, 110.25079,-234.15708, 182.18330, 108.27057,-237.18541, 181.86296, 106.03266,-238.27823, 183.30578, 110.42093,-229.14249, 184.03474, 109.86944,-233.55134, 184.45280, 108.32841,-235.96978, 184.34720, 106.63294,-236.65299, 133.24257, 132.94475,-194.95145, 117.40483, 130.22467,-195.94001, 112.04327, 102.89868,-193.01695, 110.02193,  77.09120,-190.59041, 112.06803,  74.90555,-191.75787, 114.15490,  71.83378,-192.85402, 115.64189,  69.59664,-192.71186, 110.98747,  73.92468,-192.85731, 110.81031,  68.66390,-194.72598, 111.46160,  64.91413,-194.75184, 112.03968,  62.93666,-194.10966, 109.78695,  73.87620,-192.37457, 108.96381,  68.71837,-193.93672, 108.91469,  64.62425,-193.24159, 109.51047,  62.71331,-191.57756, 108.93916,  73.97582,-191.99945, 107.45790,  69.44071,-193.11271, 106.91216,  65.96043,-192.28386, 107.23792,  64.06223,-190.67270, 107.99073,  74.24532,-191.40644, 106.03779,  70.24939,-192.10787, 105.14995,  67.59447,-191.35851, 105.31284,  66.31772,-190.05623
   2.16671, 141.43385,  82.91561,-181.58960, 151.67981,  85.23269,-178.32593, 163.92926,  43.39645,-189.73925, 166.72300,   9.13142,-165.51163, 131.18790,  80.59853,-184.85327, 135.20307,  50.58279,-218.22268, 134.23385,  11.44120,-202.86455, 139.99616,  90.83046,-182.69535, 137.40840, 108.14137,-186.80827, 135.94508, 120.14685,-190.87579, 134.35515, 137.78510,-198.13552, 134.14720, 141.89180,-199.20990, 134.09763, 146.12054,-199.63157, 137.72647, 132.64327,-196.07499, 152.23331, 134.34502,-189.30257, 169.74540, 117.85679,-203.63661, 183.73357, 109.06763,-223.71351, 181.17845, 108.89508,-225.65467, 178.47343, 108.28775,-228.35771, 176.75545, 107.00618,-229.98320, 181.81862, 109.64902,-227.19099, 180.79454, 109.19162,-232.66284, 179.62316, 107.57052,-235.90097, 178.93358, 106.08985,-237.31131, 183.07904, 109.38463,-227.32540, 182.76269, 108.79604,-232.73600, 182.38421, 106.49625,-236.17331, 181.92670, 104.12267,-237.13895, 183.99640, 109.22223,-227.28708, 184.50755, 108.59024,-232.11822, 184.72615, 106.50096,-235.06513, 184.51769, 104.22259,-236.09988, 185.08601, 108.94990,-227.03732, 186.22473, 108.24409,-231.33600, 186.87227, 106.61939,-233.64672, 186.83735, 104.89952,-234.27392, 131.94743, 132.23709,-195.79622, 116.11906, 129.52939,-196.95421, 111.06710, 102.04534,-195.19208, 109.51513,  76.12186,-193.94125, 111.63660,  74.05604,-195.18958, 113.82145,  71.10290,-196.41340, 115.36547,  68.90065,-196.36624, 110.59958,  73.10815,-196.35774, 110.59189,  67.95285,-198.50761, 111.34367,  64.22806,-198.72300, 111.96463,  62.23452,-198.17787, 109.39357,  73.00263,-195.89837, 108.73276,  67.91684,-197.74747, 108.78269,  63.79133,-197.27307, 109.40397,  61.80961,-195.70386, 108.53779,  73.05989,-195.53264, 107.19566,  68.55447,-196.91124, 106.73072,  65.02162,-196.27881, 107.08257,  63.04847,-194.76620, 107.57355,  73.27239,-194.94197, 105.73923,  69.27077,-195.88844, 104.91148,  66.55722,-195.29696, 105.08861,  65.21681,-194.06225
   2.18338, 140.10774,  82.34162,-182.12530, 150.31028,  84.70305,-178.75903, 163.54446,  42.89735,-189.13802, 166.20501,   9.09753,-164.25089, 129.90520,  79.98019,-185.49158, 133.41628,  50.29507,-219.21175, 133.01833,  11.36787,-203.29353, 138.65873,  90.24747,-183.27956, 136.06274, 107.52775,-187.51432, 134.60044, 119.50017,-191.67851, 133.01247, 137.07337,-199.09473, 132.79660, 141.17277,-200.19513, 132.72982, 145.39979,-200.63137, 136.38361, 131.96196,-196.95958, 150.83233, 133.61694,-190.05267, 169.46070, 117.25496,-203.06303, 185.25781, 107.58324,-221.30883, 182.94179, 107.29790,-223.51817, 180.56546, 106.54158,-226.48016, 179.04903, 105.17063,-228.22860, 183.75053, 107.98547,-225.00535, 183.35986, 107.26554,-230.53057, 182.57189, 105.48551,-233.80109, 182.05329, 103.93488,-235.20947, 185.01900, 107.72644,-224.98267, 185.32490, 106.88466,-230.36031, 185.34985, 104.42457,-233.70616, 185.01422, 102.00474,-234.60472, 185.92656, 107.57423,-224.83247, 186.98850, 106.72340,-229.53875, 187.54984, 104.50170,-232.33983, 187.46918, 102.17600,-233.28309, 186.98149, 107.32357,-224.44765, 188.60632, 106.42933,-228.55054, 189.51945, 104.70505,-230.69331, 189.56261, 102.95769,-231.23867, 130.60374, 131.53436,-196.73521, 114.79129, 128.80891,-198.05744, 110.05436, 101.21870,-197.47276, 109.08086,  75.23738,-197.62645, 111.27827,  73.30542,-198.95516, 113.56352,  70.48824,-200.30925, 115.16772,  68.32959,-200.36239, 110.28625,  72.39890,-200.19317, 110.45597,  67.37822,-202.63508, 111.31503,  63.69385,-203.05106, 111.98316,  61.68967,-202.61077, 109.07677,  72.23438,-199.76108, 108.58714,  67.24797,-201.90983, 108.74536,  63.10480,-201.67212, 109.39778,  61.05323,-200.20890, 108.21421,  72.24720,-199.40720, 107.02013,  67.79432,-201.06453, 106.64472,  64.21952,-200.64379, 107.02848,  62.17247,-199.24113, 107.23545,  72.39899,-198.82172, 105.52870,  68.41057,-200.02712, 104.76832,  65.64593,-199.60638, 104.96398,  64.24168,-198.44779
   2.20004, 138.80537,  81.84697,-182.70943, 148.97710,  84.23769,-179.27133, 163.20503,  42.39959,-188.08738, 165.82388,   9.06911,-162.57079, 128.63365,  79.45625,-186.14752, 131.56097,  50.00164,-220.12458, 131.84467,  11.28374,-203.70145, 137.35093,  89.74651,-183.89947, 134.75448, 107.00464,-188.22335, 133.29633, 118.95289,-192.45782, 131.71391, 136.47816,-199.98778, 131.49166, 140.57213,-201.10695, 131.40552, 144.79784,-201.55245, 135.08350, 131.38885,-197.79810, 149.47233, 132.99099,-190.75504, 169.20259, 116.77635,-202.23557, 186.56421, 106.29304,-218.50438, 184.50696, 105.88641,-220.93931, 182.47414, 104.97372,-224.10586, 181.16379, 103.51059,-225.94389, 185.47294, 106.51029,-222.35923, 185.69641, 105.53025,-227.85365, 185.27918, 103.59332,-231.10324, 184.92353, 101.97457,-232.48530, 186.73188, 106.26276,-222.18482, 187.63172, 105.17347,-227.45026, 188.03266, 102.56023,-230.65301, 187.80505, 100.09851,-231.46771, 187.61775, 106.12500,-221.92858, 189.19495, 105.06404,-226.44383, 190.06821, 102.71863,-229.05795, 190.09867, 100.35088,-229.89340, 188.62447, 105.90101,-221.41854, 190.69466, 104.82935,-225.27072, 191.84351, 103.01434,-227.21605, 191.95150, 101.24383,-227.67016, 129.30336, 130.94610,-197.61385, 113.51202, 128.19287,-199.11826, 109.11771, 100.54908,-199.83292, 108.82570,  74.60794,-201.55699, 111.10100,  72.83683,-202.97569, 113.49289,  70.18724,-204.47600, 115.16628,  68.08792,-204.64556, 110.15463,  71.98278,-204.28470, 110.51712,  67.14060,-207.04530, 111.49956,  63.52005,-207.68727, 112.22613,  61.51322,-207.36841, 108.94562,  71.75256,-203.88230, 108.64430,  66.90475,-206.35800, 108.93269,  62.76188,-206.38803, 109.63196,  60.64027,-205.05183, 108.07863,  71.71519,-203.54124, 107.04981,  67.34528,-205.50239, 106.78425,  63.74061,-205.32076, 107.21565,  61.61908,-204.04871, 107.08806,  71.79762,-202.96177, 105.52613,  67.84531,-204.44941, 104.84977,  65.03663,-204.22082, 105.07564,  63.56630,-203.15326
   2.21671, 137.55005,  81.44053,-183.34691, 147.69615,  83.83797,-179.83851, 163.03122,  41.99152,-186.49388, 165.73970,   9.11019,-160.41022, 127.40395,  79.04308,-186.85531, 129.80604,  49.66648,-220.94093, 130.82689,  11.16828,-204.03764, 136.10608,  89.33737,-184.56729, 133.53820, 106.58275,-188.95856, 132.09981, 118.51601,-193.24177, 130.53791, 136.00996,-200.84845, 130.31423, 140.10047,-201.97992, 130.21319, 144.32533,-202.43027, 133.90145, 130.93522,-198.61605, 148.24098, 132.49153,-191.46304, 169.11550, 116.47476,-201.03998, 187.97569, 105.16839,-214.91295, 186.23239, 104.61595,-217.55535, 184.60407, 103.52002,-220.89300, 183.53192, 101.95067,-222.79661, 187.36297, 105.17327,-218.87811, 188.25859, 103.90855,-224.24443, 188.24658, 101.80017,-227.41307, 188.06668, 100.10800,-228.74015, 188.59182, 104.94669,-218.53868, 190.13105, 103.59102,-223.58982, 190.92713, 100.81719,-226.57638, 190.80721,  98.31417,-227.28073, 189.44011, 104.83062,-218.16944, 191.55990, 103.54874,-222.39602, 192.75214, 101.07752,-224.75585, 192.89065,  98.66959,-225.45431, 190.37756, 104.64285,-217.52935, 192.90566, 103.38954,-221.03810, 194.28833, 101.48554,-222.72968, 194.45564,  99.69471,-223.07248, 128.12098, 130.48231,-198.47075, 112.35049, 127.70249,-200.13637, 108.24569, 100.06631,-201.97816, 108.64609,  74.26905,-205.19390, 110.98442,  72.64985,-206.68954, 113.46551,  70.16217,-208.31683, 115.20054,  68.12489,-208.59116, 110.07499,  71.84771,-208.05630, 110.60249,  67.18855,-211.09159, 111.69525,  63.64143,-211.93389, 112.47685,  61.64079,-211.72533, 108.86961,  71.55994,-207.68096, 108.73123,  66.85953,-210.43924, 109.13993,  62.73548,-210.70865, 109.88845,  60.55969,-209.49157, 108.00105,  71.47794,-207.35191, 107.11703,  67.20347,-209.57633, 106.95453,  63.58826,-209.60885, 107.43588,  61.40871,-208.45864, 107.00336,  71.49795,-206.77919, 105.57012,  67.59717,-208.51217, 104.97350,  64.76182,-208.45559, 105.23235,  63.23826,-207.47358
   2.23338, 136.37329,  81.11092,-184.00246, 146.49820,  83.48234,-180.41602, 162.79414,  41.69984,-184.80334, 165.72443,   9.25375,-158.20371, 126.24838,  78.73951,-187.58890, 128.22067,  49.26047,-221.61360, 130.06784,  11.00754,-204.23038, 134.96310,  89.01046,-185.24466, 132.46856, 106.25377,-189.68605, 131.07316, 118.17824,-194.00779, 129.55030, 135.64618,-201.68188, 129.32968, 139.73437,-202.82229, 129.21339, 143.95892,-203.27185, 132.90224, 130.58175,-199.40900, 147.18281, 132.10825,-192.13264, 168.96742, 116.30074,-199.84973, 189.27005, 104.15914,-210.63791, 187.97187, 103.40667,-213.47957, 186.89919, 102.06643,-216.95024, 186.14763, 100.35813,-218.88749, 189.29798, 103.88771,-214.64084, 191.04099, 102.27431,-219.69632, 191.53888,  99.95631,-222.67367, 191.57635,  98.17601,-223.89273, 190.45735, 103.70049,-214.09545, 192.78559, 102.02599,-218.73188, 194.05344,  99.06686,-221.35553, 194.05230,  96.52056,-221.89588, 191.23606, 103.62063,-213.58887, 194.00568, 102.08304,-217.32594, 195.56401,  99.47333,-219.29016, 195.81687,  97.02564,-219.79016, 192.05970, 103.48872,-212.79640, 195.11779, 102.03348,-215.76352, 196.75636, 100.03734,-217.07839, 196.97970,  98.22972,-217.26604, 127.12129, 130.12398,-199.30380, 111.36891, 127.34871,-201.13963, 107.48114,  99.77181,-204.03791, 108.61868,  74.22473,-208.73394, 111.02028,  72.76123,-210.28863, 113.59130,  70.44268,-212.02257, 115.38778,  68.47450,-212.39003, 110.15049,  72.01379,-211.71106, 110.84830,  67.55411,-215.00095, 112.05325,  64.09377,-216.03042, 112.89007,  62.10735,-215.92641, 108.94968,  71.67088,-211.36889, 108.97989,  67.13522,-214.39347, 109.51117,  63.04677,-214.89319, 110.30826,  60.82651,-213.79288, 108.08008,  71.54551,-211.05667, 107.34644,  67.38304,-213.53383, 107.28928,  63.77258,-213.77553, 107.82022,  61.54485,-212.74575, 107.07562,  71.50424,-210.49707, 105.77646,  67.67084,-212.46955, 105.26172,  64.82119,-212.58341, 105.55320,  63.25151,-211.68692
   2.25005, 135.18756,  80.98081,-184.69251, 145.29774,  83.29773,-181.02971, 162.54187,  41.70377,-182.80914, 165.74050,   9.60761,-155.81876, 125.07738,  78.66389,-188.35530, 126.67434,  48.96397,-222.20715, 129.22543,  10.92689,-204.44347, 133.82650,  88.88849,-185.93769, 131.43621, 106.14172,-190.39785, 130.10088, 118.06431,-194.74371, 128.63380, 135.51212,-202.47424, 128.41958, 139.59904,-203.62040, 128.28514, 143.82359,-204.06486, 131.96922, 130.45248,-200.16662, 146.17306, 131.94602,-192.73492, 168.71990, 116.34581,-198.41587, 190.01262, 103.57280,-206.12758, 189.13316, 102.64389,-209.07549, 188.56756, 101.09424,-212.57850, 188.10262,  99.26911,-214.49913, 190.60985, 103.07085,-210.06322, 193.05719, 101.18631,-214.71705, 193.97816,  98.70547,-217.45254, 194.19231,  96.85820,-218.54738, 191.68032, 102.92756,-209.34893, 194.64751, 101.01235,-213.50211, 196.28170,  97.91996,-215.74130, 196.36278,  95.34683,-216.12601, 192.37927, 102.88523,-208.73326, 195.65523, 101.16327,-211.94318, 197.48248,  98.46083,-213.51008, 197.80903,  95.99111,-213.82468, 193.08218, 102.80793,-207.82566, 196.53406, 101.21568,-210.23869, 198.34713,  99.16411,-211.18854, 198.59870,  97.35110,-211.23624, 126.18753, 129.99732,-200.09669, 110.45645, 127.25669,-202.15392, 106.74487,  99.79761,-206.18174, 108.56552,  74.55853,-212.15451, 111.05009,  73.27126,-213.73451, 113.73491,  71.14791,-215.54435, 115.60007,  69.26138,-215.98965, 110.24044,  72.59424,-215.22602, 111.15938,  68.38342,-218.77898, 112.49644,  65.03505,-219.99812, 113.39121,  63.07129,-220.00074, 109.04241,  72.19471,-214.94012, 109.28986,  67.87118,-218.25177, 109.95963,  63.84178,-219.00195, 110.79644,  61.57794,-218.02708, 108.16940,  72.02377,-214.66079, 107.62810,  68.01413,-217.42312, 107.68855,  64.42733,-217.90099, 108.26146,  62.15294,-217.00429, 107.15271,  71.91647,-214.13294, 106.02329,  68.18529,-216.38598, 105.59979,  65.33558,-216.69937, 105.91654,  63.71935,-215.89936
   2.26671, 134.03040,  80.99594,-185.35645, 144.12675,  83.21803,-181.59800, 162.30566,  42.00030,-180.49803, 165.82448,  10.16078,-153.24481, 123.93404,  78.77385,-189.11489, 125.27545,  48.79034,-222.72699, 128.44139,  10.87235,-204.80835, 132.74455,  88.91859,-186.58634, 130.51461, 106.19631,-191.03471, 129.27402, 118.12536,-195.39091, 127.90326, 135.55993,-203.16884, 127.70250, 139.64645,-204.31886, 127.55251, 143.87109,-204.75757, 131.21017, 130.49783,-200.82588, 145.33443, 131.96042,-193.23800, 168.52453, 116.61263,-196.50366, 190.46941, 103.38528,-200.91495, 190.05959, 102.28696,-203.90699, 190.04679, 100.54144,-207.36320, 189.88801,  98.60891,-209.22766, 191.67124, 102.67351,-204.67619, 194.81395, 100.56010,-208.78179, 196.15162,  97.94176,-211.19852, 196.53547,  96.03927,-212.14199, 192.61795, 102.58032,-203.79775, 196.19650, 100.46897,-207.32724, 198.16240,  97.27439,-209.10974, 198.30539,  94.68491,-209.33284, 193.21287, 102.57883,-203.07978, 196.94970, 100.71536,-205.64185, 199.00143,  97.94902,-206.75312, 199.37590,  95.46908,-206.87480, 193.76638, 102.55853,-202.07132, 197.55308, 100.87015,-203.82737, 199.49418,  98.78745,-204.36858, 199.75232,  96.97714,-204.27533, 125.42712, 130.05563,-200.79791, 109.71908, 127.36483,-203.08421, 106.10944, 100.04933,-208.06757, 108.57645,  75.17815,-215.23267, 111.14418,  74.04438,-216.79724, 113.94059,  72.09449,-218.63311, 115.86616,  70.28100,-219.12252, 110.40238,  73.43891,-218.35340, 111.54527,  69.46900,-222.11275, 113.00574,  66.23057,-223.47847, 113.94880,  64.29146,-223.56484, 109.20575,  72.99574,-218.13366, 109.67240,  68.88363,-221.68245, 110.46735,  64.92238,-222.64369, 111.32704,  62.62432,-221.77449, 108.32835,  72.78853,-217.89566, 107.98061,  68.93893,-220.90570, 108.14657,  65.38923,-221.59070, 108.74548,  63.07926,-220.80938, 107.29745,  72.62677,-217.41104, 106.33799,  69.01131,-219.91730, 105.99650,  66.17633,-220.41196, 106.32632,  64.52305,-219.69749
   2.28338, 132.87981,  81.19903,-185.90898, 142.93942,  83.31002,-181.99135, 161.82992,  42.55307,-178.44123, 165.74059,  10.91041,-151.01270, 122.82019,  79.08803,-189.82661, 124.00623,  48.73815,-223.11418, 127.82149,  10.92773,-205.09500, 131.68671,  89.13854,-187.12354, 129.66352, 106.44822,-191.54643, 128.55675, 118.39321,-195.89498, 127.34740, 135.83458,-203.68443, 127.17218, 139.92228,-204.83444, 127.01695, 144.14702,-205.27030, 130.60599, 130.76138,-201.29817, 144.64414, 132.16716,-193.54162, 168.19522, 117.05801,-194.57137, 190.39463, 103.53864,-195.21366, 190.47342, 102.28413,-198.17112, 191.01971, 100.36337,-201.48844, 191.16593,  98.33617,-203.25059, 192.18733, 102.64648,-198.69047, 195.95304, 100.35598,-202.12152, 197.66609,  97.63026,-204.15168, 198.19954,  95.68568,-204.92045, 192.98041, 102.60784,-197.66765, 197.08351, 100.35326,-200.46095, 199.31531,  97.09082,-201.73492, 199.49606,  94.49484,-201.79648, 193.45197, 102.64907,-196.86433, 197.55520, 100.69328,-198.69165, 199.76303,  97.89381,-199.31262, 200.15575,  95.41469,-199.24275, 193.83594, 102.68603,-195.78036, 197.85837, 100.94697,-196.81439, 199.86426,  98.85840,-196.92702, 200.10661,  97.05789,-196.69901, 124.82175, 130.33725,-201.34981, 109.14627, 127.70157,-203.90764, 105.57702, 100.56771,-209.82494, 108.72443,  76.16243,-218.21992, 111.38899,  75.16639,-219.71478, 114.31035,  73.37625,-221.51850, 116.29049,  71.62519,-222.01742, 110.73909,  74.64887,-221.34214, 112.14423,  70.93934,-225.27457, 113.73039,  67.81443,-226.75939, 114.71098,  65.89847,-226.91588, 109.54081,  74.17544,-221.21326, 110.26243,  70.30097,-224.98008, 111.17610,  66.41971,-226.14132, 112.03069,  64.08447,-225.37195, 108.65616,  73.94098,-221.03486, 108.53221,  70.28288,-224.29118, 108.79630,  66.78586,-225.18463, 109.39523,  64.44043,-224.51725, 107.60474,  73.73419,-220.61589, 106.83991,  70.26928,-223.38769, 106.57479,  67.46619,-224.07386, 106.89679,  65.77638,-223.44664
   2.30005, 131.77469,  81.54787,-186.30974, 141.77584,  83.55957,-182.19514, 161.07987,  43.19430,-176.84881, 165.36799,  11.67667,-149.33287, 121.77354,  79.53616,-190.42434, 122.83681,  48.71780,-223.28285, 127.21837,  10.95481,-205.29302, 130.67338,  89.50108,-187.52132, 128.86028, 106.83902,-191.92462, 127.89700, 118.80296,-196.25517, 126.87590, 136.26591,-204.02320, 126.73245, 140.35610,-205.16873, 126.57599, 144.58104,-205.60229, 130.07725, 131.17681,-201.59370, 143.99888, 132.50570,-193.61673, 167.69548, 117.63887,-192.41321, 189.69322, 104.04255,-189.72254, 190.27128, 102.66468,-192.56751, 191.37276, 100.61086,-195.65958, 191.81924,  98.51242,-197.28233, 192.04684, 103.02272,-192.80773, 196.34237, 100.62861,-195.45643, 198.38071,  97.83746,-197.05026, 199.04197,  95.86777,-197.63336, 192.65715, 103.03584,-191.66581, 197.17817, 100.70821,-193.63145, 199.60277,  97.41839,-194.37022, 199.79978,  94.82417,-194.28748, 192.98709, 103.11606,-190.79742, 197.34515, 101.12789,-191.82465, 199.63503,  98.32803,-191.94447, 200.01858,  95.85838,-191.70187, 193.18360, 103.20299,-189.66711, 197.32818, 101.46413,-189.93599, 199.33135,  99.39391,-189.61994, 199.53790,  97.60734,-189.27633, 124.29341, 130.77141,-201.74480, 108.66572, 128.19989,-204.63835, 105.11299, 101.30914,-211.58571, 108.82551,  77.34521,-220.96371, 111.59216,  76.48126,-222.35145, 114.64572,  74.84900,-224.08461, 116.67800,  73.15637,-224.57549, 111.05257,  76.07069,-224.04815, 112.75336,  72.65530,-228.12754, 114.47366,  69.65618,-229.71863, 115.48941,  67.76546,-229.94303, 109.85548,  75.57755,-224.02790, 110.86617,  71.97937,-227.99687, 111.90598,  68.19672,-229.35988, 112.74421,  65.82266,-228.69898, 108.96487,  75.32253,-223.92221, 109.09677,  71.89655,-227.42163, 109.46612,  68.47225,-228.53290, 110.05572,  66.09250,-227.99042, 107.89241,  75.07685,-223.58565, 107.35174,  71.80379,-226.63002, 107.17010,  69.05216,-227.52108, 107.47647,  67.32643,-226.99141
   2.31671, 130.69652,  81.99230,-186.54057, 140.58530,  83.92778,-182.12855, 160.46152,  44.01896,-175.58597, 164.60575,  12.66356,-147.86342, 120.80774,  80.05682,-190.95259, 121.83058,  48.76900,-223.36571, 126.77767,  10.99880,-205.53839, 129.69082,  89.95402,-187.77915, 128.10888, 107.30995,-192.20063, 127.31611, 119.28995,-196.52136, 126.53967, 136.77888,-204.25918, 126.43819, 140.87195,-205.39891, 126.29355, 145.09739,-205.83168, 129.66411, 131.67602,-201.75946, 143.45763, 132.93322,-193.55164, 167.07866, 118.35325,-189.88125, 188.51215, 104.83824,-184.05461, 189.56307, 103.36296,-186.70898, 191.17459, 101.20897,-189.49389, 191.89558,  99.05726,-190.93832, 191.35206, 103.73175,-186.66392, 196.04067, 101.28982,-188.46753, 198.32979,  98.46479,-189.59214, 199.08862,  96.48245,-189.98137, 191.76343, 103.79379,-185.43773, 196.56017, 101.44601,-186.53332, 199.09005,  98.15852,-186.73209, 199.28321,  95.57149,-186.51864, 191.94360, 103.90966,-184.53026, 196.42159, 101.93387,-184.74130, 198.71307,  99.15729,-184.37135, 199.06289,  96.70271,-183.97410, 191.94853, 104.04040,-183.38716, 196.08840, 102.33930,-182.89604, 198.02096, 100.30469,-182.17221, 198.17609,  98.53443,-181.73099, 123.88579, 131.28240,-202.06931, 108.31610, 128.76407,-205.30240, 104.76131, 102.11905,-213.13863, 108.96636,  78.57465,-223.33563, 111.81554,  77.80472,-224.60683, 114.97680,  76.28941,-226.25079, 117.04629,  74.63632,-226.72046, 111.37909,  77.49376,-226.35363, 113.33989,  74.33303,-230.52066, 115.17160,  71.44003,-232.18228, 116.21216,  69.56967,-232.45791, 110.18640,  76.99596,-226.43304, 111.45314,  73.64371,-230.54143, 112.59777,  69.95254,-232.06212, 113.41273,  67.54644,-231.49456, 109.29296,  76.73189,-226.39519, 109.65374,  73.52044,-230.07719, 110.11180,  70.16960,-231.36530, 110.68553,  67.76397,-230.93070, 108.20442,  76.46276,-226.13743, 107.86608,  73.37448,-229.39650, 107.75645,  70.68004,-230.45780, 108.04355,  68.92700,-230.01397
   2.33338, 129.65416,  82.56184,-186.58426, 139.37061,  84.41541,-181.77229, 159.83551,  44.86429,-174.88165, 163.00783,  13.50890,-147.03114, 119.93771,  80.70828,-191.39622, 121.03919,  48.87588,-223.27206, 126.37781,  11.00048,-205.78410, 128.77133,  90.53047,-187.87114, 127.48322, 107.89926,-192.33725, 126.90550, 119.89250,-196.65535, 126.43384, 137.40391,-204.36689, 126.38466, 141.50011,-205.49878, 126.26055, 145.72669,-205.92676, 129.45783, 132.29266,-201.76293, 143.06034, 133.51465,-193.23717, 166.41697, 119.20739,-187.42598, 186.84893, 105.91640,-178.37698, 188.35137, 104.33926,-180.73958, 190.43045, 102.08431,-183.10284, 191.39856,  99.88004,-184.30287, 190.10396, 104.72829,-180.39964, 195.04223, 102.26003,-181.24834, 197.50036,  99.41324,-181.83055, 198.32097,  97.42401,-181.99348, 190.29467, 104.84735,-179.12446, 195.21549, 102.50475,-179.26200, 197.75026,  99.23833,-178.87106, 197.91030,  96.66504,-178.51303, 190.31327, 105.00405,-178.20549, 194.76472, 103.06784,-177.54494, 196.96401, 100.33382,-176.65871, 197.24583,  97.90240,-176.09843, 190.11810, 105.18393,-177.08596, 194.11324, 103.54884,-175.80580, 195.89528, 101.56754,-174.66685, 195.97584,  99.81963,-174.12752, 123.69571, 131.90219,-202.29719, 108.21212, 129.43490,-205.95521, 104.59097, 103.05490,-214.61445, 109.30565,  79.93682,-225.53811, 112.21766,  79.22811,-226.69763, 115.46190,  77.79282,-228.24917, 117.55599,  76.16345,-228.69192, 111.87177,  79.00254,-228.47752, 114.04947,  76.04690,-232.68712, 115.96954,  73.23707,-234.39119, 117.02655,  71.38178,-234.70361, 110.68569,  78.50978,-228.64194, 112.16763,  75.36034,-232.83789, 113.39589,  71.74679,-234.47528, 114.18553,  69.31556,-233.98414, 109.79202,  78.24463,-228.66274, 110.34708,  75.21557,-232.47291, 110.87710,  71.93100,-233.89693, 111.43263,  69.50682,-233.55075, 108.69225,  77.96385,-228.47441, 108.52723,  75.03763,-231.89251, 108.47740,  72.39795,-233.08751, 108.74489,  70.62529,-232.71514
   2.35005, 128.64748,  83.20236,-186.48288, 138.15636,  84.99150,-181.25028, 159.33347,  45.74668,-174.77283, 161.08492,  14.14227,-147.07862, 119.13859,  81.41322,-191.71548, 120.48264,  48.92933,-222.91763, 126.14887,  10.93489,-205.79479, 127.89032,  91.17354,-187.83248, 126.89962, 108.54501,-192.36360, 126.53870, 120.54496,-196.68661, 126.37343, 138.07070,-204.37821, 126.37396, 142.17076,-205.49715, 126.26036, 146.39921,-205.90923, 129.29053, 132.95753,-201.65865, 142.61388, 134.15856,-192.70009, 165.53742, 120.14892,-184.81077, 184.83145, 107.17266,-173.17646, 186.65794, 105.51040,-175.23252, 189.05527, 103.17432,-177.17878, 190.18600, 100.92921,-178.13640, 188.34347, 105.92329,-174.66064, 193.35269, 103.45229,-174.69010, 195.86927, 100.59903,-174.79669, 196.70498,  98.60978,-174.75879, 188.34895, 106.09488,-173.37722, 193.23870, 103.77804,-172.71113, 195.69133, 100.54525,-171.82733, 195.79852,  97.98952,-171.34530, 188.23528, 106.28867,-172.47228, 192.54582, 104.40730,-171.10100, 194.59522, 101.72446,-169.79736, 194.79386,  99.31938,-169.10365, 187.88126, 106.51244,-171.40065, 191.65115, 104.95423,-169.49451, 193.25124, 103.03121,-168.03161, 193.25364, 101.30702,-167.41541, 123.55649, 132.56221,-202.43620, 108.20681, 130.15607,-206.65613, 104.45095, 104.09412,-216.17813, 109.56981,  81.29735,-227.58446, 112.53878,  80.62252,-228.61226, 115.85864,  79.23668,-230.04417, 117.96858,  77.61601,-230.44124, 112.29042,  80.47514,-230.41645, 114.68639,  77.68986,-234.62366, 116.68800,  74.94468,-236.33924, 117.75454,  73.09854,-236.67276, 111.11357,  79.99650,-230.66655, 112.81344,  77.02092,-234.90654, 114.11803,  73.47379,-236.62798, 114.87160,  71.01942,-236.19927, 110.22153,  79.73748,-230.74760, 110.97514,  76.87089,-234.64829, 111.57188,  73.64723,-236.18096, 112.09969,  71.20739,-235.90936, 109.11217,  79.45508,-230.63197, 109.12560,  76.67851,-234.17653, 109.13289,  74.09261,-235.48477, 109.37377,  72.30418,-235.17481
   2.36671, 127.66006,  83.79733,-186.33644, 136.91927,  85.50120,-180.64753, 159.01265,  46.65387,-174.87248, 158.57942,  14.36228,-147.92920, 118.40084,  82.09346,-192.02536, 120.08961,  48.99756,-222.56046, 125.91637,  10.77413,-206.01072, 127.06000,  91.77115,-187.74801, 126.43192, 109.14006,-192.35312, 126.32616, 121.13700,-196.69822, 126.50798, 138.65094,-204.41626, 126.56145, 142.75313,-205.52610, 126.45761, 146.98356,-205.91998, 129.29829, 133.54452,-201.55469, 142.30144, 134.75487,-192.13857, 164.54587, 121.10466,-181.99673, 182.54913, 108.46611,-168.13493, 184.62589, 106.69434,-169.83034, 187.24686, 104.25447,-171.30342, 188.47820, 101.95992,-171.97789, 186.22043, 107.13388,-169.05397, 191.16362, 104.65592,-168.26427, 193.64509, 101.79656,-167.87438, 194.44966,  99.81062,-167.61816, 186.05095, 107.37302,-167.79274, 190.78157, 105.08596,-166.33955, 193.06010, 101.90003,-164.95912, 193.07692,  99.37314,-164.33449, 185.81570, 107.61454,-166.92342, 189.87959, 105.80061,-164.87522, 191.70598, 103.18676,-163.16372, 191.78564, 100.82133,-162.32496, 185.31972, 107.89522,-165.92391, 188.77751, 106.43322,-163.43800, 190.14384, 104.58734,-161.67045, 190.04593, 102.89810,-160.97085, 123.60747, 133.14285,-202.60023, 108.41593, 130.80387,-207.39150, 104.47937, 105.03537,-217.61344, 109.89567,  82.44727,-229.29426, 112.90303,  81.77391,-230.20473, 116.27375,  80.39772,-231.52257, 118.38685,  78.76944,-231.86842, 112.73601,  81.67826,-232.02173, 115.29937,  78.98762,-236.19170, 117.35554,  76.27239,-237.89033, 118.42169,  74.42647,-238.22629, 111.56807,  81.21736,-232.33812, 113.43608,  78.34371,-236.57768, 114.78996,  74.83336,-238.33605, 115.50398,  72.36142,-237.94194, 110.67865,  80.96877,-232.46670, 111.58680,  78.20336,-236.40732, 112.22753,  75.01760,-238.00029, 112.72330,  72.56655,-237.77291, 109.56300,  80.69339,-232.40938, 109.71623,  78.01493,-236.02543, 109.76289,  75.46587,-237.40330, 109.97540,  73.66752,-237.13253
   2.38338, 126.65829,  84.53368,-186.07147, 135.61167,  86.12247,-179.88175, 158.77347,  47.80354,-174.80492, 155.50956,  14.36785,-149.50123, 117.70490,  82.94488,-192.26119, 119.93154,  49.19496,-222.03650, 126.08459,  10.70615,-206.23692, 126.24607,  92.51222,-187.52315, 126.05378, 109.88121,-192.16659, 126.25638, 121.87364,-196.52069, 126.86324, 139.36620,-204.26546, 126.97868, 143.46991,-205.36488, 126.88583, 147.70233,-205.73976, 129.49232, 134.26698,-201.24290, 142.08840, 135.51610,-191.29360, 163.57138, 122.22778,-179.21461, 179.96578, 109.95954,-163.19231, 182.16619, 108.04166,-164.53636, 184.86650, 105.46170,-165.55838, 186.10376, 103.10517,-165.94834, 183.67905, 108.50145,-163.62074, 188.44382, 105.98891,-162.14320, 190.79497, 103.11555,-161.30563, 191.51619, 101.13607,-160.83821, 183.38150, 108.82612,-162.40308, 187.86876, 106.55163,-160.30252, 189.90361, 103.42138,-158.48364, 189.78850, 100.94116,-157.70207, 183.06067, 109.12863,-161.58153, 186.83361, 107.37774,-158.99311, 188.39827, 104.84844,-156.93115, 188.32679, 102.54220,-155.94055, 182.46775, 109.48363,-160.66163, 185.60039, 108.12394,-157.72713, 186.72149, 106.37309,-155.70821, 186.50580, 104.73563,-154.91779, 123.86636, 133.86387,-202.59423, 108.89102, 131.59914,-208.05499, 104.65332, 106.11141,-218.84469, 110.31671,  83.66348,-230.67754, 113.35275,  82.95750,-231.45897, 116.76009,  81.54990,-232.64265, 118.86209,  79.89410,-232.91834, 113.26934,  82.89490,-233.28315, 115.98356,  80.23374,-237.37587, 118.07540,  77.51480,-239.02426, 119.12796,  75.65797,-239.34248, 112.11060,  82.45805,-233.66143, 114.13078,  79.62619,-237.85912, 115.51191,  76.12456,-239.61366, 116.16917,  73.63530,-239.22998, 111.22449,  82.22588,-233.83549, 112.27364,  79.51256,-237.77729, 112.93968,  76.34404,-239.39410, 113.38706,  73.88194,-239.18671, 110.10333,  81.96742,-233.83485, 110.38463,  79.34766,-237.48603, 110.45694,  76.82156,-238.90448, 110.62926,  75.01577,-238.65553
   2.40005, 125.63184,  85.39076,-185.76247, 134.29077,  86.85474,-179.13829, 158.21991,  48.95125,-174.52251, 152.36325,  14.21490,-151.54511, 116.97291,  83.92678,-192.38664, 119.91160,  49.40877,-221.20425, 126.22463,  10.58684,-206.30864, 125.40081,  93.37463,-187.22494, 125.62737, 110.74574,-191.85892, 126.12585, 122.73423,-196.20004, 127.14292, 140.20479,-203.95145, 127.31632, 144.30975,-205.03855, 127.22561, 148.54352,-205.39835, 129.61128, 135.10979,-200.78947, 141.69634, 136.39537,-190.22971, 162.27277, 123.44839,-176.33777, 177.15919, 111.50880,-158.67876, 179.38691, 109.44314,-159.72606, 182.06481, 106.72239,-160.37317, 183.24442, 104.30928,-160.51987, 180.84063, 109.91417,-158.72438, 185.38700, 107.35725,-156.72644, 187.56450, 104.47299,-155.53265, 188.17765, 102.50633,-154.88980, 180.46251, 110.32469,-157.55599, 184.69312, 108.05339,-154.97447, 186.47139, 104.98505,-152.81335, 186.20953, 102.56434,-151.89290, 180.09069, 110.68857,-156.78221, 183.59069, 108.99237,-153.80336, 184.90304, 106.55326,-151.47405, 184.67481, 104.31811,-150.35284, 179.44208, 111.11936,-155.93514, 182.29138, 109.85490,-152.68613, 183.19248, 108.20304,-150.48209, 182.85943, 106.62661,-149.61232, 124.05816, 134.71158,-202.41560, 109.37896, 132.53816,-208.66119, 104.74311, 107.33809,-219.95125, 110.53517,  84.92470,-231.78729, 113.59259,  84.16746,-232.42393, 117.02751,  82.70612,-233.45263, 119.10828,  81.01199,-233.64346, 113.60035,  84.12821,-234.25066, 116.46600,  81.46208,-238.23548, 118.58545,  78.72161,-239.81136, 119.61657,  76.84801,-240.10008, 112.45397,  83.71916,-234.69237, 114.62861,  80.89751,-238.81917, 116.02859,  77.39003,-240.54689, 116.61723,  74.88374,-240.16269, 111.57346,  83.50684,-234.91379, 112.76786,  80.82009,-238.83239, 113.45328,  77.65831,-240.45427, 113.84180,  75.18545,-240.25634, 110.44891,  83.27088,-234.97290, 110.86370,  80.68957,-238.63872, 110.95868,  78.17955,-240.08414, 111.08316,  76.36785,-239.85010
   2.41672, 124.58875,  86.50339,-185.43431, 132.94066,  87.83593,-178.40082, 157.35618,  50.21649,-174.01403, 149.36387,  13.98251,-154.21259, 116.23685,  85.17086,-192.46780, 119.87839,  49.95070,-220.34008, 126.40370,  10.72149,-206.65197, 124.53296,  94.49315,-186.88177, 125.17184, 111.87055,-191.45323, 125.97060, 123.86022,-195.74594, 127.42270, 141.32078,-203.45047, 127.65639, 145.42723,-204.52049, 127.57297, 149.66200,-204.87015, 129.71603, 136.22145,-200.16605, 141.30573, 137.52123,-189.06652, 160.75481, 124.98227,-173.30240, 174.12724, 113.31842,-154.29890, 176.31036, 111.09202,-155.07588, 178.88551, 108.21718,-155.38617, 179.95155, 105.74853,-155.31238, 177.72153, 111.55849,-154.01309, 182.00567, 108.92821,-151.57860, 183.96132, 106.02866,-150.07735, 184.43636, 104.08043,-149.28005, 177.29335, 112.05832,-152.89798, 181.24109, 109.76377,-149.91947, 182.73051, 106.75958,-147.46919, 182.29388, 104.41585,-146.42426, 176.89328, 112.48658,-152.17277, 180.11670, 110.82354,-148.87967, 181.16235, 108.47842,-146.32934, 180.75612, 106.33075,-145.09336, 176.21609, 112.99872,-151.39628, 178.79557, 111.81265,-147.90158, 179.47770, 110.26321,-145.54948, 179.01480, 108.76127,-144.61009, 124.24931, 135.83795,-202.06549, 109.87944, 133.74525,-209.01800, 104.83657, 108.78173,-220.65381, 110.66078,  86.29740,-232.33855, 113.72704,  85.47932,-232.84388, 117.17311,  83.95132,-233.72830, 119.22471,  82.21487,-233.83688, 113.81491,  85.44889,-234.66867, 116.79836,  82.74284,-238.53847, 118.92824,  79.96629,-240.03513, 119.93206,  78.07290,-240.28893, 112.68098,  85.06615,-235.16300, 114.97731,  82.21982,-239.20606, 116.37941,  78.69227,-240.89068, 116.89835,  76.17232,-240.49548, 111.80693,  84.87345,-235.42434, 113.11777,  82.18151,-239.30195, 113.80865,  79.01406,-240.91038, 114.13664,  76.53265,-240.70992, 110.68145,  84.66142,-235.53447, 111.20460,  82.09002,-239.19338, 111.31144,  79.58570,-240.64781, 111.38783,  77.77065,-240.41908
   2.43338, 123.52022,  87.80623,-185.07585, 131.51245,  88.98850,-177.61084, 156.07698,  51.47576,-173.14298, 146.53285,  13.60606,-157.53301, 115.52799,  86.62395,-192.54087, 119.97638,  50.65285,-219.31539, 126.62343,  10.89913,-207.30149, 123.64929,  95.80277,-186.48049, 124.72290, 113.19189,-190.92419, 125.83991, 125.18972,-195.12203, 127.75783, 142.65478,-202.71366, 128.05853, 146.76247,-203.76199, 127.99471, 150.99780,-204.10895, 129.85496, 137.54503,-199.31625, 140.92027, 138.85832,-187.69540, 159.28718, 126.68502,-170.41919, 170.99630, 115.35401,-150.15827, 173.09857, 112.97472,-150.65425, 175.52412, 109.95678,-150.62150, 176.44339, 107.44508,-150.33433, 174.45971, 113.43045,-149.52371, 178.41876, 110.73272,-146.65191, 180.10519, 107.83120,-144.85671, 180.41659, 105.91243,-143.91953, 173.98683, 114.01796,-148.47116, 177.59328, 111.70506,-145.09994, 178.74624, 108.78046,-142.38611, 178.11086, 106.52960,-141.24353, 173.56391, 114.50922,-147.80094, 176.46311, 112.88230,-144.20253, 177.20412, 110.64372,-141.45721, 176.59724, 108.59822,-140.13329, 172.86620, 115.10154,-147.10370, 175.13710, 113.99561,-143.37631, 175.57357, 112.55713,-140.89868, 174.96604, 111.14041,-139.91056, 124.49832, 137.17966,-201.51008, 110.45996, 135.18545,-209.13620, 105.07901, 110.38143,-220.96015, 110.90252,  87.81423,-232.48440, 113.96738,  86.93366,-232.88159, 117.41059,  85.33407,-233.64185, 119.42988,  83.55712,-233.67345, 114.11665,  86.89298,-234.70219, 117.17581,  84.11071,-238.45713, 119.29994,  81.28584,-239.86915, 120.27409,  79.37191,-240.08099, 112.99284,  86.53031,-235.23336, 115.36852,  83.62048,-239.18433, 116.75694,  80.05820,-240.80602, 117.21210,  77.53041,-240.38326, 112.12454,  86.35361,-235.52358, 113.51292,  83.61831,-239.34342, 114.19522,  80.43039,-240.91466, 114.46697,  77.94398,-240.69319, 110.99947,  86.16324,-235.67117, 111.59573,  83.56496,-239.29979, 111.70234,  81.05225,-240.73969, 111.73493,  79.23714,-240.50122
   2.45005, 122.47549,  89.24934,-184.74808, 130.13424,  90.29527,-176.92187, 154.21806,  52.52218,-172.04875, 144.20346,  13.30917,-160.60659, 114.81674,  88.20342,-192.57429, 120.17788,  51.38213,-217.99151, 126.88554,  11.10449,-207.91214, 122.75227,  97.25314,-186.08859, 124.17802, 114.65898,-190.36464, 125.55711, 126.67082,-194.44281, 127.86541, 144.15322,-201.88436, 128.22217, 148.26290,-202.90700, 128.17149, 152.49842,-203.25386, 129.78990, 139.02943,-198.40685, 140.25853, 140.34946,-186.24645, 157.47987, 128.52375,-167.60301, 167.76081, 117.47596,-146.43113, 169.77088, 114.98313,-146.69945, 172.04112, 111.86137,-146.39444, 172.81899, 109.32520,-145.94851, 171.08340, 115.42521,-145.50765, 174.73057, 112.67758,-142.29087, 176.16545, 109.78352,-140.27812, 176.32761, 107.89558,-139.24546, 170.57825, 116.07956,-144.51102, 173.86303, 113.75415,-140.83355, 174.71065, 110.90200,-137.93628, 173.90055, 108.73516,-136.74290, 170.14082, 116.61875,-143.88866, 172.74025, 115.02041,-140.05605, 173.20851, 112.87317,-137.18076, 172.42610, 110.91795,-135.81326, 169.43270, 117.27260,-143.26030, 171.42331, 116.22871,-139.35886, 171.64252, 114.88216,-136.80208, 170.90975, 113.53970,-135.79539, 124.54194, 138.68162,-200.85184, 110.88679, 136.80302,-209.17154, 104.95316, 112.14412,-221.03454, 110.70130,  89.36411,-232.17141, 113.75774,  88.41849,-232.47231, 117.18783,  86.74088,-233.11456, 119.17200,  84.92523,-233.06387, 113.95436,  88.34517,-234.28738, 117.05673,  85.44364,-237.91442, 119.16169,  82.55579,-239.22406, 120.10337,  80.62031,-239.37936, 112.83811,  87.99549,-234.84266, 115.26007,  84.97635,-238.68194, 116.62080,  81.36202,-240.20918, 117.01491,  78.83322,-239.73438, 111.97450,  87.83076,-235.15322, 113.40966,  85.00719,-238.89065, 114.07065,  81.78148,-240.39234, 114.28760,  79.29427,-240.12429, 110.85023,  87.65964,-235.32788, 111.49130,  84.99137,-238.89759, 111.58669,  82.45385,-240.29412, 111.57733,  80.64259,-240.02613
   2.46672, 121.46730,  90.65731,-184.52107, 128.77290,  91.54811,-176.34583, 151.73141,  53.15536,-170.91556, 142.19391,  12.85260,-163.59448, 114.16170,  89.76651,-192.69632, 120.31387,  52.18554,-216.78792, 126.75119,  11.36423,-208.97403, 121.87946,  98.67124,-185.76261, 123.62718, 116.10402,-189.80293, 125.24301, 128.13892,-193.72312, 127.89807, 145.65172,-200.97514, 128.30494, 149.76422,-201.96730, 128.27116, 154.00008,-202.31205, 129.66061, 140.51006,-197.43865, 139.60967, 141.81569,-184.84812, 155.47040, 130.37088,-164.81181, 164.44249, 119.56753,-142.93057, 166.39196, 117.01430,-143.01517, 168.54521, 113.83810,-142.49783, 169.21787, 111.29184,-141.94992, 167.63651, 117.44616,-141.74904, 170.98469, 114.67057,-138.24407, 172.20026, 111.78338,-136.08256, 172.23956, 109.91521,-135.00303, 167.08695, 118.13645,-140.80136, 170.05604, 115.80321,-136.86922, 170.62951, 112.99402,-133.86473, 169.68043, 110.87781,-132.68300, 166.62592, 118.70139,-140.22025, 168.92258, 117.11732,-136.19325, 169.13973, 115.02268,-133.25003, 168.21312, 113.12107,-131.89711, 165.89785, 119.38860,-139.65328, 167.59899, 118.37712,-135.60896, 167.61187, 117.08247,-133.01625, 166.77619, 115.78379,-132.03258, 124.52640, 140.17957,-200.11647, 111.21119, 138.41184,-208.99286, 104.75577, 113.84034,-220.76438, 110.42097,  90.86692,-231.54064, 113.46708,  89.87136,-231.77861, 116.88059,  88.13055,-232.33530, 118.83762,  86.28890,-232.21495, 113.68579,  89.75132,-233.58865, 116.79215,  86.71936,-237.10388, 118.87187,  83.77127,-238.31598, 119.78751,  81.81953,-238.41233, 112.57181,  89.40403,-234.14996, 114.99889,  86.25895,-237.88343, 116.32685,  82.58988,-239.30535, 116.67844,  80.06802,-238.76474, 111.70995,  89.24400,-234.46776, 113.15193,  86.31077,-238.11708, 113.78555,  83.04063,-239.53196, 113.96324,  80.55784,-239.20136, 110.58565,  89.08454,-234.65299, 111.23379,  86.32179,-238.14879, 111.31048,  83.75009,-239.48252, 111.27163,  81.94617,-239.17120
   2.48338, 120.54520,  92.02782,-184.36467, 127.40627,  92.74011,-175.79622, 148.83749,  53.54151,-169.90074, 140.41781,  12.44342,-166.91222, 113.68412,  91.31554,-192.93312, 120.56975,  53.02528,-215.67136, 126.64505,  11.73614,-210.45860, 121.08952, 100.05411,-185.46775, 123.15619, 117.52368,-189.18573, 125.00852, 129.59180,-192.89343, 128.01270, 147.15126,-199.89198, 128.47069, 151.26807,-200.84312, 128.46012, 155.50484,-201.17801, 129.60136, 141.98581,-196.30809, 139.08550, 143.24593,-183.35922, 153.67104, 132.10346,-162.21431, 161.23198, 121.58679,-139.67031, 163.16252, 119.01916,-139.58769, 165.24493, 115.83129,-138.88524, 165.85369, 113.28414,-138.27081, 164.30876, 119.45086,-138.23185, 167.35461, 116.67568,-134.46088, 168.37729, 113.79487,-132.19358, 168.31871, 111.93398,-131.10242, 163.69289, 120.15159,-137.33391, 166.33117, 117.82440,-133.16920, 166.64913, 115.03201,-130.11160, 165.59535, 112.93086,-128.99344, 163.19266, 120.72381,-136.79379, 165.15896, 119.15122,-132.59125, 165.13189, 117.07547,-129.62685, 164.08892, 115.18993,-128.33763, 162.42824, 121.42011,-136.28920, 163.80386, 120.42446,-132.11909, 163.60636, 119.14771,-129.52501, 162.68722, 117.86186,-128.60071, 124.60333, 141.67462,-199.23433, 111.59740, 140.02518,-208.57965, 104.59041, 115.50434,-220.13953, 110.07149,  92.15662,-230.18153, 113.10509,  91.11353,-230.37062, 116.49753,  89.30990,-230.85086, 118.42938,  87.44795,-230.65792, 113.32996,  90.92832,-232.17441, 116.41084,  87.73648,-235.56843, 118.45640,  84.72132,-236.66850, 119.34643,  82.75557,-236.69329, 112.21389,  90.57656,-232.72873, 114.61500,  87.27307,-236.34021, 115.90018,  83.54005,-237.62872, 116.21590,  81.03393,-237.00001, 111.35136,  90.41700,-233.04493, 112.76991,  87.34106,-236.58427, 113.36609,  84.01607,-237.88279, 113.50936,  81.54403,-237.46612, 110.22584,  90.26603,-233.22990, 110.85224,  87.37618,-236.62546, 110.90048,  84.75925,-237.86955, 110.83632,  82.96780,-237.49654
   2.50005, 119.70955,  93.08761,-184.27679, 126.12335,  93.63620,-175.35703, 145.46559,  53.38868,-169.30735, 138.49704,  11.91428,-169.74142, 113.29575,  92.53902,-193.19656, 120.96276,  53.52485,-214.40259, 126.72612,  11.95034,-211.71580, 120.34992, 101.12580,-185.23163, 122.65731, 118.63359,-188.61304, 124.69202, 130.73668,-192.10484, 127.97043, 148.34464,-198.85402, 128.46846, 152.46630,-199.76305, 128.47309, 156.70405,-200.08551, 129.41267, 143.15606,-195.24174, 138.40471, 144.36210,-181.94141, 151.67019, 133.43144,-159.83830, 158.02992, 123.16828,-136.81176, 159.99643, 120.63494,-136.60786, 162.08082, 117.47880,-135.77932, 162.69027, 114.93768,-135.14105, 161.03303, 121.07523,-135.16907, 163.84774, 118.32221,-131.20708, 164.75609, 115.44051,-128.89271, 164.65279, 113.56944,-127.82248, 160.34076, 121.75700,-134.31316, 162.71218, 119.44117,-129.98484, 162.85878, 116.62840,-126.93291, 161.76555, 114.49909,-125.90992, 159.79216, 122.31547,-133.80666, 161.47681, 120.74175,-129.48393, 161.27289, 118.64012,-126.54476, 160.17404, 116.72509,-125.34879, 158.98039, 122.99358,-133.35390, 160.06773, 121.98641,-129.10222, 159.70601, 120.68379,-126.53888, 158.74606, 119.37373,-125.69342, 124.54128, 142.86173,-198.37590, 111.86485, 141.36144,-208.18749, 104.22969, 116.89048,-219.45144, 109.51297,  93.18966,-228.74433, 112.53134,  92.09430,-228.87154, 115.89856,  90.22182,-229.25630, 117.80066,  88.34057,-228.97525, 112.76358,  91.83198,-230.66479, 115.81463,  88.45790,-233.90605, 117.82018,  85.36985,-234.86904, 118.68026,  83.39160,-234.80784, 111.64543,  91.47459,-231.21127, 114.01633,  87.99025,-234.66951, 115.25174,  84.18871,-235.79621, 115.52564,  81.70600,-235.06360, 110.78238,  91.31517,-231.52610, 112.17390,  88.07585,-234.92774, 112.72668,  84.69187,-236.08546, 112.82987,  82.23711,-235.56718, 109.65576,  91.17364,-231.71182, 110.25725,  88.13801,-234.98239, 110.27264,  85.47188,-236.11812, 110.17907,  83.69838,-235.67259
   2.51672, 118.97434,  94.08399,-184.24275, 124.88324,  94.48898,-174.97340, 141.84117,  53.14432,-169.17414, 136.31073,  11.55637,-172.12914, 113.06544,  93.67900,-193.51210, 121.33850,  54.07871,-213.36046, 126.44863,  12.33356,-213.03724, 119.66884, 102.13513,-185.03724, 122.14688, 119.68522,-188.05954, 124.33264, 131.82520,-191.32463, 127.86763, 149.48156,-197.81281, 128.40338, 153.60813,-198.67705, 128.42644, 157.84714,-198.98151, 129.16413, 144.27031,-194.17798, 137.74231, 145.42643,-180.60270, 149.50305, 134.64742,-157.59188, 154.73339, 124.71748,-134.13895, 156.80226, 122.27845,-133.82674, 158.97118, 119.20959,-132.89383, 159.65547, 116.68765,-132.25538, 157.70087, 122.73694,-132.30333, 160.33385, 120.03772,-128.18257, 161.20281, 117.15362,-125.85609, 161.11042, 115.25687,-124.83102, 156.91112, 123.36560,-131.49233, 159.05246, 121.07351,-127.03339, 159.10227, 118.20530,-124.03034, 158.04074, 116.00380,-123.13473, 156.29768, 123.88569,-131.02054, 157.71854, 122.30154,-126.60779, 157.39254, 120.12897,-123.73189, 156.30130, 118.13740,-122.66046, 155.42039, 124.51369,-130.62083, 156.22369, 123.46794,-126.31565, 155.72979, 122.09380,-123.81241, 154.77382, 120.72070,-123.06859, 124.42871, 143.99199,-197.51540, 112.03332, 142.63160,-207.69938, 103.70552, 118.23914,-218.63810, 108.72152,  94.12480,-226.96506, 111.72546,  92.98511,-227.02851, 115.06937,  91.05454,-227.31752, 116.94360,  89.15991,-226.95180, 111.96655,  92.65233,-228.80886, 114.99366,  89.11799,-231.89820, 116.96348,  85.96928,-232.72949, 117.79601,  83.98339,-232.58759, 110.84745,  92.28961,-229.34984, 113.19449,  88.64603,-232.65694, 114.38565,  84.78854,-233.63076, 114.62051,  82.33175,-232.80335, 109.98450,  92.13001,-229.66489, 111.35524,  88.74650,-232.93194, 111.86977,  85.31422,-233.95753, 111.93581,  82.87956,-233.34663, 108.85737,  91.99669,-229.85355, 109.44005,  88.83222,-233.00317, 109.42691,  86.12523,-234.03778, 109.30602,  84.37118,-233.52663
   2.53338, 118.31762,  94.99088,-184.21416, 123.64053,  95.25454,-174.59142, 138.51979,  53.04530,-169.34054, 134.36984,  11.50010,-174.40505, 112.99471,  94.72723,-193.83690, 121.90701,  54.61595,-212.33664, 125.98329,  12.80977,-214.45851, 119.01800, 103.05771,-184.82260, 121.60690, 120.65721,-187.43708, 123.93738, 132.83550,-190.44968, 127.76660, 150.53499,-196.64684, 128.34517, 154.66605,-197.46050, 128.39174, 158.90656,-197.74051, 128.88804, 145.30282,-192.98395, 137.05129, 146.40547,-179.15082, 147.46757, 135.64814,-155.49112, 151.47891, 126.15741,-131.61990, 153.69542, 123.87361,-131.17507, 156.00371, 120.94988,-130.11866, 156.82234, 118.46800,-129.48130, 154.41163, 124.35006,-129.56307, 156.85898, 121.72810,-125.28115, 157.73441, 118.84540,-122.95536, 157.69750, 116.91534,-121.99075, 153.50389, 124.89078,-128.81458, 155.40019, 122.62649,-124.23221, 155.39913, 119.67589,-121.30964, 154.43596, 117.37274,-120.57250, 152.81081, 125.34751,-128.38981, 153.94058, 123.73559,-123.90361, 153.52353, 121.45383,-121.12570, 152.49825, 119.35203,-120.21117, 151.85396, 125.89407,-128.05890, 152.33831, 124.77532,-123.72448, 151.72612, 123.28844,-121.31350, 150.81665, 121.82374,-120.69701, 124.32442, 145.04019,-196.55388, 112.23483, 143.80221,-207.11415, 103.47675, 119.44604,-217.79464, 108.22488,  94.97575,-225.18789, 111.21290,  93.79357,-225.16054, 114.53343,  91.80891,-225.32661, 116.37383,  89.90193,-224.86570, 111.48000,  93.39888,-226.92445, 114.50940,  89.72329,-229.84194, 116.44820,  86.52216,-230.53438, 117.24973,  84.53084,-230.31266, 110.36537,  93.03383,-227.47305, 112.71708,  89.25119,-230.61664, 113.86977,  85.34768,-231.44211, 114.05520,  82.91659,-230.53053, 109.50582,  92.87574,-227.79798, 110.88449,  89.36769,-230.92743, 111.36768,  85.89667,-231.83060, 111.38840,  83.48285,-231.13910, 108.38033,  92.75170,-228.00217, 108.97224,  89.47722,-231.03546, 108.93839,  86.73795,-231.98080, 108.78366,  85.00357,-231.41463
   2.55005, 117.70016,  95.79459,-184.23093, 122.46165,  95.94626,-174.31603, 135.57945,  53.07309,-169.79964, 132.24764,  11.64479,-176.23941, 112.93867,  95.64291,-194.14583, 122.47671,  54.98146,-211.06494, 125.53844,  13.25463,-215.35123, 118.36852, 103.87481,-184.67551, 120.99808, 121.51840,-186.92705, 123.43722, 133.72936,-189.71284, 127.52872, 151.46198,-195.64187, 128.14347, 155.59681,-196.40856, 128.20543, 159.83849,-196.66693, 128.48458, 146.21387,-191.95491, 136.11558, 147.26044,-177.81693, 145.25987, 136.42839,-153.67053, 148.20246, 127.35198,-129.48458, 150.56659, 125.25360,-128.90642, 153.02674, 122.50593,-127.72731, 154.00472, 120.08401,-127.08388, 151.09934, 125.73690,-127.22680, 153.39870, 123.19634,-122.81573, 154.32600, 120.32505,-120.49594, 154.37847, 118.36848,-119.58705, 150.08747, 126.17296,-126.54667, 151.78296, 123.93143,-121.87527, 151.79597, 120.89780,-119.03902, 150.98128, 118.49761,-118.44655, 149.32339, 126.55439,-126.17237, 150.20858, 124.89980,-121.64695, 149.76184, 122.50117,-118.97409, 148.85275, 120.29037,-118.20530, 148.29750, 127.00568,-125.91222, 148.51134, 125.79172,-121.58163, 147.83166, 124.17985,-119.27115, 147.00638, 122.62312,-118.77309, 124.09317, 145.96306,-195.73547, 112.42482, 144.79671,-206.76720, 103.07820, 120.52370,-217.13358, 107.51083,  95.70674,-223.49518, 110.47638,  94.47855,-223.34147, 113.76617,  92.43658,-223.34451, 115.56008,  90.51714,-222.76682, 110.78694,  94.02008,-225.08270, 113.83556,  90.19975,-227.78640, 115.73876,  86.94641,-228.31481, 116.49976,  84.95119,-228.00345, 109.68238,  93.65451,-225.65096, 112.05832,  89.73038,-228.59667, 113.16772,  85.78321,-229.25736, 113.28584,  83.38175,-228.26003, 108.82989,  93.49926,-225.99528, 110.23758,  89.86556,-228.96433, 110.68740,  86.35864,-229.73656, 110.64746,  83.96962,-228.96446, 107.70875,  93.38637,-226.22784, 108.33132,  90.00191,-229.13151, 108.27800,  87.23307,-229.98536, 108.07780,  85.52157,-229.36628
   2.56672, 117.09597,  96.50281,-184.31438, 121.25700,  96.53880,-174.13181, 132.65726,  53.10106,-170.41963, 129.58629,  11.78882,-177.68211, 112.93494,  96.46682,-194.49694, 122.87937,  55.30131,-209.89477, 124.71126,  13.78109,-216.34389, 117.70622, 104.59507,-184.59235, 120.34256, 122.28118,-186.47159, 122.88637, 134.52184,-189.02364, 127.25955, 152.27858,-194.67280, 127.91146, 156.41631,-195.39164, 127.98994, 160.65906,-195.62704, 128.03117, 147.01754,-190.96119, 135.11619, 148.02299,-176.53893, 142.92178, 137.06531,-151.98284, 144.86054, 128.37144,-127.55626, 147.37317, 126.50401,-126.83102, 149.99914, 123.98169,-125.51399, 151.16544, 121.65126,-124.84693, 147.71611, 126.98547,-125.10212, 149.90042, 124.55166,-120.57395, 150.92726, 121.71671,-118.25138, 151.10677, 119.74778,-117.38647, 146.61322, 127.29617,-124.49903, 148.14712, 125.09092,-119.75507, 148.24246, 121.98652,-116.99808, 147.63334, 119.49927,-116.53101, 145.78630, 127.58702,-124.18120, 146.46837, 125.88865,-119.63686, 146.05589, 123.37468,-117.06645, 145.31950, 121.06075,-116.42725, 144.70186, 127.92462,-123.99734, 144.68883, 126.60312,-119.69305, 143.99390, 124.85950,-117.48505, 143.29530, 123.21292,-117.09353, 123.83752, 146.77796,-194.96068, 112.61429, 145.63598,-206.44741, 102.77410, 121.46685,-216.59749, 106.95003,  96.41730,-222.17258, 109.88887,  95.14936,-221.88612, 113.14400,  93.05888,-221.72353, 114.88687,  91.12919,-221.03448, 110.24992,  94.63893,-223.60298, 113.32567,  90.70087,-226.09907, 115.19336,  87.40610,-226.47570, 115.91169,  85.40892,-226.08555, 109.15922,  94.27462,-224.19819, 111.56916,  90.23631,-226.95597, 112.63694,  86.25636,-227.47295, 112.68351,  83.88151,-226.40827, 108.31631,  94.12285,-224.56677, 109.76406,  90.38874,-227.38831, 110.18344,  86.85569,-228.05077, 110.07975,  84.48950,-227.21678, 107.20188,  94.02051,-224.83392, 107.86683,  90.54910,-227.62328, 107.79789,  87.75910,-228.40401, 107.54995,  86.06833,-227.74643
   2.58339, 116.45915,  97.09011,-184.47034, 119.90671,  96.98525,-174.02508, 130.05893,  53.19773,-170.83608, 126.94657,  12.03180,-178.87068, 113.01159,  97.19497,-194.91559, 122.97627,  55.52552,-208.87788, 123.27377,  14.37999,-217.58604, 117.01657, 105.19031,-184.57300, 119.67378, 122.91267,-186.03500, 122.34060, 135.18250,-188.30587, 127.03983, 152.96834,-193.58989, 127.73238, 157.10917,-194.25049, 127.82974, 161.35288,-194.46018, 127.58583, 147.68959,-189.86341, 134.00731, 148.63344,-175.12964, 140.71313, 137.52972,-150.31555, 141.60628, 129.10652,-125.73401, 144.23925, 127.48794,-124.85413, 147.00878, 125.21286,-123.38917, 148.35971, 122.99683,-122.68185, 144.39848, 127.95217,-123.09412, 146.47878, 125.62704,-118.46107, 147.61963, 122.84731,-116.12500, 147.93919, 120.88328,-115.28988, 143.22676, 128.13002,-122.57250, 144.62185, 125.95887,-117.77031, 144.83458, 122.80270,-115.07946, 144.45652, 120.25348,-114.71314, 142.35230, 128.32479,-122.31411, 142.86451, 126.57556,-117.76675, 142.52575, 123.95945,-115.28917, 141.99031, 121.56448,-114.75760, 141.22765, 128.54337,-122.20836, 141.02911, 127.10409,-117.94661, 140.35669, 125.23524,-115.83624, 139.80733, 123.51482,-115.53472, 123.64581, 147.46779,-194.11394, 112.97944, 146.29793,-206.11686, 102.68378, 122.26208,-216.13072, 106.55545,  96.99034,-220.85821, 109.46097,  95.68509,-220.43301, 112.67333,  93.54940,-220.09832, 114.35861,  91.61229,-219.29613, 109.87405,  95.12256,-222.12163, 112.97069,  91.07063,-224.40017, 114.79584,  87.73816,-224.62175, 115.46682,  85.74140,-224.15304, 108.79921,  94.75920,-222.74559, 111.23815,  90.61031,-225.30673, 112.25765,  86.60163,-225.67891, 112.22728,  84.25620,-224.55034, 107.96747,  94.61059,-223.13995, 109.45223,  90.77898,-225.80734, 109.83636,  87.22311,-226.35997, 109.66416,  84.88241,-225.46747, 106.86165,  94.51838,-223.44400, 107.56742,  90.96240,-226.11428, 107.48005,  88.15359,-226.82235, 107.18111,  86.48541,-226.12926
   2.60005, 115.79109,  97.36420,-184.68742, 118.56948,  97.12021,-174.04689, 127.57454,  53.06483,-171.11163, 124.13867,  12.06234,-179.82172, 113.01270,  97.60818,-195.32796, 122.71029,  55.46066,-207.98208, 121.73444,  14.82675,-218.78989, 116.30803, 105.46757,-184.63660, 118.98796, 123.21396,-185.71542, 121.76460, 135.50672,-187.71437, 126.75546, 153.31980,-192.62611, 127.48067, 157.46367,-193.23020, 127.58748, 161.70806,-193.42059, 127.08472, 148.02298,-188.89982, 132.64429, 148.87526,-173.81424, 138.34643, 137.63526,-148.81128, 138.41236, 129.31665,-124.17804, 141.14022, 127.95185,-123.16678, 144.03621, 125.93490,-121.57381, 145.56165, 123.85081,-120.82168, 141.14834, 128.39095,-121.39318, 143.17981, 126.18534,-116.68070, 144.45872, 123.48363,-114.32469, 144.92682, 121.54377,-113.50324, 139.93615, 128.43866,-120.94047, 141.26160, 126.31366,-116.09808, 141.63630, 123.13646,-113.44999, 141.49844, 120.55473,-113.14787, 139.03282, 128.53887,-120.73225, 139.45351, 126.75043,-116.19076, 139.23811, 124.05972,-113.78020, 138.91863, 121.61197,-113.32018, 137.88754, 128.64097,-120.69111, 137.58757, 127.09572,-116.47261, 136.98634, 125.12284,-114.43677, 136.59795, 123.34972,-114.19643, 123.40144, 147.82082,-193.37560, 113.45343, 146.62921,-205.97826, 102.68980, 122.75485,-215.88579, 106.27526,  97.31673,-219.89161, 109.13949,  95.97362,-219.32701, 112.29782,  93.79240,-218.81746, 113.91797,  91.85093,-217.89992, 109.59948,  95.35284,-220.98277, 112.69562,  91.17927,-223.03077, 114.46436,  87.80974,-223.08957, 115.08128,  85.81653,-222.53866, 108.54000,  94.98984,-221.63266, 110.98678,  90.72246,-223.98294, 111.94294,  86.68686,-224.20009, 111.82990,  84.37769,-223.00403, 107.71959,  94.84411,-222.05111, 109.22253,  90.90753,-224.55015, 109.55848,  87.33026,-224.98312, 109.31189,  85.02116,-224.02796, 106.62329,  94.76235,-222.39056, 107.35311,  91.11497,-224.92777, 107.23727,  88.28795,-225.55463, 106.88349,  86.64715,-224.82306
   2.61672, 115.06450,  97.37611,-184.94585, 117.11307,  96.99010,-174.14518, 124.88548,  52.69168,-171.34810, 120.98130,  11.87108,-180.69214, 113.01593,  97.76212,-195.74651, 122.30369,  55.25849,-207.48377, 119.93288,  15.24656,-220.22347, 115.58768, 105.47700,-184.75556, 118.33718, 123.23207,-185.44703, 121.22462, 135.54493,-187.14224, 126.48344, 153.39920,-191.60423, 127.23664, 157.54718,-192.14225, 127.35355, 161.79232,-192.30858, 126.58540, 148.07696,-187.90107, 131.26768, 148.82879,-172.51533, 135.84019, 137.37350,-147.37834, 135.28133, 128.97591,-122.77817, 138.08409, 127.85501,-121.67606, 141.09280, 126.09150,-119.99377, 142.77640, 124.14679,-119.20657, 137.98330, 128.26555,-119.89847, 140.03022, 126.18579,-115.13572, 141.46491, 123.57857,-112.76302, 142.08045, 121.67815,-111.94664, 136.75553, 128.19346,-119.49348, 138.08754, 126.12635,-114.62789, 138.65589, 122.95724,-112.00471, 138.74840, 120.36952,-111.73873, 135.83949, 128.20608,-119.31997, 136.25142, 126.39464,-114.78679, 136.19632, 123.65869,-112.41852, 136.08958, 121.18505,-112.00039, 134.68895, 128.20069,-119.32291, 134.37354, 126.56938,-115.13808, 133.88184, 124.51801,-113.15099, 133.65191, 122.71298,-112.94712, 123.19432, 147.90067,-192.60315, 113.97157, 146.70605,-205.74559, 102.70914, 123.02215,-215.55533, 105.96950,  97.44070,-218.86584, 108.79532,  96.06637,-218.19317, 111.90212,  93.84802,-217.54580, 113.46537,  91.90561,-216.53616, 109.28580,  95.39368,-219.81965, 112.36018,  91.11602,-221.67678, 114.07186,  87.71748,-221.60114, 114.64060,  85.72998,-220.98201, 108.23681,  95.03076,-220.48638, 110.66807,  90.66187,-222.65961, 111.56009,  86.60670,-222.74519, 111.37769,  84.33280,-221.49151, 107.42474,  94.88732,-220.92153, 108.92196,  90.86058,-223.27619, 109.20729,  87.26790,-223.60537, 108.89742,  84.98976,-222.59582, 106.33601,  94.81448,-221.28644, 107.06637,  91.08849,-223.70657, 106.91782,  88.24788,-224.26090, 106.51784,  86.63345,-223.49526
   2.63339, 114.28519,  97.27402,-185.24654, 115.49932,  96.73791,-174.32690, 122.20589,  52.26527,-171.53586, 117.87677,  11.64221,-181.53092, 113.07105,  97.81013,-196.16617, 122.11650,  55.06489,-207.19379, 118.13552,  15.97507,-222.19424, 114.83485, 105.36841,-184.91025, 117.67612, 123.12052,-185.17531, 120.68213, 135.44843,-186.51844, 126.22322, 153.34547,-190.43406, 127.00359, 157.49784,-190.89380, 127.12864, 161.74377,-191.03140, 126.05917, 147.99382,-186.77578, 129.74830, 148.61971,-171.11664, 133.30456, 136.91489,-145.93033, 132.25608, 128.32448,-121.41288, 135.12361, 127.47767,-120.23530, 138.24383, 126.00359,-118.47924, 140.09250, 124.22833,-117.66255, 134.92688, 127.84801,-118.45691, 137.02860, 125.91334,-113.65703, 138.64887, 123.42900,-111.27199, 139.43016, 121.58860,-110.45990, 133.70107, 127.64498,-118.09250, 135.08751, 125.64851,-113.21264, 135.89617, 122.51315,-110.61206, 136.24458, 119.94446,-110.37536, 132.78365, 127.56157,-117.94835, 133.23933, 125.73091,-113.42710, 133.39163, 122.96692,-111.09593, 133.52560, 120.48904,-110.71215, 131.64032, 127.43912,-117.98831, 131.36510, 125.71902,-113.83633, 131.02499, 123.59748,-111.89164, 130.97468, 121.77546,-111.71766, 123.02903, 147.85043,-191.71923, 114.59730, 146.75548,-205.39099, 103.01472, 123.22245,-215.19100, 105.83204,  97.50311,-217.75576, 108.61880,  96.09355,-216.99835, 111.67100,  93.83459,-216.24103, 113.17881,  91.88854,-215.15682, 109.12594,  95.37309,-218.59905, 112.15236,  90.99622,-220.29696, 113.79806,  87.56956,-220.10911, 114.31793,  85.58736,-219.43264, 108.08257,  95.01363,-219.27639, 110.47010,  90.54982,-221.30004, 111.28697,  86.47804,-221.27302, 111.03906,  84.23864,-219.96947, 107.27596,  94.87475,-219.72304, 108.73952,  90.76577,-221.95349, 108.96303,  87.16157,-222.19218, 108.59204,  84.91442,-221.13492, 106.19285,  94.81322,-220.10629, 106.89666,  91.01738,-222.42355, 106.70470,  88.16749,-222.91316, 106.26055,  86.57955,-222.11709
   2.65005, 113.45575,  97.06041,-185.57660, 113.82473,  96.40425,-174.60239, 119.59482,  51.80466,-171.74471, 114.99924,  11.35022,-182.28958, 113.08677,  97.71657,-196.55081, 122.12916,  54.76501,-206.74799, 116.60117,  16.72652,-223.81815, 114.05757, 105.14482,-185.11346, 117.00455, 122.88125,-184.99126, 120.11176, 135.21564,-186.00395, 125.88632, 153.14630,-189.39297, 126.68242, 157.30308,-189.78019, 126.79993, 161.54980,-189.89860, 125.47590, 147.76744,-185.79444, 127.97465, 148.22034,-169.89598, 130.40413, 136.09908,-144.77283, 129.11634, 127.27376,-120.35040, 132.02672, 126.66953,-119.12926, 135.23430, 125.45571,-117.33192, 137.21866, 123.84106,-116.50049, 131.76690, 126.99887,-117.35091, 133.94792, 125.19831,-112.53425, 135.74037, 122.83768,-110.14674, 136.66759, 121.06372,-109.34033, 130.55777, 126.68361,-117.01143, 132.03053, 124.75719,-112.12871, 133.06869, 121.67363,-109.54775, 133.63947, 119.14312,-109.33251, 129.64899, 126.51753,-116.88517, 130.18636, 124.67833,-112.37638, 130.54260, 121.90990,-110.07288, 130.88918, 119.44903,-109.71357, 128.52191, 126.29486,-116.94758, 128.32799, 124.50567,-112.82028, 128.14359, 122.33834,-110.90532, 128.25211, 120.51699,-110.75205, 122.79701, 147.65809,-190.93755, 115.32064, 146.73151,-205.16623, 103.44224, 123.36099,-215.00098, 105.79475,  97.54017,-216.93774, 108.52975,  96.08258,-216.08814, 111.50944,  93.76975,-215.21374, 112.94617,  91.81386,-214.05339, 109.05326,  95.31366,-217.66079, 112.00813,  90.82826,-219.19339, 113.56587,  87.36868,-218.89267, 114.02300,  85.39077,-218.16064, 108.01614,  94.96363,-218.35251, 110.33729,  90.39901,-220.22271, 111.05442,  86.31067,-220.08636, 110.72456,  84.10834,-218.73855, 107.21610,  94.83372,-218.81345, 108.62677,  90.64093,-220.91850, 108.76785,  87.02791,-221.07121, 108.32003,  84.81511,-219.97208, 106.14023,  94.78914,-219.21880, 106.80099,  90.92539,-221.43425, 106.55045,  88.07037,-221.86378, 106.05107,  86.51215,-221.04212
   2.66672, 112.59965,  96.83584,-185.93466, 112.21381,  96.09400,-174.96649, 117.07721,  51.39113,-172.03642, 112.38757,  11.06538,-183.02352, 112.98549,  97.57768,-196.90283, 122.29673,  54.48810,-206.23946, 115.27021,  17.74794,-225.46611, 113.25066, 104.90967,-185.36568, 116.30496, 122.62216,-184.89708, 119.52036, 134.95097,-185.58937, 125.53946, 152.89756,-188.42308, 126.35255, 157.05744,-188.73417, 126.46230, 161.30493,-188.83046, 124.86708, 147.49318,-184.90305, 126.24352, 147.76221,-168.86425, 127.32488, 134.96610,-143.98273, 125.99190, 125.90322,-119.64988, 128.93030, 125.58665,-118.38807, 132.21873, 124.68657,-116.55272, 134.34700, 123.27464,-115.70832, 128.61062, 125.86251,-116.61037, 130.89298, 124.23054,-111.78061, 132.88405, 122.03518,-109.39280, 133.97791, 120.35570,-108.59294, 127.43569, 125.41905,-116.29492, 129.02574, 123.58765,-111.41242, 130.33875, 120.59251,-108.85262, 131.16565, 118.13195,-108.65899, 126.54723, 125.15801,-116.18583, 127.20369, 123.32171,-111.69164, 127.81008, 120.57324,-109.41670, 128.40460, 118.15672,-109.08191, 125.45042, 124.82073,-116.26969, 125.38026, 122.96376,-112.16845, 125.39254, 120.76252,-110.28356, 125.68710, 118.96024,-110.15088, 122.56390, 147.42521,-190.22571, 115.99626, 146.69528,-204.90711, 103.91901, 123.45269,-214.80268, 105.69545,  97.55091,-216.19619, 108.37663,  96.04283,-215.26691, 111.28131,  93.67445,-214.29432, 112.64652,  91.70408,-213.07369, 108.91364,  95.23638,-216.81603, 111.79064,  90.65798,-218.21607, 113.25829,  87.16776,-217.82867, 113.65263,  85.19167,-217.05633, 107.88280,  94.89988,-217.52369, 110.13143,  90.25187,-219.27320, 110.74713,  86.15041,-219.05781, 110.33687,  83.97862,-217.68282, 107.08949,  94.78154,-217.99914, 108.44184,  90.52299,-220.00827, 108.49914,  86.90564,-220.10132, 107.97582,  84.72214,-218.97723, 106.02140,  94.75593,-218.42612, 106.63438,  90.84227,-220.56643, 106.32415,  87.98742,-220.95628, 105.77071,  86.45497,-220.12089
   2.68339, 112.05361,  96.18193,-186.38306, 110.80635,  95.37510,-175.48382, 115.02680,  50.61236,-172.47233, 110.30574,  10.39693,-183.84360, 113.30088,  96.98876,-197.28229, 122.94257,  53.74562,-205.50741, 114.56152,  18.68257,-227.16879, 112.74990, 104.24369,-185.70659, 115.91109, 121.92353,-184.86354, 119.24455, 134.23603,-185.19188, 125.53806, 152.18087,-187.36309, 126.37146, 156.34248,-187.58438, 126.47357, 160.59068,-187.65371, 124.55958, 146.74975,-183.95787, 124.77328, 146.79436,-167.85935, 124.61741, 133.19870,-143.38214, 123.31052, 123.84600,-119.15779, 126.24919, 123.83327,-117.85756, 129.59145, 123.27126,-115.98517, 131.84878, 122.08726,-115.12570, 125.87836, 124.05113,-116.08174, 128.26063, 122.61613,-111.23772, 130.44620, 120.61958,-108.84549, 131.70481, 119.05841,-108.04823, 124.75429, 123.47950,-115.78794, 126.46927, 121.77080,-110.90323, 128.06509, 118.90385,-108.35738, 129.15074, 116.54484,-108.17851, 123.89794, 123.12269,-115.69439, 124.69049, 121.31303,-111.21135, 125.56092, 118.61844,-108.95776, 126.40898, 116.27636,-108.64059, 122.84524, 122.66994,-115.79756, 122.92287, 120.76606,-111.71802, 123.14862, 118.55606,-109.85702, 123.63469, 116.79466,-109.73959, 122.70229, 146.73633,-189.45244, 117.11392, 146.20524,-204.54210, 104.93093, 123.07178,-214.56298, 105.97084,  97.10788,-215.45433, 108.58114,  95.53798,-214.43048, 111.38956,  93.10254,-213.34706, 112.66371,  91.11033,-212.06497, 109.13974,  94.69826,-215.95408, 111.92706,  90.02569,-217.21781, 113.28513,  86.50137,-216.74830, 113.60191,  84.52472,-215.94241, 108.12068,  94.38168,-216.68751, 110.28822,  89.65258,-218.31801, 110.78294,  85.53866,-218.03821, 110.27298,  83.39587,-216.65112, 107.33836,  94.27944,-217.18442, 108.62865,  89.96115,-219.10488, 108.58777,  86.34273,-219.15510, 107.97173,  84.18830,-218.02193, 106.28267,  94.27806,-217.64193, 106.84757,  90.32325,-219.71891, 106.46922,  87.47349,-220.08512, 105.84953,  85.96713,-219.24880
   2.70005, 111.59087,  95.64505,-186.80984, 109.56318,  94.80776,-176.03082, 113.39884,  50.02306,-172.83680, 108.88724,   9.88805,-184.57143, 113.61855,  96.48234,-197.58887, 123.39428,  53.05218,-204.57749, 113.97018,  19.65535,-228.34118, 112.32141, 103.69606,-186.04704, 115.57094, 121.34158,-184.88233, 119.00897, 133.62969,-184.88376, 125.54898, 151.55059,-186.43589, 126.39836, 155.71240,-186.57889, 126.48695, 159.96106,-186.63833, 124.28840, 146.10008,-183.15674, 123.15771, 145.88105,-167.09799, 121.80759, 131.26191,-143.25563, 120.57366, 121.63126,-119.13659, 123.48268, 121.89735,-117.79743, 126.84037, 121.65174,-115.88483, 129.19267, 120.68890,-115.00408, 123.06990, 122.06218,-116.02515, 125.52135, 120.82742,-111.16050, 127.86329, 119.03568,-108.75413, 129.25987, 117.59951,-107.95169, 122.00420, 121.37988,-115.75058, 123.81820, 119.80657,-110.85617, 125.65739, 117.08919,-108.31047, 126.96846, 114.84737,-108.13454, 121.18619, 120.93951,-115.67110, 122.09735, 119.17818,-111.19135, 123.20140, 116.56324,-108.94627, 124.27264, 114.31363,-108.63510, 120.18475, 120.38599,-115.79163, 120.39891, 118.46384,-111.72556, 120.81853, 116.27089,-109.87806, 121.47472, 114.56511,-109.76715, 122.84591, 146.13996,-188.77436, 118.45006, 145.79670,-204.25882, 106.23209, 122.76140,-214.46159, 106.54011,  96.76913,-215.01547, 109.05547,  95.12694,-213.87410, 111.73760,  92.61397,-212.65610, 112.89456,  90.59674,-211.30394, 109.64393,  94.25087,-215.36565, 112.32071,  89.47429,-216.46937, 113.54171,  85.91325,-215.90920, 113.76134,  83.93721,-215.07017, 108.64383,  93.95903,-216.13457, 110.71383,  89.14184,-217.62819, 111.06027,  85.01759,-217.28466, 110.42638,  82.90973,-215.89516, 107.87821,  93.87649,-216.66032, 109.09690,  89.49513,-218.48217, 108.93759,  85.87966,-218.49455, 108.20713,  83.76056,-217.36276, 106.84141,  93.90420,-217.15840, 107.35376,  89.90802,-219.16873, 106.89514,  87.06797,-219.51831, 106.19399,  85.59305,-218.69031
   2.71672, 111.26363,  95.08157,-187.19380, 108.44673,  94.24420,-176.59362, 112.03122,  49.45891,-173.12756, 107.76565,   9.41109,-185.24582, 114.08054,  95.91894,-197.79398, 123.79395,  52.31680,-203.71744, 113.52642,  20.64449,-229.41409, 112.01450, 103.12356,-186.35898, 115.33111, 120.73386,-184.89006, 118.86432, 132.99054,-184.56173, 125.64023, 150.86843,-185.46057, 126.50806, 155.02845,-185.52041, 126.59017, 159.27742,-185.56485, 124.09274, 145.40273,-182.33305, 121.74211, 144.94336,-166.41220, 119.23679, 129.02681,-143.51271, 118.04120, 119.01548,-119.54723, 120.90834, 119.49298,-118.17682, 124.25561, 119.49115,-116.23049, 126.66473, 118.70361,-115.32938, 120.46655, 119.61752,-116.40825, 122.95498, 118.54658,-111.52360, 125.40083, 116.92418,-109.10054, 126.89341, 115.59316,-108.28964, 119.45252, 118.85565,-116.14763, 121.33052, 117.39904,-111.24125, 123.34334, 114.81511,-108.68796, 124.81757, 112.67741,-108.50779, 118.66921, 118.35461,-116.07848, 119.66530, 116.64465,-111.59691, 120.94041, 114.10908,-109.35144, 122.17474, 111.94491,-109.03856, 117.71352, 117.72795,-116.21173, 118.03089, 115.80725,-112.15172, 118.59578, 113.64295,-110.30914, 119.37734, 111.99083,-110.19855, 123.08111, 145.49905,-188.04333, 119.82668, 145.28049,-203.80947, 107.65959, 122.30983,-214.21668, 107.17997,  96.31667,-214.57177, 109.59514,  94.60822,-213.31689, 112.14648,  92.02499,-211.97155, 113.18483,  89.98584,-210.55740, 110.21473,  93.70012,-214.77634, 112.78212,  88.83248,-215.73220, 113.86751,  85.24079,-215.09400, 113.99146,  83.26698,-214.23047, 109.23736,  93.43211,-215.58228, 111.21300,  88.53899,-216.95170, 111.41591,  84.40945,-216.56035, 110.66139,  82.33563,-215.17993, 108.49106,  93.36836,-216.13760, 109.64323,  88.93411,-217.87271, 109.37117,  85.32536,-217.86147, 108.53010,  83.24084,-216.74232, 107.47630,  93.42346,-216.67705, 107.94262,  89.39430,-218.63200, 107.40939,  86.56663,-218.97610, 106.62990,  85.12215,-218.16467
   2.73339, 111.11681,  94.51660,-187.52205, 107.53308,  93.69891,-177.15440, 111.04113,  48.93427,-173.35905, 106.98463,   8.97750,-185.84410, 114.70055,  95.33429,-197.88970, 124.14687,  51.55553,-202.86675, 113.11449,  21.85570,-230.52686, 111.86459, 102.55271,-186.62977, 115.21296, 120.12947,-184.86156, 118.82531, 132.34828,-184.17672, 125.80389, 150.17006,-184.32966, 126.69206, 154.32607,-184.29544, 126.77936, 158.57511,-184.31955, 123.94832, 144.69282,-181.39594, 120.33931, 144.00297,-165.72083, 116.98527, 126.85388,-143.84254, 115.79948, 116.27482,-120.12172, 118.57819, 116.99237,-118.67587, 121.86150, 117.27148,-116.64256, 124.30542, 116.69108,-115.68004, 118.08156, 117.07130,-116.91927, 120.52560, 116.19953,-111.97298, 123.03870, 114.78448,-109.48951, 124.61906, 113.58393,-108.64211, 117.13066, 116.22378,-116.68660, 118.99949, 114.91503,-111.73526, 121.16093, 112.50419,-109.13460, 122.80902, 110.50090,-108.91958, 116.39200, 115.65678,-116.63886, 117.41539, 114.02126,-112.13570, 118.84594, 111.59619,-109.86200, 120.25394, 109.54531,-109.52064, 115.49776, 114.95055,-116.79817, 115.87431, 113.04823,-112.73457, 116.57594, 110.93340,-110.88157, 117.49406, 109.35441,-110.75341, 123.43002, 144.84622,-187.17070, 121.41670, 144.71887,-203.14381, 109.33401, 121.77660,-213.71078, 108.06052,  95.80888,-213.94673, 110.39241,  94.05182,-212.60451, 112.83653,  91.41760,-211.16243, 113.77967,  89.36366,-209.70369, 111.03680,  93.11976,-214.03788, 113.51643,  88.18642,-214.88208, 114.49443,  84.57423,-214.18841, 114.54321,  82.60371,-213.30996, 110.07978,  92.86977,-214.87349, 111.98086,  87.92230,-216.15003, 112.07216,  83.79175,-215.72854, 111.22413,  81.74547,-214.36134, 109.35045,  92.82012,-215.45229, 110.45149,  88.34854,-217.12363, 110.09292,  84.74742,-217.10042, 109.16657,  82.69080,-215.99709, 108.35521,  92.89577,-216.02461, 108.78773,  88.84399,-217.94021, 108.19834,  86.02760,-218.28510, 107.35876,  84.60735,-217.49102
   2.75006, 111.16612,  93.95652,-187.78880, 106.85545,  93.16510,-177.69961, 110.39874,  48.44016,-173.49142, 106.54965,   8.58710,-186.36750, 115.47679,  94.74794,-197.87799, 124.57062,  50.78531,-201.77335, 113.03091,  22.84227,-231.01196, 111.89550, 101.98868,-186.84711, 115.22721, 119.53939,-184.80927, 118.87087, 131.72657,-183.80234, 125.96843, 149.49442,-183.28473, 126.86875, 153.64643,-183.17185, 126.96260, 157.89534,-183.19250, 123.85412, 144.01123,-180.54350, 118.82794, 143.09462,-165.27565, 114.82775, 124.67879,-144.56682, 113.62964, 113.46062,-121.14210, 116.31552, 114.34366,-119.61475, 119.51501, 114.81826,-117.48627, 121.96135, 114.38685,-116.45408, 115.76435, 114.38542,-117.87320, 118.11360, 113.64900,-112.85945, 120.63668, 112.38340,-110.30642, 122.26325, 111.27998,-109.41552, 114.86149, 113.47983,-117.66980, 116.66382, 112.27164,-112.66850, 118.89440, 109.98998,-110.01033, 120.65660, 108.09181,-109.75099, 114.15832, 112.86802,-117.64458, 115.15042, 111.28295,-113.11645, 116.66216, 108.94300,-110.80638, 118.18413, 106.98202,-110.42783, 113.31456, 112.10836,-117.83109, 113.69059, 110.21851,-113.76163, 114.46806, 108.14458,-111.89274, 115.47820, 106.62502,-111.74071, 123.78119, 144.20921,-186.33967, 123.21643, 144.16791,-202.42970, 111.41637, 121.25407,-213.37111, 109.40376,  95.33318,-213.60925, 111.61136,  93.50344,-212.15835, 113.89470,  90.79389,-210.59723, 114.69994,  88.71884,-209.08665, 112.28080,  92.53713,-213.55713, 114.61141,  87.51041,-214.26379, 115.42653,  83.87077,-213.50599, 115.36621,  81.90690,-212.61350, 111.35119,  92.31535,-214.43078, 113.12178,  87.29203,-215.59373, 113.04403,  83.16441,-215.14197, 112.06500,  81.16131,-213.79857, 110.64548,  92.28756,-215.03955, 111.65127,  87.76569,-216.63382, 111.16044,  84.18026,-216.60241, 110.11392,  82.16755,-215.52589, 109.67858,  92.39470,-215.65389, 110.04251,  88.31465,-217.52316, 109.36541,  85.51883,-217.87436, 108.44180,  84.13641,-217.10726
   2.76672, 111.09849,  93.90292,-187.87857, 106.12711,  93.13298,-178.09632, 109.72844,  48.45983,-173.41407, 106.12421,   8.73460,-186.74791, 116.06988,  94.67287,-197.66082, 124.82286,  50.56689,-200.59885, 112.93962,  24.33053,-231.24714, 111.79123, 101.93325,-186.89447, 115.06156, 119.46411,-184.60225, 118.69745, 131.62372,-183.28256, 125.83851, 149.34276,-182.10757, 126.74450, 153.49067,-181.91651, 126.84824, 157.73939,-181.92771, 123.49280, 143.85484,-179.57176, 117.21367, 142.76912,-164.78650, 112.64139, 122.97117,-145.52163, 111.39179, 110.92515,-122.51441, 113.98410, 111.89623,-120.88240, 117.08461, 112.47240,-118.63579, 119.50845, 112.12671,-117.52152, 113.37056, 111.89432,-119.16134, 115.56927, 111.19077,-114.07511, 118.04986, 109.99590,-111.44744, 119.68733, 108.94767,-110.51104, 112.49851, 110.95081,-119.00027, 114.17064, 109.75413,-113.95121, 116.39661, 107.53106,-111.24004, 118.22401, 105.70203,-110.93859, 111.82026, 110.31102,-119.00690, 112.71530, 108.71115,-114.46378, 114.23812, 106.40533,-112.12682, 115.82397, 104.50243,-111.71553, 111.01508, 109.52051,-119.23177, 111.32348, 107.59709,-115.17236, 112.11789, 105.53305,-113.29964, 113.18277, 104.05346,-113.12819, 123.85631, 144.09187,-185.35550, 124.62246, 144.10955,-201.43725, 113.18627, 121.20468,-212.77658, 110.55599,  95.34070,-213.14540, 112.64547,  93.44841,-211.60273, 114.77739,  90.67497,-209.94281, 115.45593,  88.58384,-208.39269, 113.33515,  92.45218,-212.97035, 115.52371,  87.34754,-213.56356, 116.18900,  83.68780,-212.75775, 116.03016,  81.73242,-211.85873, 112.43249,  92.25570,-213.87767, 114.07912,  87.17006,-214.94816, 113.84815,  83.05003,-214.47977, 112.75339,  81.08830,-213.16495, 111.74980,  92.24738,-214.51270, 112.66548,  87.68535,-216.04572, 112.05578,  84.11821,-216.01571, 110.90339,  82.14747,-214.97009, 110.81092,  92.38243,-215.16390, 111.11055,  88.28136,-216.99827, 110.35535,  85.50716,-217.36148, 109.35824,  84.16047,-216.62342
   2.78339, 111.16015,  93.83939,-187.91104, 105.49818,  93.08581,-178.51028, 109.18189,  48.46396,-173.42060, 105.69509,   8.85868,-187.13699, 116.82212,  94.59296,-197.31180, 125.32666,  50.38150,-199.21009, 113.19439,  26.04904,-231.29770, 111.80141, 101.86825,-186.88122, 114.96391, 119.38049,-184.31210, 118.54863, 131.51326,-182.64974, 125.65132, 149.18512,-180.75330, 126.55611, 153.32830,-180.47418, 126.67322, 157.57668,-180.46696, 123.08075, 143.69051,-178.46169, 115.60513, 142.45981,-164.25569, 110.64938, 121.48959,-146.37580, 109.31682, 108.37986,-123.96243, 111.80747, 109.38759,-122.19956, 114.79364, 110.00001,-119.81207, 117.18031, 109.70098,-118.60770, 111.12497, 109.31898,-120.50604, 113.13736, 108.54626,-115.35315, 115.54715, 107.35907,-112.65703, 117.17881, 106.33804,-111.68125, 110.27856, 108.34420,-120.40596, 111.78279, 107.06309,-115.32490, 113.96869, 104.83824,-112.58277, 115.84143, 103.06055,-112.25370, 109.62251, 107.68363,-120.45740, 110.38449, 105.98891,-115.92442, 111.88610, 103.66932,-113.58736, 113.51559, 101.80714,-113.16052, 108.85352, 106.87442,-120.73602, 109.05991, 104.85109,-116.71893, 109.84500, 102.76270,-114.86943, 110.95006, 101.31350,-114.69269, 123.91723, 143.96950,-184.19427, 125.98394, 144.03179,-200.16095, 115.11120, 121.12645,-212.04071, 111.93107,  95.33034,-212.70986, 113.92954,  93.39183,-211.10523, 115.94502,  90.57184,-209.37958, 116.52830,  88.47005,-207.80530, 114.63072,  92.37355,-212.45058, 116.70509,  87.21336,-212.96867, 117.25574,  83.54105,-212.13405, 117.02330,  81.59361,-211.23381, 113.74832,  92.19647,-213.38152, 115.29458,  87.06713,-214.39151, 114.94713,  82.95596,-213.91719, 113.76797,  81.02724,-212.62676, 113.08312,  92.20296,-214.03487, 113.92467,  87.61374,-215.52868, 113.22459,  84.06318,-215.50454, 111.99492,  82.12591,-214.48474, 112.16596,  92.35917,-214.71177, 112.41168,  88.24512,-216.52497, 111.59687,  85.48946,-216.90025, 110.54645,  84.17098,-216.18555
   2.80006, 111.28397,  93.80070,-187.89506, 105.05794,  93.05951,-178.85697, 108.89592,  48.49765,-173.37114, 105.48869,   8.98012,-187.35795, 117.50999,  94.54189,-196.93316, 125.76087,  50.24784,-197.67104, 113.49536,  27.58985,-230.91329, 111.87173, 101.82929,-186.83177, 114.90810, 119.32906,-184.03556, 118.41306, 131.44189,-182.08303, 125.40913, 149.07903,-179.56793, 126.30631, 153.21848,-179.21792, 126.43979, 157.46637,-179.20702, 122.67015, 143.57657,-177.50131, 113.95685, 142.20098,-164.03297, 108.67740, 120.13449,-147.62572, 107.26024, 105.96756,-125.87050, 109.63451, 106.99154,-123.96240, 112.48914, 107.61437,-121.42163, 114.82865, 107.34969,-120.12057, 108.88010, 106.84053,-122.30513, 110.68639, 105.94967,-117.09526, 113.01271, 104.74536,-114.33420, 114.63299, 103.74332,-113.32050, 108.06355, 105.83600,-122.27717, 109.38287, 104.42351,-117.17958, 111.51872, 102.17386,-114.41831, 113.43406, 100.44691,-114.06516, 107.43316, 105.15687,-122.38105, 108.04975, 103.32686,-117.87866, 109.52361, 100.97497,-115.55626, 111.19459,  99.15229,-115.11948, 106.70515, 104.33373,-122.72198, 106.80108, 102.17599,-118.77123, 107.57338, 100.04932,-116.96037, 108.71790,  98.63115,-116.78308, 123.90807, 143.89231,-183.15886, 127.35731, 143.98894,-198.88474, 117.32141, 121.05935,-211.43522, 113.80398,  95.32008,-212.49249, 115.61358,  93.32481,-210.74012, 117.40153,  90.44866,-208.86306, 117.79721,  88.33738,-207.24379, 116.37614,  92.27612,-212.02747, 118.30729,  87.04660,-212.37649, 118.67131,  83.36265,-211.49236, 118.30824,  81.42915,-210.60539, 115.55846,  92.12345,-213.01980, 117.00009,  86.93968,-213.89807, 116.48034,  82.84516,-213.43749, 115.14581,  80.96422,-212.23056, 114.94325,  92.14854,-213.72000, 115.73595,  87.52544,-215.13395, 114.91645,  84.00048,-215.14986, 113.55100,  82.11117,-214.21650, 114.08365,  92.33155,-214.46256, 114.32178,  88.20150,-216.24005, 113.44388,  85.47259,-216.66518, 112.30024,  84.19401,-216.02495
   2.81672, 111.46522,  93.80234,-187.83083, 104.73034,  93.07520,-179.16407, 108.76877,  48.58957,-173.22240, 105.53162,   9.16255,-187.50199, 118.20010,  94.52947,-196.49758, 126.23317,  50.19013,-196.22174, 113.89475,  29.14009,-230.47863, 112.00125, 101.83095,-186.74068, 114.89701, 119.32107,-183.74221, 118.29521, 131.41848,-181.52356, 125.12079, 149.03108,-178.43367, 126.00147, 153.16779,-178.01590, 126.14630, 157.41527,-177.99550, 122.24910, 143.51738,-176.58908, 112.53746, 142.03366,-163.83398, 106.92069, 118.83699,-149.19272, 105.37399, 103.47710,-128.27188, 107.66649, 104.42030,-126.22705, 110.42022, 104.93397,-123.55394, 112.71355, 104.62174,-122.18308, 106.85398, 104.17645,-124.60876, 108.47898, 103.03011,-119.38915, 110.71593, 101.70317,-116.61049, 112.30871, 100.66346,-115.59117, 106.04753, 103.16486,-124.66307, 107.19545, 101.49932,-119.60052, 109.25301,  99.12687,-116.88293, 111.17224,  97.40030,-116.54957, 105.42848, 102.48671,-124.82521, 105.90019, 100.42931,-120.40421, 107.31324,  97.97201,-118.15429, 108.98625,  96.14339,-117.75144, 104.72200, 101.67630,-125.23499, 104.69691,  99.31598,-121.40070, 105.42514,  97.10430,-119.67544, 106.57726,  95.68867,-119.52995, 123.85576, 143.87048,-182.15091, 128.45196, 143.98606,-197.58048, 119.45702, 121.00367,-210.80550, 115.73701,  95.32281,-212.43488, 117.30975,  93.27516,-210.52172, 118.81843,  90.34867,-208.48410, 118.99170,  88.23406,-206.83047, 118.14715,  92.19297,-211.73256, 119.91474,  86.89685,-211.89315, 120.06665,  83.20749,-210.97055, 119.55685,  81.29305,-210.11499, 117.41704,  92.06349,-212.79407, 118.74658,  86.82729,-213.52594, 118.04233,  82.75628,-213.10367, 116.53873,  80.93037,-212.01701, 116.86851,  92.10621,-213.54686, 117.62023,  87.45009,-214.87205, 116.68070,  83.95610,-214.95276, 115.17061,  82.12135,-214.14132, 116.08617,  92.31509,-214.36423, 116.33610,  88.16914,-216.10264, 115.40351,  85.47041,-216.59818, 114.16224,  84.23653,-216.06026
   2.83339, 111.61944,  93.83960,-187.65637, 104.37773,  93.12181,-179.40759, 108.63716,  48.71731,-173.02941, 105.65920,   9.36897,-187.57984, 118.86115,  94.55739,-195.90515, 126.61167,  50.18409,-194.67060, 114.32809,  30.83969,-229.93791, 112.09164, 101.86905,-186.54312, 114.80731, 119.35295,-183.34644, 118.06034, 131.43826,-180.86036, 124.64336, 149.03166,-177.18943, 125.49935, 153.16580,-176.70083, 125.65275, 157.41286,-176.66321, 121.65553, 143.50483,-175.58415, 111.06353, 141.95377,-163.55861, 105.18785, 117.84663,-150.58470, 103.50695, 101.05410,-130.80629, 105.70637, 101.86449,-128.60803, 108.34377, 102.20522,-125.79370, 110.58077, 101.80944,-124.35313, 104.82957, 101.50659,-127.04545, 106.24606, 100.01152,-121.85341, 108.37592,  98.50652,-119.08136, 109.93269,  97.40612,-118.07015, 104.03328, 100.49767,-127.20240, 104.98330,  98.49336,-122.22230, 106.94393,  95.94874,-119.59013, 108.86006,  94.21162,-119.29610, 103.42632,  99.82960,-127.43620, 103.72997,  97.47550,-123.15057, 105.06654,  94.87559,-121.01720, 106.73454,  93.03083,-120.67114, 102.74314,  99.04621,-127.92954, 102.57679,  96.42807,-124.27015, 103.24903,  94.10629,-122.67146, 104.40425,  92.68897,-122.57535, 123.64148, 143.89584,-181.01951, 129.26500, 144.02909,-196.10487, 121.39687, 121.00078,-209.95369, 117.72146,  95.36780,-212.28640, 119.03291,  93.29209,-210.21322, 120.24821,  90.33945,-208.02292, 120.19545,  88.22611,-206.35947, 119.97304,  92.18890,-211.32571, 121.63272,  86.85567,-211.29171, 121.60394,  83.16642,-210.35671, 120.96313,  81.26568,-209.56075, 119.35968,  92.07223,-212.46008, 120.64721,  86.80675,-213.04152, 119.81351,  82.75294,-212.69659, 118.16185,  80.96266,-211.77869, 118.89704,  92.12466,-213.26793, 119.68715,  87.44990,-214.50206, 118.68659,  83.97667,-214.68287, 117.05814,  82.17693,-214.03927, 118.21261,  92.34806,-214.16539, 118.55983,  88.19299,-215.86491, 117.62833,  85.51356,-216.45764, 116.30969,  84.30805,-216.05703
   2.85006, 111.75558,  93.85953,-187.45464, 104.11193,  93.14871,-179.57622, 108.58516,  48.83423,-172.73509, 105.88173,   9.54718,-187.50312, 119.39922,  94.57035,-195.33305, 126.74972,  50.16922,-193.07619, 114.60937,  32.22241,-229.12338, 112.16948, 101.89040,-186.32849, 114.71418, 119.37234,-182.98383, 117.82308, 131.45095,-180.28948, 124.15820, 149.03380,-176.16041, 124.99037, 153.16633,-175.61991, 125.15567, 157.41291,-175.57813, 121.09202, 143.49514,-174.75621, 109.61510, 141.92537,-163.57470, 103.48695, 117.00763,-152.36969, 101.70316,  98.89320,-133.80398, 103.82076,  99.55086,-131.47807, 106.35611,  99.69751,-128.55525, 108.54245,  99.20490,-127.06752, 102.89081,  99.08359,-129.97629, 104.12911,  97.23132,-124.85430, 106.16562,  95.53907,-122.12034, 107.68990,  94.37269,-121.13389, 102.10431,  98.08709,-130.23131, 102.88581,  95.74104,-125.37267, 104.76198,  93.02127,-122.85666, 106.67303,  91.27028,-122.61688, 101.50845,  97.43621,-130.53249, 101.66975,  94.78892,-126.41345, 102.94004,  92.04805,-124.42067, 104.60167,  90.18573,-124.14531, 100.84600,  96.68834,-131.10314, 100.56063,  93.82080,-127.64348, 101.18480,  91.39387,-126.18785, 102.34119,  89.97476,-126.15002, 123.38491, 143.91618,-180.06708, 130.05823, 144.07285,-194.71810, 123.41719, 121.00026,-209.12475, 119.95953,  95.40862,-212.14346, 120.94655,  93.30845,-209.92048, 121.80539,  90.33355,-207.59567, 121.49309,  88.22286,-205.95752, 122.00196,  92.18582,-210.90248, 123.53594,  86.82037,-210.66185, 123.31125,  83.13310,-209.74578, 122.53389,  81.24618,-209.04422, 121.54016,  92.08070,-212.10760, 122.78718,  86.79002,-212.52568, 121.83460,  82.75401,-212.30067, 120.04154,  80.99790,-211.61032, 121.18839,  92.14184,-212.96895, 122.03962,  87.45130,-214.09808, 121.00209,  83.99872,-214.41500, 119.26774,  82.23250,-213.99356, 120.63193,  92.37830,-213.94784, 121.11548,  88.21591,-215.59531, 120.21620,  85.55530,-216.31004, 118.83262,  84.37679,-216.08780
   2.86672, 111.88609,  93.87026,-187.19400, 103.89896,  93.17175,-179.66288, 108.51887,  48.95519,-172.30519, 106.16891,   9.73611,-187.31241, 119.87323,  94.56876,-194.72512, 126.81156,  50.15303,-191.61281, 114.96963,  33.32944,-228.29538, 112.23953, 101.90487,-186.07396, 114.60929, 119.39199,-182.62938, 117.56882, 131.46929,-179.76623, 123.64091, 149.04889,-175.24660, 124.44540, 153.18075,-174.66094, 124.61587, 157.42705,-174.61197, 120.51882, 143.49828,-174.02459, 108.35040, 141.94033,-163.59807, 102.05193, 116.23542,-154.45549, 100.11717,  96.77922,-137.31742, 102.16083,  97.24899,-134.88240, 104.60371,  97.16184,-131.87955, 106.74287,  96.55029,-130.36756, 101.18475,  96.66745,-133.45145, 102.26376,  94.41796,-128.45400, 104.21497,  92.51326,-125.79871, 105.70840,  91.27045,-124.85954, 100.40716,  95.69542,-133.80801, 101.03807,  92.97513,-129.12581, 102.83639,  90.06340,-126.77308, 104.74002,  88.29543,-126.61162,  99.82134,  95.07122,-134.17759,  99.85559,  92.10961,-130.27523, 101.06466,  89.21890,-128.46439, 102.71795,  87.33763,-128.28395,  99.17744,  94.37150,-134.82534,  98.78592,  91.24273,-131.61116,  99.36575,  88.70823,-130.33112, 100.52120,  87.28833,-130.36842, 123.08294, 143.94520,-179.20779, 130.60117, 144.12540,-193.44344, 125.28881, 121.01892,-208.33872, 122.24319,  95.46446,-212.03929, 122.86088,  93.34235,-209.70656, 123.31902,  90.34835,-207.29441, 122.73355,  88.24364,-205.72486, 124.02123,  92.19828,-210.53312, 125.39321,  86.80137,-210.09715, 124.96393,  83.11907,-209.23575, 124.05571,  81.24856,-208.65844, 123.73292,  92.10378,-211.79192, 124.91589,  86.78815,-212.04842, 123.85698,  82.77308,-211.97557, 121.94786,  81.05489,-211.55287, 123.50822,  92.17294,-212.69421, 124.41286,  87.46618,-213.70847, 123.35892,  84.03659,-214.18198, 121.54583,  82.30722,-214.01720, 123.10128,  92.42181,-213.74123, 123.72659,  88.25122,-215.31879, 122.88241,  85.61075,-216.16357, 121.45700,  84.46167,-216.14407
   2.88339, 112.05042,  93.87352,-186.84447, 103.71614,  93.18849,-179.69811, 108.37909,  49.05137,-171.90356, 106.48008,   9.90555,-187.16376, 120.38471,  94.55855,-193.99083, 126.95408,  50.15121,-190.06462, 115.57240,  34.29598,-227.31975, 112.33343, 101.91359,-185.74372, 114.50010, 119.41082,-182.21773, 117.28452, 131.48975,-179.19048, 123.04352, 149.06912,-174.27732, 123.81152, 153.20087,-173.64381, 123.97769, 157.44716,-173.58153, 119.87644, 143.50460,-173.24986, 107.11918, 141.94985,-163.55217, 100.74158, 115.67601,-156.27127,  98.61176,  94.78607,-140.93915, 100.58390,  95.04773,-138.41551, 102.93778,  94.70649,-135.36016, 105.03103,  93.96558,-133.84178,  99.56566,  94.35472,-137.06591, 100.49520,  91.70028,-132.24005, 102.36551,  89.57778,-129.69396, 103.82927,  88.25691,-128.81665,  98.79760,  93.41794,-137.52325,  99.28787,  90.32167,-133.06299, 101.01295,  87.22082,-130.90516, 102.90882,  85.43864,-130.83367,  98.22207,  92.82817,-137.95952,  98.13844,  89.55733,-134.31325,  99.29039,  86.52387,-132.71066, 100.93533,  84.62813,-132.63681,  97.59651,  92.18611,-138.68079,  97.10722,  88.80648,-135.74614,  97.64618,  86.17372,-134.66148,  98.80044,  84.75742,-134.78126, 122.72030, 143.97948,-178.28245, 130.99716, 144.17167,-192.09066, 127.09090, 121.04189,-207.37969, 124.65955,  95.53284,-211.78161, 124.99878,  93.38657,-209.41412, 125.16288,  90.36945,-206.99287, 124.39003,  88.25847,-205.51552, 126.23238,  92.23754,-210.11873, 127.49971,  86.82406,-209.58286, 126.94552,  83.13959,-208.80623, 125.96271,  81.27373,-208.34839, 126.08291,  92.15573,-211.40231, 127.23899,  86.83080,-211.57470, 126.14240,  82.82597,-211.65374, 124.18307,  81.12354,-211.45784, 125.95907,  92.23414,-212.32313, 126.92703,  87.52671,-213.27380, 125.90051,  84.11152,-213.89016, 124.06480,  82.39898,-213.94020, 125.67157,  92.49519,-213.40618, 126.42844,  88.33105,-214.94258, 125.65820,  85.70574,-215.89803, 124.22895,  84.57072,-216.04489
   2.90006, 112.22041,  93.87822,-186.42587, 103.61146,  93.19894,-179.61230, 108.28016,  49.12814,-171.45440, 106.81277,  10.02809,-186.87867, 120.82935,  94.55750,-193.23944, 127.08531,  50.19173,-188.43056, 116.22298,  34.92513,-226.08446, 112.43873, 101.92339,-185.34795, 114.41969, 119.43155,-181.76738, 117.04299, 131.51373,-178.61190, 122.51176, 149.09513,-173.38445, 123.24715, 153.22709,-172.71464, 123.41257, 157.47333,-172.64690, 119.31827, 143.51776,-172.52159, 105.99539, 141.92565,-163.62350,  99.60802, 115.22646,-158.11399,  97.31908,  93.14556,-144.57906,  99.22139,  93.16868,-141.98923, 101.48701,  92.54147,-138.91255, 103.53275,  91.65316,-137.40857,  98.16191,  92.36819,-140.73415,  98.94111,  89.29298,-136.13688, 100.72742,  86.94006,-133.73718, 102.15855,  85.53544,-132.93977,  97.40161,  91.48144,-141.29294,  97.74941,  88.00177,-137.11058,  99.39583,  84.70958,-135.18752, 101.27878,  82.91265,-135.22127,  96.83514,  90.93694,-141.79496,  96.63103,  87.35949,-138.45417,  97.72045,  84.18782,-137.09372,  99.35186,  82.27960,-137.14197,  96.22633,  90.36576,-142.58673,  95.63598,  86.74570,-139.97520,  96.12942,  84.02361,-139.11199,  97.27850,  82.61395,-139.32429, 122.39085, 144.01711,-177.41546, 131.46357, 144.19634,-190.71447, 129.18777, 121.05001,-206.30511, 127.42588,  95.58689,-211.25739, 127.49925,  93.40612,-208.89828, 127.38774,  90.35514,-206.51679, 126.45011,  88.22988,-205.16024, 128.79407,  92.25787,-209.48435, 129.96598,  86.82851,-208.89464, 129.31112,  83.13791,-208.23412, 128.27446,  81.27318,-207.91000, 128.78134,  92.19466,-210.77759, 129.91840,  86.86431,-210.90260, 128.81327,  82.86901,-211.15500, 126.83442,  81.17835,-211.19261, 128.75649,  92.28653,-211.70514, 129.79275,  87.58558,-212.61506, 128.81779,  84.18667,-213.38581, 126.98792,  82.48836,-213.65496, 128.58720,  92.56440,-212.80873, 129.47893,  88.41621,-214.31564, 128.79939,  85.80985,-215.38499, 127.38731,  84.68736,-215.69899
   2.91673, 112.44814,  93.92402,-185.98454, 103.57971,  93.25216,-179.51156, 108.29698,  49.23885,-171.07594, 107.19064,  10.13693,-186.52559, 121.31658,  94.59588,-192.45752, 127.42393,  50.29529,-186.91300, 117.19457,  35.23949,-224.82814, 112.60855, 101.97356,-184.92928, 114.40913, 119.49173,-181.30272, 116.86769, 131.57797,-178.03227, 122.03197, 149.16425,-172.51932, 122.73069, 153.29675,-171.81453, 122.88904, 157.54310,-171.73713, 118.82654, 143.57172,-171.81307, 105.07736, 141.91829,-163.60111,  98.70551, 114.89569,-159.97092,  96.28492,  91.74516,-148.38671,  98.11008,  91.50137,-145.75310, 100.27619,  90.55984,-142.68489, 102.26585,  89.50668,-141.21241,  97.00449,  90.60413,-144.60806,  97.61070,  87.10682,-140.29524,  99.29706,  84.51663,-138.07427, 100.68708,  83.02359,-137.37024,  96.25044,  89.78395,-145.26787,  96.43288,  85.92857,-141.41769,  97.98223,  82.44922,-139.76208,  99.84369,  80.63565,-139.90888,  95.69256,  89.29645,-145.83400,  95.34704,  85.42944,-142.84611,  96.35773,  82.13016,-141.75506,  97.96687,  80.21081,-141.93370,  95.10059,  88.80975,-146.69219,  94.39005,  84.97325,-144.44500,  94.82513,  82.17619,-143.82406,  95.96299,  80.77543,-144.13344, 122.10754, 144.09843,-176.56676, 131.84111, 144.23925,-189.39048, 131.04314, 121.09026,-205.12222, 130.03449,  95.68376,-210.55291, 129.91624,  93.46514,-208.23121, 129.61079,  90.37654,-205.91613, 128.56500,  88.23214,-204.67356, 131.25230,  92.32315,-208.73051, 132.36640,  86.88202,-208.13729, 131.65614,  83.18296,-207.59126, 130.59451,  81.31592,-207.38135, 131.34293,  92.28079,-210.02148, 132.47956,  86.95024,-210.14178, 131.39307,  82.96237,-210.54656, 129.42141,  81.27762,-210.76966, 131.39244,  92.38763,-210.94643, 132.49214,  87.69929,-211.84687, 131.57761,  84.31574,-212.74817, 129.77296,  82.62668,-213.19027, 131.31228,  92.68366,-212.05537, 132.31635,  88.55798,-213.55337, 131.72117,  85.97091,-214.71580, 130.33729,  84.85725,-215.15984
   2.93339, 112.64121,  94.01205,-185.51965, 103.49920,  93.34590,-179.43854, 108.28098,  49.37246,-170.83302, 107.52924,  10.23811,-186.22175, 121.78322,  94.67821,-191.60076, 127.94444,  50.48158,-185.33324, 118.50663,  35.35990,-223.42704, 112.74008, 102.06574,-184.48878, 114.33612, 119.59543,-180.82230, 116.60148, 131.68923,-177.44208, 121.40421, 149.28881,-171.65173, 122.05869, 153.42209,-170.91003, 122.20782, 157.66847,-170.81754, 118.20357, 143.67547,-171.10734, 104.11291, 141.90326,-163.52299,  97.78543, 114.70589,-161.45746,  95.32572,  90.54298,-152.17826,  97.05830,  89.97568,-149.53196,  99.10400,  88.66035,-146.51908, 101.02372,  87.41008,-145.10927,  95.89875,  88.98532,-148.52541,  96.29605,  85.03068,-144.60088,  97.85880,  82.17885,-142.62337,  99.19622,  80.58773,-142.04320,  95.15133,  88.25823,-149.29309,  95.13356,  84.00710,-145.88007,  96.56105,  80.33557,-144.56496,  98.39143,  78.50697,-144.85052,  94.60318,  87.84728,-149.92559,  94.08597,  83.68944,-147.38679,  94.99719,  80.26986,-146.62962,  96.57447,  78.34525,-146.96602,  94.03059,  87.46938,-150.84923,  93.17357,  83.42993,-149.05429,  93.53462,  80.57315,-148.72739,  94.65515,  79.18867,-149.15188, 121.69410, 144.23574,-175.70542, 132.03845, 144.31844,-188.04226, 132.89785, 121.17662,-203.78130, 132.80747,  95.85452,-209.67899, 132.54900,  93.58839,-207.41527, 132.10958,  90.45170,-205.18806, 130.99687,  88.27732,-204.06110, 133.92233,  92.46332,-207.84736, 135.02825,  87.01667,-207.29059, 134.30621,  83.30384,-206.86734, 133.24457,  81.42777,-206.76603, 134.09878,  92.44778,-209.13004, 135.27389,  87.12637,-209.28134, 134.24141,  83.14238,-209.83742, 132.29940,  81.45300,-210.22497, 134.20895,  92.57373,-210.04731, 135.39507,  87.91015,-210.96644, 134.56341,  84.54132,-211.99428, 132.80261,  82.85291,-212.58927, 134.20080,  92.89196,-211.15296, 135.32771,  88.80265,-212.66328, 134.82710,  86.23701,-213.91440, 133.48269,  85.12596,-214.47179
   2.95006, 112.81874,  94.19920,-185.06981, 103.45738,  93.53260,-179.33217, 108.36316,  49.58614,-170.65885, 107.87056,  10.41905,-185.97458, 122.18010,  94.86579,-190.80745, 128.53085,  50.82970,-183.66083, 119.85446,  35.39364,-221.80953, 112.86837, 102.25512,-184.05291, 114.28878, 119.79202,-180.34890, 116.38235, 131.89202,-176.88123, 120.85957, 149.50489,-170.87450, 121.47643, 153.63868,-170.10392, 121.62334, 157.88487,-170.00043, 117.67455, 143.87137,-170.46322, 103.26520, 141.95460,-163.54177,  96.95211, 114.68233,-162.93505,  94.52760,  89.80238,-155.78592,  96.16801,  88.93140,-153.16352,  98.09379,  87.27202,-150.24287,  99.94261,  85.83992,-148.91356,  94.95739,  87.87530,-152.29313,  95.15013,  83.54128,-148.77487,  96.58972,  80.46859,-147.05099,  97.87360,  78.79457,-146.59682,  94.21701,  87.24716,-153.14981,  94.00349,  82.67951,-150.18130,  95.30927,  78.86070,-149.20199,  97.10612,  77.02417,-149.61923,  93.67881,  86.91505,-153.83497,  92.99416,  82.53967,-151.74022,  93.80615,  79.03994,-151.30466,  95.34943,  77.11930,-151.78898,  93.12553,  86.64537,-154.80706,  92.12597,  82.47027,-153.44955,  92.41345,  79.58698,-153.40059,  93.51493,  78.22386,-153.93088, 121.33113, 144.46393,-174.92621, 132.30619, 144.48538,-186.70575, 134.81245, 121.36394,-202.29797, 135.59553,  96.13802,-208.54616, 135.20525,  93.81327,-206.36219, 134.64822,  90.61719,-204.24861, 133.48585,  88.40317,-203.25710, 136.62017,  92.71457,-206.72186, 137.75311,  87.26822,-206.21907, 137.05024,  83.53823,-205.93845, 136.00815,  81.64862,-205.95880, 136.88785,  92.73306,-207.98860, 138.13869,  87.43038,-208.18388, 137.19953,  83.45041,-208.90858, 135.31187,  81.74994,-209.47493, 137.06155,  92.88313,-208.89232, 138.36973,  88.25735,-209.83654, 137.65664,  84.90632,-211.00241, 135.96450,  83.21402,-211.76260, 137.12822,  93.22880,-209.98770, 138.41217,  89.19122,-211.51179, 138.03493,  86.65232,-212.85717, 136.74802,  85.54080,-213.53611
   2.96673, 112.93269,  94.45473,-184.66832, 103.39354,  93.77765,-179.23268, 108.45279,  49.83947,-170.60576, 108.17978,  10.64217,-185.84954, 122.47184,  95.13180,-190.10396, 129.08222,  51.28174,-182.10026, 121.27402,  35.22136,-220.17875, 112.93618, 102.51170,-183.65861, 114.18983, 120.05443,-179.92210, 116.11882, 132.16207,-176.38635, 120.28422, 149.79376,-170.21280, 120.86411, 153.92853,-169.41912, 121.00866, 158.17456,-169.30596, 117.12734, 144.13755,-169.91051, 102.48544, 142.08768,-163.53690,  96.21448, 114.81822,-164.56226,  93.82694,  89.42468,-159.51570,  95.36716,  88.21590,-156.96753,  97.16372,  86.18220,-154.20550,  98.93573,  84.55650,-153.00003,  94.10506,  87.10321,-156.25512,  94.08422,  82.39516,-153.24965,  95.39396,  79.10716,-151.84991,  96.62092,  77.35641,-151.55593,  93.37431,  86.59752,-157.19687,  92.95766,  81.73128,-154.77463,  94.13647,  77.79035,-154.20286,  95.89737,  75.96212,-154.77940,  92.84810,  86.36062,-157.92926,  91.99115,  81.79772,-156.36522,  92.70059,  78.24936,-156.31007,  94.20794,  76.35246,-156.96945,  92.31683,  86.21864,-158.93989,  91.17188,  81.94709,-158.09348,  91.38423,  79.06974,-158.36578,  92.46567,  77.74440,-159.01887, 120.91662, 144.76410,-174.25663, 132.40502, 144.73891,-185.53609, 136.35552, 121.65630,-200.88493, 138.08798,  96.54757,-207.40797, 137.60156,  94.16650,-205.30547, 136.96735,  90.91363,-203.30323, 135.78228,  88.65979,-202.43608, 139.05378,  93.09781,-205.60121, 140.24239,  87.65865,-205.15197, 139.58462,  83.91301,-204.99979, 138.57681,  82.00907,-205.12749, 139.39888,  93.15009,-206.84813, 140.74594,  87.87273,-207.08486, 139.91855,  83.89734,-207.95613, 138.09755,  82.18270,-208.67692, 139.62561,  93.32395,-207.73569, 141.06510,  88.74171,-208.70089, 140.48029,  85.40877,-209.98412, 138.86625,  83.70976,-210.88599, 139.75417,  93.69626,-208.81673, 141.19569,  89.71527,-210.34877, 140.94385,  87.20338,-211.77193, 139.71970,  86.08906,-212.55443
   2.98339, 112.95880,  94.76743,-184.28920, 103.26411,  94.07740,-179.13781, 108.45374,  50.13046,-170.63382, 108.36515,  10.92343,-185.85473, 122.65349,  95.45745,-189.44059, 129.65415,  51.85508,-180.47354, 122.89031,  34.85981,-218.34552, 112.91732, 102.82535,-183.28792, 114.00630, 120.37370,-179.52629, 115.77006, 132.48895,-175.93081, 119.61741, 150.13933,-169.60613, 120.15813, 154.27538,-168.79177, 120.29738, 158.52138,-168.67075, 116.49683, 144.45848,-169.40641, 101.66318, 142.30774,-163.52873,  95.40959, 115.12724,-166.00119,  93.04650,  89.38469,-163.21966,  94.48268,  87.86058,-160.78225,  96.14809,  85.48615,-158.21693,  97.84348,  83.68857,-157.15369,  93.17313,  86.71257,-160.22940,  92.94789,  81.70567,-157.76377,  94.13377,  78.24825,-156.70287,  95.30721,  76.44183,-156.57294,  92.45684,  86.33411,-161.23952,  91.84863,  81.24523,-159.38089,  92.91067,  77.23363,-159.21806,  94.64041,  75.43064,-159.94801,  91.94582,  86.19397,-162.00673,  90.92966,  81.51308,-160.97848,  91.54726,  77.96146,-161.29752,  93.02425,  76.10651,-162.12381,  91.44002,  86.17880,-163.04004,  90.16382,  81.87426,-162.69994,  90.31096,  79.03931,-163.28285,  91.37663,  77.76359,-164.05061, 120.40626, 145.12298,-173.63899, 132.34102, 145.06919,-184.44495, 137.72243, 122.04473,-199.44210, 140.58903,  97.09385,-206.16790, 140.01755,  94.65471,-204.15531, 139.32298,  91.34372,-202.27188, 138.13123,  89.04775,-201.53409, 141.50744,  93.62122,-204.38037, 142.77628,  88.19658,-203.97742, 142.18723,  84.43652,-203.95230, 141.22907,  82.51728,-204.18768, 141.93080,  93.70966,-205.60084, 143.39850,  88.46605,-205.86837, 142.71071,  84.49741,-206.88043, 140.97542,  82.76595,-207.75589, 142.21049,  93.90883,-206.46774, 143.80291,  89.37908,-207.44043, 143.37043,  86.06700,-208.83335, 141.85295,  84.35941,-209.87573, 142.40057,  94.30909,-207.52956, 144.01910,  90.39379,-209.05412, 143.91093,  87.91205,-210.54665, 142.76276,  86.79349,-211.43157
   3.00006, 112.92726,  95.06475,-183.91345, 103.12922,  94.36364,-178.96301, 108.39198,  50.38556,-170.66746, 108.43312,  11.18671,-185.90963, 122.72530,  95.76586,-188.86390, 130.21926,  52.49703,-178.75288, 124.42229,  34.47340,-216.30842, 112.85598, 103.12261,-182.91333, 113.82533, 120.67306,-179.12881, 115.46216, 132.79312,-175.48981, 119.05700, 150.45789,-169.05765, 119.56775, 154.59543,-168.23157, 119.70701, 158.84147,-168.11224, 115.96979, 144.75668,-168.93380, 100.95000, 142.52419,-163.58294,  94.63911, 115.51906,-167.44246,  92.26517,  89.64199,-166.58124,  93.61375,  87.86574,-164.26764,  95.17238,  85.22627,-161.90199,  96.80774,  83.30152,-160.97621,  92.26998,  86.69860,-163.85464,  91.89164,  81.48798,-161.87844,  92.98652,  77.92202,-161.12295,  94.12230,  76.08715,-161.13840,  91.57103,  86.43188,-164.91150,  90.82287,  81.20474,-163.55562,  91.80498,  77.17418,-163.74904,  93.51741,  75.41185,-164.60775,  91.07593,  86.37523,-165.69958,  89.94753,  81.64079,-165.14061,  90.50559,  78.12270,-165.77997,  91.96671,  76.32300,-166.74503,  90.59478,  86.46786,-166.74059,  89.22998,  82.17816,-166.83670,  89.33759,  79.40808,-167.68137,  90.39709,  78.18806,-168.54253, 119.96552, 145.45319,-173.07978, 132.34101, 145.36978,-183.37785, 139.31836, 122.44481,-197.86102, 143.24793,  97.66018,-204.66402, 142.59325,  95.15683,-202.75845, 141.84773,  91.78258,-201.01173, 140.66446,  89.44052,-200.41953, 144.12169,  94.16534,-202.89752, 145.49650,  88.76389,-202.53245, 145.00397,  84.99146,-202.64140, 144.11527,  83.05665,-202.99310, 144.63100,  94.29540,-204.08086, 146.24857,  89.09697,-204.36518, 145.73902,  85.14058,-205.52049, 144.11765,  83.39147,-206.56327, 144.96828,  94.52356,-204.91966, 146.74359,  90.05976,-205.88061, 146.49962,  86.77546,-207.38097, 145.10703,  85.05973,-208.57347, 145.22537,  94.95558,-205.95458, 147.05137,  91.12076,-207.44902, 147.11673,  88.67661,-209.00473, 146.06565,  87.55426,-209.99878
   3.01673, 112.88306,  95.43737,-183.52010, 103.01941,  94.72578,-178.70325, 108.36060,  50.69302,-170.75519, 108.50478,  11.53366,-186.09791, 122.74671,  96.14896,-188.33695, 130.72976,  53.23321,-177.15243, 125.93659,  33.95020,-214.22082, 112.79281, 103.49438,-182.51466, 113.67669, 121.04317,-178.70165, 115.21560, 133.16378,-175.02197, 118.60670, 150.83489,-168.49724, 119.09243, 154.97377,-167.66285, 119.22969, 159.22004,-167.54923, 115.54382, 145.11951,-168.44029, 100.37933, 142.84389,-163.53420,  93.95696, 116.11534,-168.85753,  91.50861,  90.24673,-169.76351,  92.74832,  88.26781,-167.55591,  94.18185,  85.42038,-165.35828,  95.75272,  83.39749,-164.53587,  91.37214,  87.09776,-167.28091,  90.84064,  81.75566,-165.73868,  91.84997,  78.12080,-165.23400,  92.95501,  76.27138,-165.35842,  90.70510,  86.92878,-168.37778,  89.82479,  81.62628,-167.46690,  90.74589,  77.60542,-167.94824,  92.45699,  75.88378,-168.88829,  90.23614,  86.94403,-169.18353,  89.01105,  82.20281,-169.03980,  89.53203,  78.73609,-169.93843,  90.99497,  76.99043,-170.99559,  89.79216,  87.12778,-170.22895,  88.36043,  82.88608,-170.71019,  88.45065,  80.18975,-171.76853,  89.51835,  79.02137,-172.68911, 119.61436, 145.84051,-172.50856, 132.33473, 145.72751,-182.37718, 140.71422, 122.92502,-196.29950, 145.74914,  98.32457,-203.04243, 145.03249,  95.76584,-201.23525, 144.25749,  92.33795,-199.61003, 143.09649,  89.95636,-199.14506, 146.59107,  94.81392,-201.29187, 148.07319,  89.43978,-200.94408, 147.68335,  85.66003,-201.16111, 146.86848,  83.71285,-201.60995, 147.17419,  94.98153,-202.43577, 148.93638,  89.83007,-202.71552, 148.60342,  85.88868,-203.98119, 147.09884,  84.12476,-205.16460, 147.56046,  95.23567,-203.24546, 149.50643,  90.83683,-204.17499, 149.44444,  87.58091,-205.75370, 148.17714,  85.85899,-207.07054, 147.87462,  95.69592,-204.25208, 149.89077,  91.93847,-205.69783, 150.12000,  89.53076,-207.29431, 149.16540,  88.40569,-208.37852
   3.03339, 112.81094,  95.75613,-183.09256, 102.88330,  95.02731,-178.41166, 108.26773,  50.93196,-170.84912, 108.49819,  11.81088,-186.28815, 122.73857,  96.48496,-187.77346, 131.25384,  53.96605,-175.51719, 127.61481,  33.11202,-211.85921, 112.69987, 103.81122,-182.07392, 113.49509, 121.35521,-178.21949, 114.93477, 133.47392,-174.49369, 118.12444, 151.14755,-167.87488, 118.58493, 155.28798,-167.03388, 118.71895, 159.53460,-166.93033, 115.08157, 145.42123,-167.89022,  99.78414, 143.14560,-163.41584,  93.20718, 116.72897,-169.96608,  90.68064,  91.00244,-172.75212,  91.76983,  88.83745,-170.64189,  93.03564,  85.80273,-168.59725,  94.52309,  83.68814,-167.85421,  90.35856,  87.68321,-170.52122,  89.64455,  82.25605,-169.40981,  90.55466,  78.57104,-169.13058,  91.62723,  76.71019,-169.33993,  89.74330,  87.61133,-171.65828,  88.71297,  82.27844,-171.18944,  89.57598,  78.28332,-171.92541,  91.29661,  76.59564,-172.90867,  89.31513,  87.69701,-172.48213,  87.98968,  82.98839,-172.75193,  88.48486,  79.58596,-173.88126,  89.96300,  77.88883,-174.99481,  88.92714,  87.96774,-173.53092,  87.43624,  83.80808,-174.39576,  87.52461,  81.19569,-175.64717,  88.61288,  80.07340,-176.60042, 119.23418, 146.16258,-171.87095, 132.25256, 146.01211,-181.34245, 142.01293, 123.35814,-194.59134, 148.15634,  98.96606,-201.17043, 147.39694,  96.35685,-199.45522, 146.61691,  92.88051,-197.93899, 145.49805,  90.45929,-197.58973, 148.98311,  95.45048,-199.42253, 150.59605,  90.11510,-199.06042, 150.33256,  86.33022,-199.36190, 149.60673,  84.36895,-199.89442, 149.63558,  95.65451,-200.52220, 151.56289,  90.56058,-200.76401, 151.43037,  86.63411,-202.11038, 150.05994,  84.84938,-203.41892, 150.06702,  95.93359,-201.30025, 152.19859,  91.60843,-202.16630, 152.33695,  88.38020,-203.79620, 151.21079,  86.64649,-205.22137, 150.43355,  96.42009,-202.27636, 152.65049,  92.74699,-203.64273, 153.05559,  90.37503,-205.25770, 152.20836,  89.24260,-206.42061
   3.05006, 112.77039,  96.07398,-182.61203, 102.79402,  95.32868,-178.03858, 108.16769,  51.17121,-170.83958, 108.45370,  12.08893,-186.37562, 122.74677,  96.81927,-187.18548, 131.83906,  54.77775,-173.75326, 129.25140,  32.41543,-209.27939, 112.64470, 104.12637,-181.57398, 113.37327, 121.66244,-177.67069, 114.73612, 133.77605,-173.89966, 117.76940, 151.44599,-167.19800, 118.21228, 155.58749,-166.35282, 118.34772, 159.83436,-166.26183, 114.73773, 145.71428,-167.27814,  99.30347, 143.46208,-163.28802,  92.44858, 117.41590,-170.94355,  89.84380,  91.91660,-175.30254,  90.76917,  89.61900,-173.25528,  91.85566,  86.45219,-171.31023,  93.25432,  84.26615,-170.60234,  89.32883,  88.49489,-173.27162,  88.43815,  83.03643,-172.48998,  89.25186,  79.32074,-172.35888,  90.29380,  77.44762,-172.60933,  88.77513,  88.49720,-174.44211,  87.60579,  83.17394,-174.31309,  88.42118,  79.20252,-175.21330,  90.15604,  77.52661,-176.19165,  88.39451,  88.63597,-175.28191,  86.98436,  83.98152,-175.87199,  87.46683,  80.63122,-177.15257,  88.96652,  78.95857,-178.27430,  88.07027,  88.97019,-176.33403,  86.53929,  84.89873,-177.49712,  86.63938,  82.35345,-178.87912,  87.75355,  81.25590,-179.83126, 118.96272, 146.46865,-171.17948, 132.28182, 146.28420,-180.22256, 143.53514, 123.83137,-192.60131, 150.79046,  99.66769,-198.88435, 150.00436,  97.00809,-197.26104, 149.24519,  93.48412,-195.84765, 148.19550,  91.01870,-195.61112, 151.61672,  96.16022,-197.12001, 153.39818,  90.88304,-196.69952, 153.30073,  87.09573,-197.06345, 152.69102,  85.11695,-197.67142, 152.34110,  96.40377,-198.16528, 154.47171,  91.38804,-198.32062, 154.58789,  87.47901,-199.71826, 153.38695,  85.66405,-201.14628, 152.81845,  96.70962,-198.90554, 155.17010,  92.47849,-199.65917, 155.55102,  89.28116,-201.31119, 154.60024,  87.52780,-202.83660, 153.23804,  97.22315,-199.84577, 155.68744,  93.65387,-201.08438, 156.30077,  91.32173,-202.69165, 155.58577,  90.17569,-203.92775
   3.06673, 112.77708,  96.07501,-182.10584, 102.74763,  95.30283,-177.65455, 108.06591,  51.08266,-170.80795, 108.43920,  12.00383,-186.35084, 122.80652,  96.84719,-186.55712, 132.38325,  55.25091,-172.11347, 130.85590,  31.24908,-206.61643, 112.63741, 104.12150,-181.02466, 113.29980, 121.64047,-177.03377, 114.58785, 133.74288,-173.20097, 117.47681, 151.40144,-166.40623, 117.90357, 155.54318,-165.55395, 118.04058, 159.79019,-165.47222, 114.45220, 145.66740,-166.55621,  98.90643, 143.45880,-162.99795,  91.70375, 117.88148,-171.82532,  88.93710,  92.69455,-177.65318,  89.72376,  90.31413,-175.64289,  90.66034,  87.06524,-173.75611,  91.98441,  84.83033,-173.05744,  88.26559,  89.21969,-175.76311,  87.24035,  83.75738,-175.20538,  87.97944,  80.02410,-175.16045,  88.99779,  78.13992,-175.42464,  87.76742,  89.27079,-176.95720,  86.49688,  83.97019,-177.05940,  87.28128,  80.01471,-178.05254,  89.02933,  78.33753,-179.00490,  87.42912,  89.44413,-177.80861,  85.96386,  84.83988,-178.61763,  86.44485,  81.52394,-179.98524,  87.96480,  79.85928,-181.09150,  87.16060,  89.81855,-178.86289,  85.61208,  85.81779,-180.23018,  85.73053,  83.31711,-181.68995,  86.86794,  82.22923,-182.62557, 118.75054, 146.43332,-170.37428, 132.31029, 146.22228,-179.05176, 144.82565, 123.97768,-190.56450, 153.17834, 100.06434,-196.42834, 152.38639,  97.36516,-194.87470, 151.66771,  93.80481,-193.53313, 150.69788,  91.30041,-193.37977, 154.01650,  96.57664,-194.63072, 155.96283,  91.36615,-194.11924, 156.03199,  87.58071,-194.50820, 155.53874,  85.58534,-195.16559, 154.79912,  96.85484,-195.62407, 157.12206,  91.92294,-195.66249, 157.47754,  88.03164,-197.06920, 156.44316,  86.18427,-198.58342, 155.31282,  97.18379,-196.32926, 157.86650,  93.04868,-196.94587, 158.47614,  89.88032,-198.58508, 157.69537,  88.10454,-200.17948, 155.77443,  97.71967,-197.23675, 158.43299,  94.25324,-198.32736, 159.23892,  91.95773,-199.90201, 158.65121,  90.79537,-201.18889
   3.08340, 112.81355,  96.02135,-181.61275, 102.72121,  95.21627,-177.31197, 107.95125,  50.94581,-170.72739, 108.46582,  11.89243,-186.33008, 122.90588,  96.82642,-185.91352, 132.92244,  55.68542,-170.49695, 132.59459,  29.77034,-203.62060, 112.65382, 104.06074,-180.48265, 113.24059, 121.56070,-176.39765, 114.45522, 133.65180,-172.50564, 117.21949, 151.29973,-165.63188, 117.63305, 155.44135,-164.77254, 117.77299, 159.68837,-164.69647, 114.20108, 145.56435,-165.84290,  98.55738, 143.39487,-162.71589,  91.04416, 118.27612,-172.54441,  88.05241,  93.52392,-179.91855,  88.59733,  91.04644,-177.94580,  89.26778,  87.69985,-176.11737,  90.45073,  85.39054,-175.40755,  87.11152,  90.01683,-178.21181,  85.84112,  84.58480,-177.93206,  86.43252,  80.82524,-177.97159,  87.39531,  78.91137,-178.23065,  86.70529,  90.12874,-179.43618,  85.24536,  84.89063,-179.82600,  85.95023,  80.94270,-180.90506,  87.69892,  79.22935,-181.78944,  86.43768,  90.34457,-180.30290,  84.86241,  85.83380,-181.38559,  85.31688,  82.54958,-182.83627,  86.85013,  80.86325,-183.89011,  86.26225,  90.76526,-181.35932,  84.66820,  86.87954,-182.98218,  84.79917,  84.42728,-184.52089,  85.96049,  83.32663,-185.41110, 118.56259, 146.33940,-169.58677, 132.34282, 146.12163,-177.90949, 146.03037, 124.09729,-188.47263, 155.57561, 100.49420,-193.74354, 154.79920,  97.76355,-192.23778, 154.14615,  94.17566,-190.93665, 153.27539,  91.63232,-190.84028, 156.44189,  97.04492,-191.88614, 158.56981,  91.92167,-191.23551, 158.82453,  88.14265,-191.60934, 158.46017,  86.12825,-192.29229, 157.27509,  97.35626,-192.82713, 159.80251,  92.52745,-192.70144, 160.41349,  88.65500,-194.07193, 159.55921,  86.76564,-195.64551, 157.81925,  97.70686,-193.49822, 160.58062,  93.68401,-193.93653, 161.42951,  90.54468,-195.52436, 160.83026,  88.73763,-197.16161, 158.31589,  98.26201,-194.37512, 161.18437,  94.91178,-195.28132, 162.18776,  92.65284,-196.79420, 161.73495,  91.46680,-198.11361
   3.10006, 112.88090,  95.81234,-181.14278, 102.72557,  94.97562,-176.99921, 107.79399,  50.66948,-170.52924, 108.49330,  11.65301,-186.21687, 123.03623,  96.64906,-185.28634, 133.48395,  56.02289,-168.82598, 134.23395,  28.37169,-200.50757, 112.70253, 103.84349,-179.95819, 113.21430, 121.31820,-175.75666, 114.35180, 133.38974,-171.78152, 116.97515, 151.00972,-164.78196, 117.37313, 155.14968,-163.90740, 117.51495, 159.39664,-163.83188, 113.96640, 145.27273,-165.07246,  98.22831, 143.13893,-162.43252,  90.38178, 118.52332,-173.22619,  87.14636,  94.22158,-181.88401,  87.45615,  91.67726,-179.94572,  87.86570,  88.26297,-178.16603,  88.90367,  85.88971,-177.44052,  85.95130,  90.71772,-180.33717,  84.44636,  85.33891,-180.28656,  84.88663,  81.55977,-180.38624,  85.78657,  79.61374,-180.63129,  85.63358,  90.87565,-181.58245,  83.99278,  85.71439,-182.20716,  84.60878,  81.76699,-183.34116,  86.34254,  80.00299,-184.15232,  85.43408,  91.12306,-182.45903,  83.75452,  86.70958,-183.76324,  84.17284,  83.44447,-185.26697,  85.70435,  81.72054,-186.26078,  85.34758,  91.57571,-183.51327,  83.71105,  87.80015,-185.34094,  83.84645,  85.38174,-186.93197,  85.01982,  84.25460,-187.77179, 118.39399, 146.06793,-168.73362, 132.40596, 145.85553,-176.66014, 147.31335, 124.10462,-186.07648, 157.87259, 100.80308,-190.71768, 157.12968,  98.04478,-189.24582, 156.56656,  94.43545,-187.96207, 155.81869,  91.85215,-187.90431, 158.77751,  97.41133,-188.77473, 161.10685,  92.40479,-187.93344, 161.57455,  88.64142,-188.25585, 161.35931,  86.60775,-188.94493, 159.65784,  97.75920,-189.65826, 162.40720,  93.06404,-189.31543, 163.30405,  89.22006,-190.60652, 162.65664,  87.28205,-192.21915, 160.22941,  98.13317,-190.29296, 163.21117,  94.25175,-190.50351, 164.32378,  91.15077,-192.00124, 163.93081,  89.30743,-193.66039, 160.75783,  98.70798,-191.13804, 163.84552,  95.50126,-191.81374, 165.06308,  93.28769,-193.23361, 164.76296,  92.07358,-194.57093
   3.11673, 112.93623,  95.55912,-180.74649, 102.71232,  94.69347,-176.78136, 107.62242,  50.36344,-170.35300, 108.58700,  11.35912,-186.05674, 123.16015,  96.42477,-184.71162, 133.92922,  56.25004,-167.37374, 135.75063,  26.80815,-197.35262, 112.73968, 103.58079,-179.50205, 113.17843, 121.02378,-175.16270, 114.24155, 133.06730,-171.08338, 116.72848, 150.64103,-163.91966, 117.11029, 154.77752,-163.02179, 117.25158, 159.02438,-162.93995, 113.72784, 144.90530,-164.30373,  97.91938, 142.79964,-162.09721,  89.70576, 118.78662,-173.92561,  86.19575,  94.97488,-183.75826,  86.23425,  92.38876,-181.85116,  86.33808,  88.93107,-180.11161,  87.19691,  86.49522,-179.35987,  84.71304,  91.51678,-182.36504,  82.93017,  86.22564,-182.52106,  83.17894,  82.43035,-182.66063,  83.99141,  80.44304,-182.87853,  84.49315,  91.71015,-183.62634,  82.63419,  86.65365,-184.46133,  83.12264,  82.69656,-185.62333,  84.81534,  80.85510,-186.34402,  84.36951,  91.98101,-184.50994,  82.55911,  87.68345,-186.01130,  82.91242,  84.42371,-187.54310,  84.41871,  82.63579,-188.45937,  84.38174,  92.45346,-185.55896,  82.68458,  88.79843,-187.56741,  82.80636,  86.40048,-189.19019,  83.97606,  85.22519,-189.96676, 118.22189, 145.72602,-167.87724, 132.42602, 145.53034,-175.45446, 148.32807, 124.04404,-183.78895, 159.94879, 101.10138,-187.60903, 159.24692,  98.32639,-186.14842, 158.77418,  94.70778,-184.85438, 158.14266,  92.09337,-184.80785, 160.89128,  97.77447,-185.57401, 163.39269,  92.88950,-184.53520, 164.04951,  89.14876,-184.78234, 163.96810,  87.10059,-185.45714, 161.80536,  98.15389,-186.40895, 164.74079,  93.59442,-185.84713, 165.88629,  89.78341,-187.03514, 165.42393,  87.80168,-188.65829, 162.39568,  98.54757,-187.01387, 165.55838,  94.80620,-187.00111, 166.89737,  91.74528,-188.39217, 166.68717,  89.86942,-190.04809, 162.94621,  99.13779,-187.83384, 166.21121,  96.07067,-188.28770, 167.60984,  93.90179,-189.60610, 167.44462,  92.66192,-190.94326
   3.13340, 112.99669,  95.20881,-180.43166, 102.69103,  94.31099,-176.69169, 107.47824,  49.97195,-170.23295, 108.75544,  10.96302,-185.90292, 123.30234,  96.10662,-184.17163, 134.35321,  56.34672,-166.07157, 137.37062,  24.91633,-193.85468, 112.77827, 103.21770,-179.11091, 113.13340, 120.61753,-174.59427, 114.11489, 132.62187,-170.38117, 116.45865, 150.12864,-163.00828, 116.82246, 154.25975,-162.07875, 116.96111, 158.50646,-161.98512, 113.46173, 144.40004,-163.50995,  97.59182, 142.34179,-161.74371,  89.05772, 118.89659,-174.45167,  85.24889,  95.68338,-185.52593,  84.95878,  93.08018,-183.66427,  84.68936,  89.60486,-181.97846,  85.31970,  87.10854,-181.19926,  83.43017,  92.31869,-184.31387,  81.31797,  87.16227,-184.69986,  81.32425,  83.36056,-184.88047,  82.01779,  81.32531,-185.06408,  83.32775,  92.54007,-185.58553,  81.21115,  87.63019,-186.65052,  81.52880,  83.66186,-187.83327,  83.14858,  81.71799,-188.44422,  83.29525,  92.82817,-186.47172,  81.33207,  88.67934,-188.18454,  81.59205,  85.41985,-189.73544,  83.04605,  83.54410,-190.55554,  83.42483,  93.30998,-187.50848,  81.65856,  89.79997,-189.70703,  81.75312,  87.41689,-191.35335,  82.90173,  86.17360,-192.05156, 118.03510, 145.24708,-166.97504, 132.41894, 145.07025,-174.20579, 149.22584, 123.86206,-181.39892, 161.80904, 101.29249,-184.27593, 161.15515,  98.51167,-182.80419, 160.77708,  94.89617,-181.47093, 160.26302,  92.25644,-181.41018, 162.78914,  98.04556,-182.13238, 165.44899,  93.29860,-180.87117, 166.28702,  89.58875,-181.01381, 166.33527,  87.52851,-181.65417, 163.72915,  98.45346,-182.92397, 166.83315,  94.04407,-182.12170, 168.21299,  90.27161,-183.17621, 167.92983,  88.24501,-184.78503, 164.33307,  98.86431,-183.50351, 167.65658,  95.27379,-183.25231, 169.20651,  92.25624,-184.51298, 169.17186,  90.34650,-186.14295, 164.90010,  99.46620,-184.30352, 168.32050,  96.54640,-184.52513, 169.88557,  94.42373,-185.72648, 169.84965,  93.15640,-187.04751
   3.15006, 113.03531,  95.07449,-180.18182, 102.65394,  94.15279,-176.66364, 107.38302,  49.82549,-170.08258, 108.98627,  10.84716,-185.79865, 123.41668,  95.99620,-183.70000, 134.73283,  56.66421,-164.84469, 138.79921,  23.51703,-190.41038, 112.79536, 103.07155,-178.79475, 113.07394, 120.42963,-174.11504, 113.98438, 132.39380,-169.77369, 116.20804, 149.82841,-162.19547, 116.55713, 153.95361,-161.23456, 116.69429, 158.20009,-161.12907, 113.21024, 144.11153,-162.81229,  97.28393, 142.12137,-161.54653,  88.43589, 119.25463,-175.06779,  84.37362,  96.60626,-187.17353,  83.72242,  94.01371,-185.38994,  83.04229,  90.55185,-183.79453,  83.41088,  88.00688,-183.00499,  82.20592,  93.37759,-186.18624,  79.75674,  88.40128,-186.84719,  79.49438,  84.61220,-187.09147,  80.04719,  82.53203,-187.24723,  82.23557,  93.61919,-187.45799,  79.86177,  88.89602,-188.79132,  79.98659,  84.92740,-190.00867,  81.50466,  82.87218,-190.50581,  82.30487,  93.91804,-188.33850,  80.19891,  89.94864,-190.29028,  80.35281,  86.69494,-191.86728,  81.73022,  84.72242,-192.58634,  82.56322,  94.39921,-189.35118,  80.74454,  91.05674,-191.75819,  80.80844,  88.69045,-193.43001,  81.91896,  87.37053,-194.04411, 117.85817, 144.97886,-166.17152, 132.43464, 144.81891,-173.00607, 150.07018, 123.91616,-179.01131, 163.42680, 101.69525,-180.96877, 162.82506,  98.91876,-179.46691, 162.54797,  95.31983,-178.06574, 162.16276,  92.65937,-177.96744, 164.43719,  98.55198,-178.68909, 167.24928,  93.97674,-177.15340, 168.27730,  90.31221,-177.15168, 168.46577,  88.24313,-177.73510, 165.40134,  98.98927,-179.43463, 168.66685,  94.76333,-178.33967, 170.29252,  91.04326,-179.21471, 170.20664,  88.96891,-180.78483, 166.01761,  99.41716,-179.98827, 169.49422,  96.00752,-179.45142, 171.26430,  93.04519,-180.54163, 171.42165,  91.09971,-182.12134, 166.60077, 100.02891,-180.76896, 170.16890,  97.28318,-180.71550, 171.90615,  95.21645,-181.76858, 172.01196,  93.91931,-183.05653
   3.16673, 113.03622,  94.96606,-180.04434, 102.57304,  94.02646,-176.78257, 107.27673,  49.73449,-169.95025, 109.30347,  10.77261,-185.65820, 123.49939,  95.90567,-183.30611, 135.00776,  56.91544,-163.86637, 140.05803,  22.10551,-186.92368, 112.77643, 102.94839,-178.57826, 112.97564, 120.25249,-173.69884, 113.80676, 132.16268,-169.19613, 115.88763, 149.49867,-161.35566, 116.21777, 153.61569,-160.35385, 116.35034, 157.86187,-160.23200, 112.88597, 143.80191,-162.12181,  96.91986, 141.89438,-161.31278,  87.74421, 119.68984,-175.69214,  83.40512,  97.62352,-188.74012,  82.44669,  95.08149,-187.02372,  81.41211,  91.67451,-185.50236,  81.54340,  89.10915,-184.70374,  80.95079,  94.55442,-187.93092,  78.21290,  89.76341,-188.79649,  77.70388,  86.00242,-189.08192,  78.11929,  83.88866,-189.21007,  81.08906,  94.79458,-189.19576,  78.49246,  90.25142,-190.72499,  78.42633,  86.28504,-191.95418,  79.82851,  84.12859,-192.35321,  81.24253,  95.08866,-190.06717,  79.00993,  91.27916,-192.18941,  79.04881,  88.02424,-193.77090,  80.33287,  85.96040,-194.40088,  81.60643,  95.55145,-191.05571,  79.73646,  92.34756,-193.60753,  79.75486,  89.98426,-195.28469,  80.81155,  88.59007,-195.82525, 117.62815, 144.68876,-165.34131, 132.36716, 144.53588,-171.81806, 150.73211, 123.94401,-176.58288, 164.76986, 102.08044,-177.54499, 164.21061,  99.31770,-176.00191, 164.01574,  95.74544,-174.52092, 163.74030,  93.07377,-174.37122, 165.79451,  99.04163,-175.13383, 168.71669,  94.63402,-173.33581, 169.89930,  91.01960,-173.18403, 170.20623,  88.94720,-173.70163, 166.77637,  99.50268,-175.84094, 170.15882,  95.45316,-174.46926, 171.98555,  91.78820,-175.16102, 172.07011,  89.67424,-176.67748, 167.40161,  99.94369,-176.37385, 170.98862,  96.70507,-175.57048, 172.93811,  93.79799,-176.48998, 173.26033,  91.82326,-178.00713, 167.99769, 100.56128,-177.14004, 171.67262,  97.97794,-176.83237, 173.54907,  95.96477,-177.74039, 173.77695,  94.64242,-178.98619
   3.18340, 113.02355,  94.85329,-180.01769, 102.47286,  93.90313,-177.05458, 107.21749,  49.65907,-169.94577, 109.79202,  10.68577,-185.54477, 123.57425,  95.80345,-182.98079, 135.17928,  57.10366,-163.02501, 141.24879,  20.61505,-183.04044, 112.74188, 102.81875,-178.46639, 112.86338, 120.06148,-173.37190, 113.62751, 131.91029,-168.69862, 115.60810, 149.13239,-160.58590, 115.92508, 153.23973,-159.54102, 116.05469, 157.48546,-159.40146, 112.59252, 143.46539,-161.50320,  96.59756, 141.66042,-161.16664,  87.15744, 120.04710,-176.25799,  82.51463,  98.65537,-190.28789,  81.26193,  96.18844,-188.65341,  79.88592,  92.86402,-187.22258,  79.77977,  90.29622,-186.42810,  79.79929,  95.76810,-189.66459,  76.79664,  91.18245,-190.73929,  76.04429,  87.46677,-191.07596,  76.31725,  85.32885,-191.18428,  80.04183,  95.99721,-190.91571,  77.24347,  91.64845,-192.64156,  76.98298,  87.69606,-193.88985,  78.25366,  85.44557,-194.20006,  80.27596,  96.27924,-191.77306,  77.93288,  92.63623,-194.06197,  77.85165,  89.38590,-195.65127,  79.02741,  87.23602,-196.19967,  80.73953,  96.71460,-192.73189,  78.82997,  93.64979,-195.42149,  78.79801,  91.29024,-197.10373,  79.78861,  89.82448,-197.57576, 117.42332, 144.36175,-164.58539, 132.31852, 144.21288,-170.69448, 151.28942, 123.91416,-174.16820, 165.99305, 102.47222,-173.95222, 165.46791,  99.73445,-172.35367, 165.34262,  96.20184,-170.77335, 165.16908,  93.52640,-170.55424, 167.01469,  99.55117,-171.39847, 170.01735,  95.32563,-169.31811, 171.33707,  91.77052,-168.99378, 171.75473,  89.69877,-169.43012, 168.01220, 100.03259,-172.06917, 171.48159,  96.17173,-170.40235, 173.48976,  92.56884,-170.88595, 173.73893,  90.41704,-172.32931, 168.64566, 100.48395,-172.58335, 172.31549,  97.42503,-171.49889, 174.42701,  94.57757,-172.22733, 174.90768,  92.57487,-173.66374, 169.25491, 101.10365,-173.33740, 173.01137,  98.68839,-172.76382, 175.01292,  96.73091,-173.51247, 175.35878,  95.38364,-174.70319
   3.20006, 113.01819,  94.70122,-180.03363, 102.39467,  93.74732,-177.34459, 107.21169,  49.56339,-169.91758, 110.38110,  10.60452,-185.44293, 123.64170,  95.65513,-182.72267, 135.25127,  57.26120,-162.18713, 142.11379,  19.46972,-179.32144, 112.71660, 102.65054,-178.40517, 112.76943, 119.83415,-173.11358, 113.47674, 131.62326,-168.28303, 115.37707, 148.73357,-159.91848, 115.68405, 152.83116,-158.83310, 115.81241, 157.07631,-158.67599, 112.34801, 143.09788,-160.97380,  96.33684, 141.42095,-161.17459,  86.64775, 120.39501,-176.92361,  81.74174,  99.61568,-191.76107,  80.21903,  97.24792,-190.21135,  78.52626,  94.03275,-188.87360,  78.19072,  91.48131,-188.09021,  78.79694,  96.92767,-191.31300,  75.55377,  92.55998,-192.57952,  74.56550,  88.90500,-192.96696,  74.69423,  86.75286,-193.06027,  79.13307,  97.13511,-192.54613,  76.15078,  92.98726,-194.44940,  75.69287,  89.05871,-195.71598,  76.81968,  86.72376,-195.94815,  79.43977,  97.39722,-193.38674,  76.99558,  93.91966,-195.82253,  76.78676,  90.67775,-197.41741,  77.84108,  88.44903,-197.89315,  79.99203,  97.79589,-194.31403,  78.04512,  94.86342,-197.12182,  77.95362,  92.50636,-198.80535,  78.86675,  90.97328,-199.21576, 117.25443, 143.99938,-163.93258, 132.31667, 143.83943,-169.61704, 151.82569, 123.85224,-171.59453, 167.02589, 102.79928,-170.28035, 166.53060, 100.09895,-168.61019, 166.46948,  96.62252,-166.90635, 166.39956,  93.95142,-166.59581, 168.02786, 100.01971,-167.56595, 171.08873,  96.01055,-165.16662, 172.54039,  92.53244,-164.63646, 173.07087,  90.46752,-164.97062, 169.03969, 100.52164,-168.19910, 172.57356,  96.88300,-166.20081, 174.75930,  93.35966,-166.43752, 175.18164,  91.17152,-167.78262, 169.68092, 100.98267,-168.69477, 173.41276,  98.13305,-167.29701, 175.68272,  95.35989,-167.80102, 176.32915,  93.33130,-169.13222, 170.30417, 101.60214,-169.43747, 174.12329,  99.38094,-168.56914, 176.24628,  97.49060,-169.13301, 176.71617,  96.11898,-170.25123
   3.21673, 112.97066,  94.50575,-180.11014, 102.28326,  93.55861,-177.68480, 107.18828,  49.45393,-169.85522, 111.11475,  10.54513,-185.33306, 123.65807,  95.45290,-182.53548, 135.19128,  57.31879,-161.47940, 142.62144,  18.43751,-175.68905, 112.65458, 102.43843,-178.40512, 112.65093, 119.55836,-172.91073, 113.30937, 131.28080,-167.91388, 115.13734, 148.26370,-159.27795, 115.43503, 152.34994,-158.14811, 115.56174, 156.59433,-157.97052, 112.09587, 142.66313,-160.47509,  96.08556, 141.10745,-161.15318,  86.15869, 120.74226,-177.60663,  81.00967, 100.57066,-193.18206,  79.24505,  98.32242,-191.71301,  77.26502,  95.23887,-190.46258,  76.71308,  92.72152,-189.69161,  77.86798,  98.09207,-192.89162,  74.40994,  93.94634,-194.32477,  73.19773,  90.36442,-194.75605,  73.18432,  88.20793,-194.83558,  78.28561,  98.26781,-194.10460,  75.13789,  94.31936,-196.15954,  74.48427,  90.42249,-197.43805,  75.46033,  88.01484,-197.59977,  78.65581,  98.50276,-194.92749,  76.11948,  95.18284,-197.48598,  75.77910,  91.95186,-199.08036,  76.70377,  89.65347,-199.48965,  79.28476,  98.85667,-195.82358,  77.30168,  96.04426,-198.72724,  77.14347,  93.68748,-200.40621,  77.97131,  92.09315,-200.76026, 117.07094, 143.57160,-163.31470, 132.27371, 143.37756,-168.61075, 152.13117, 123.64670,-169.22231, 167.71426, 102.98090,-166.75400, 167.23625, 100.32181,-165.01408, 167.21782,  96.90503,-163.19265, 167.22882,  94.24519,-162.79110, 168.68339, 100.33406,-163.89866, 171.76694,  96.52574,-161.21772, 173.31512,  93.12437,-160.49699, 173.93474,  91.07069,-160.73241, 169.70589, 100.85191,-164.50111, 173.26761,  97.41782,-162.21151, 175.58709,  93.97292,-162.22030, 176.15183,  91.75800,-163.46561, 170.35329, 101.31966,-164.98224, 174.11326,  98.66074,-163.31086, 176.50278,  95.95920,-163.60917, 177.28483,  93.91249,-164.83577, 170.98896, 101.93664,-165.71644, 174.83902,  99.89074,-164.59178, 177.05307,  98.06337,-164.98809, 177.62511,  96.67337,-166.03366
   3.23340, 112.91190,  94.25542,-180.23250, 102.16334,  93.32052,-178.08902, 107.15095,  49.29599,-169.87024, 111.96257,  10.45611,-185.27112, 123.66045,  95.19031,-182.37598, 135.06928,  57.33246,-160.76104, 142.92749,  17.49822,-171.73181, 112.58044, 102.16886,-178.44310, 112.51617, 119.21455,-172.72290, 113.12171, 130.85858,-167.53951, 114.87022, 147.69085,-158.59765, 115.15773, 151.76305,-157.41569, 115.28278, 156.00627,-157.21089, 111.81763, 142.13236,-159.95223,  95.82026, 140.71984,-161.09190,  85.71439, 120.94233,-178.14246,  80.34547, 101.45999,-194.50134,  78.33706,  99.36243,-193.12545,  76.06510,  96.44549,-191.97565,  75.28463,  93.98339,-191.22396,  77.01749,  99.22211,-194.38146,  73.35132,  95.32762,-195.99117,  71.90456,  91.84035,-196.47227,  71.73630,  89.68998,-196.54009,  77.51671,  99.35447,-195.56884,  74.21018,  95.62766,-197.78220,  73.34542,  91.77674,-199.07449,  74.14845,  89.30236,-199.16489,  77.95043,  99.55329,-196.36994,  75.32832,  96.40328,-199.05371,  74.84302,  93.19021,-200.64677,  75.61733,  90.82607,-200.98794,  78.65480,  99.85099,-197.22961,  76.64108,  97.16295,-200.22841,  76.40672,  94.80743,-201.90024,  77.13351,  93.15308,-202.19598, 116.86310, 143.04797,-162.66238, 132.19330, 142.78162,-167.57401, 152.30432, 123.32354,-166.60958, 168.18692, 103.09533,-162.79351, 167.71275, 100.48602,-160.97879, 167.71676,  97.13739,-159.03481, 167.79025,  94.49523,-158.53514, 169.10798, 100.58396,-159.80309, 172.18322,  96.97342,-156.85250, 173.79992,  93.65079,-155.94032, 174.49109,  91.61076,-156.07269, 170.14008, 101.11227,-160.37952, 173.69885,  97.87681,-157.81280, 176.11939,  94.50924,-157.59404, 176.80542,  92.27046,-158.73107, 170.79376, 101.58293,-160.84918, 174.55450,  99.10605,-158.91977, 177.03537,  96.47291,-159.01450, 177.93248,  94.40973,-160.12968, 171.44244, 102.19328,-161.57753, 175.29886, 100.31212,-160.21271, 177.58248,  98.54308,-160.44517, 178.24201,  97.13562,-161.41297
   3.25007, 112.85998,  93.90704,-180.33386, 102.06507,  92.98500,-178.43132, 107.25895,  49.04326,-169.90312, 112.90604,  10.30638,-185.27971, 123.65490,  94.82908,-182.23640, 134.95346,  57.32804,-159.95191, 143.03599,  16.87467,-168.14168, 112.51380, 101.80298,-178.47142, 112.39515, 118.78006,-172.55153, 112.95485, 130.35059,-167.20109, 114.63629, 147.04030,-157.98340, 114.91588, 151.09862,-156.75279, 115.04101, 155.34039,-156.52000, 111.57552, 141.52209,-159.47707,  95.60634, 140.28687,-161.11096,  85.35843, 121.08984,-178.73068,  79.83887, 102.22003,-195.74435,  77.63803, 100.26705,-194.45257,  75.13367,  97.51048,-193.39336,  74.16401,  95.11018,-192.66234,  76.37440, 100.19650,-195.77043,  72.55174,  96.52271,-197.52816,  70.91270,  93.12810,-198.05331,  70.61254,  90.99192,-198.11322,  76.93770, 100.28483,-196.93298,  73.51327,  96.74949,-199.27729,  72.47059,  92.94696,-200.58151,  73.11929,  90.42630,-200.61413,  77.42126, 100.44764,-197.71340,  74.73818,  97.44010,-200.49844,  74.12854,  94.24719,-202.08928,  74.76768,  91.83571,-202.37460,  78.18369, 100.69155,-198.53984,  76.15143,  98.10361,-201.61327,  75.84985,  95.74996,-203.27694,  76.48422,  94.05029,-203.52449, 116.67801, 142.44354,-162.07621, 132.13355, 142.05962,-166.56940, 152.33109, 122.83992,-163.98816, 168.36457, 103.00526,-158.93704, 167.87454, 100.45981,-157.03781, 167.87605,  97.19547,-154.95538, 167.99802,  94.57942,-154.34100, 169.20739, 100.64730,-155.80214, 172.23331,  97.25384,-152.55756, 173.89469,  94.02091,-151.42903, 174.64762,  91.99856,-151.44151, 170.25144, 101.18186,-156.35062, 173.76853,  98.16156,-153.48200, 176.26762,  94.87908,-153.00522, 177.07002,  92.61680,-154.01213, 170.91404, 101.65200,-156.80814, 174.64297,  99.36911,-154.59812, 177.19733,  96.80903,-154.46251, 178.20455,  94.72928,-155.44500, 171.58043, 102.25087,-157.52999, 175.41604, 100.54257,-155.90416, 177.75630,  98.83398,-155.95211, 178.50100,  97.40812,-156.82669
   3.26673, 112.79045,  93.48083,-180.41205, 101.96569,  92.56662,-178.68327, 107.50166,  48.73613,-169.80492, 113.97234,  10.16573,-185.27522, 123.61522,  94.39505,-182.14083, 134.85385,  57.25460,-159.23093, 142.98740,  16.37912,-164.88035, 112.43169, 101.36208,-178.49068, 112.26827, 118.27743,-172.39769, 112.78799, 129.77852,-166.89564, 114.40674, 146.33103,-157.42287, 114.67896, 150.37559,-156.14616, 114.80449, 154.61573,-155.88550, 111.33719, 140.85545,-159.04947,  95.40349, 139.78982,-161.09681,  85.03272, 121.25116,-179.33866,  79.39125, 102.97001,-196.94473,  77.00364, 101.17884,-195.75411,  74.27345,  98.60256,-194.80477,  73.11290,  96.27883,-194.10513,  75.80859, 101.17396,-197.13626,  71.85202,  97.73331,-199.06150,  70.02531,  94.44535,-199.64294,  69.59039,  92.33240,-199.70001,  76.43634, 101.21167,-198.26814,  72.91622,  97.87638,-200.75928,  71.69792,  94.13348,-202.08359,  72.18212,  91.57602,-202.05991,  76.96953, 101.33348,-199.02329,  74.24551,  98.47170,-201.91994,  73.51334,  95.30570,-203.51290,  74.00829,  92.85474,-203.74300,  77.78829, 101.51768,-199.81038,  75.75517,  99.02912,-202.96426,  75.38837,  96.67982,-204.62096,  75.92290,  94.93991,-204.81981, 116.49523, 141.77479,-161.53734, 132.04664, 141.24826,-165.67088, 152.20313, 122.23730,-161.63367, 168.24356, 102.78178,-155.29430, 167.72224, 100.30075,-153.31965, 167.69776,  97.11846,-151.11401, 167.84297,  94.53062,-150.39422, 168.99836, 100.56209,-152.03835, 171.94881,  97.35650,-148.54291, 173.62184,  94.20322,-147.22253, 174.41248,  92.19761,-147.12564, 170.05427, 101.09662,-152.56368, 173.50412,  98.25958,-149.43784, 176.04223,  95.04915,-148.73177, 176.92846,  92.76712,-149.61637, 170.72652, 101.56247,-153.01141, 174.40174,  99.44149,-150.56297, 176.99580,  96.94097,-150.22323, 178.08219,  94.84640,-151.08210, 171.41122, 102.14698,-153.72788, 175.20670, 100.58007,-151.88056, 177.57859,  98.91893,-151.76589, 178.38594,  97.47639,-152.55317
   3.28340, 112.70888,  92.97501,-180.47018, 101.84342,  92.08508,-179.00398, 107.78232,  48.37340,-169.80603, 115.02930,  10.01568,-185.45985, 123.57434,  93.86493,-181.93639, 134.80097,  57.14561,-158.35168, 142.89272,  15.98448,-161.37821, 112.33752, 100.83179,-178.45340, 112.12162, 117.66148,-172.12920, 112.59726, 129.07790,-166.44971, 114.15995, 145.47346,-156.69864, 114.42559, 149.50225,-155.37170, 114.55167, 153.74044,-155.08131, 111.07734, 140.05096,-158.47177,  95.18698, 139.16810,-160.90627,  84.74534, 121.21169,-179.68231,  78.99671, 103.57516,-197.90061,  76.45826, 101.93348,-196.81082,  73.54589,  99.52398,-195.97127,  72.22502,  97.27672,-195.30704,  75.33268, 101.97794,-198.24943,  71.28728,  98.73839,-200.33248,  69.30981,  95.54975,-200.97108,  68.76078,  93.46357,-201.02928,  76.01528, 101.96710,-199.34969,  72.43825,  98.80170,-201.97768,  71.07787,  95.11614,-203.32430,  71.41673,  92.53628,-203.25286,  76.59016, 102.05003,-200.07910,  73.85302,  99.30839,-203.07779,  73.02260,  96.16863,-204.67450,  73.39035,  93.69142,-204.85703,  77.45484, 102.17905,-200.82707,  75.43995,  99.76867,-204.05256,  75.02261,  97.42331,-205.70286,  75.46804,  95.65419,-205.85897, 116.29548, 140.95926,-160.83525, 131.92753, 140.24971,-164.62278, 151.91893, 121.43488,-159.11400, 167.81464, 102.40533,-151.29080, 167.23657,  99.99986,-149.23992, 167.15249,  96.90917,-146.90906, 167.29439,  94.35446,-146.07872, 168.45467, 100.32830,-147.91822, 171.28852,  97.30274,-144.17466, 172.93740,  94.22602,-142.65788, 173.74428,  92.23577,-142.44622, 169.52612, 100.85404,-148.42043, 172.87063,  98.18789,-145.04004, 175.41029,  95.03984,-144.09808, 176.35700,  92.73495,-144.85096, 170.21173, 101.30961,-148.85837, 173.80246,  99.33429,-146.17407, 176.40601,  96.88140,-145.62449, 177.54963,  94.76729,-146.35098, 170.91987, 101.87304,-149.56891, 174.65028, 100.42849,-147.50233, 177.03255,  98.80243,-147.22100, 177.88753,  97.33925,-147.91431
   3.30007, 112.63678,  92.40888,-180.47861, 101.74004,  91.54498,-179.24791, 108.25368,  47.97722,-169.76069, 116.08584,   9.84424,-185.67950, 123.53352,  93.27279,-181.70930, 134.69629,  57.07031,-157.30937, 142.66505,  15.78438,-158.22911, 112.25313, 100.24266,-178.37645, 111.99024, 116.99399,-171.84924, 112.42965, 128.33429,-166.01639, 113.95473, 144.58950,-156.02730, 114.21680, 148.60407,-154.65726, 114.34517, 152.84038,-154.34152, 110.85773, 139.21853,-157.92764,  95.02710, 138.55486,-160.78438,  84.54176, 121.17000,-180.06712,  78.72113, 104.08693,-198.78313,  76.07321, 102.56583,-197.78246,  73.02900, 100.29107,-197.04043,  71.58749,  98.10886,-196.41105,  75.00864, 102.64373,-199.26542,  70.91385,  99.55858,-201.48209,  68.82824,  96.45077,-202.17295,  68.19287,  94.38938,-202.23575,  75.73334, 102.59278,-200.33726,  72.13096,  99.55631,-203.08023,  70.66817,  95.91867,-204.44961,  70.89283,  93.32757,-204.34314,  76.33978, 102.64383,-201.04367,  73.60879,  99.99123,-204.12686,  72.70843,  96.87379,-205.72939,  72.97643,  94.38147,-205.87636,  77.23825, 102.72840,-201.75739,  75.25151, 100.37372,-205.04095,  74.79975,  98.03179,-206.68707,  75.17466,  96.24384,-206.81042, 116.12744, 140.10882,-160.18096, 131.83581, 139.17397,-163.58437, 151.50971, 120.58336,-156.42009, 167.14559, 101.93921,-147.25959, 166.48229,  99.62901,-145.12662, 166.30221,  96.65065,-142.65896, 166.41580,  94.13870,-141.70330, 167.63584, 100.02690,-143.76665, 170.30411,  97.19854,-139.75669, 171.89310,  94.20700,-138.02134, 172.69753,  92.23407,-137.67870, 168.72740, 100.53531,-144.24270, 171.92125,  98.05218,-140.58832, 174.42723,  94.96809,-139.38172, 175.41777,  92.63650,-139.98013, 169.43084, 100.97420,-144.66927, 172.90030,  99.15002,-141.73059, 175.48554,  96.74230,-140.94533, 176.67074,  94.60377,-141.51726, 170.16908, 101.50816,-145.37189, 173.80475, 100.18606,-143.06811, 176.17803,  98.59024,-142.59982, 177.07062,  97.10162,-143.18279
   3.31673, 112.55573,  91.80585,-180.43401, 101.63189,  90.97472,-179.44466, 108.87586,  47.59340,-169.63806, 117.19567,   9.73182,-185.95238, 123.47958,  92.63699,-181.42335, 134.54939,  56.93800,-156.25144, 142.31753,  15.61157,-155.44033, 112.15952,  99.61594,-178.24770, 111.85154, 116.28746,-171.52119, 112.25997, 127.55048,-165.53828, 113.76443, 143.66244,-155.31669, 114.02500, 147.66293,-153.90577, 114.15584, 151.89751,-153.56857, 110.64854, 138.34859,-157.34256,  94.88171, 137.89187,-160.56878,  84.38087, 121.13825,-180.39423,  78.51271, 104.57704,-199.55907,  75.78589, 103.15150,-198.63236,  72.64676, 100.98333,-197.97108,  71.11529,  98.85464,-197.37158,  74.77225, 103.25096,-200.14931,  70.65142, 100.28112,-202.47265,  68.48830,  97.23673,-203.20627,  67.78814,  95.19658,-203.27359,  75.52868, 103.16715,-201.19689,  71.91813, 100.22537,-204.03079,  70.38146,  96.62531,-205.41845,  70.51770,  94.02931,-205.28488,  76.15868, 103.19231,-201.88381,  73.44200, 100.60293,-205.03269,  72.49164,  97.50249,-206.63931,  72.68248,  95.00158,-206.75840,  77.08173, 103.24143,-202.56891,  75.12466, 100.92389,-205.89642,  74.64920,  98.58357,-207.53815,  74.96914,  96.78338,-207.63563, 115.96853, 139.21147,-159.48572, 131.73156, 138.06003,-162.55349, 151.00392, 119.67218,-153.92429, 166.22993, 101.40006,-143.42200, 165.47248,  99.18175,-141.22384, 165.18230,  96.30975,-138.64318, 165.25023,  93.84012,-137.57902, 166.56854,  99.63602,-139.83432, 169.05952,  96.97773,-135.60022, 170.56767,  94.06119,-133.67540, 171.35277,  92.10412,-133.21664, 167.68027, 100.12362,-140.28481, 170.71206,  97.79512,-136.39798, 173.15846,  94.76360,-134.95840, 174.16841,  92.40858,-135.41614, 168.40197, 100.54395,-140.69937, 171.74068,  98.84366,-137.54300, 174.28545,  96.47019,-136.54905, 175.48918,  94.30911,-136.98024, 169.17029, 101.04768,-141.39201, 172.70287,  99.82229,-138.88347, 175.05094,  98.24675,-138.24894, 175.96415,  96.73465,-138.73075
   3.33340, 112.47504,  91.19040,-180.34627, 101.52695,  90.40373,-179.62478, 109.45397,  47.21371,-169.50706, 118.29111,   9.67864,-186.29690, 123.42312,  91.97707,-181.06776, 134.26339,  56.80325,-155.07015, 141.67455,  15.47343,-152.66264, 112.06565,  98.97442,-178.07123, 111.70975, 115.55568,-171.12748, 112.08619, 126.72889,-164.97644, 113.57280, 142.67121,-154.48969, 113.83223, 146.65552,-153.03350, 113.96563, 150.88829,-152.67527, 110.43564, 137.42626,-156.65733,  94.74212, 137.19129,-160.24458,  84.24372, 120.99342,-180.52789,  78.35534, 104.99753,-200.16099,  75.56498, 103.65498,-199.30195,  72.34909, 101.57982,-198.71527,  70.74243,  99.49882,-198.14590,  74.59682, 103.77248,-200.84706,  70.45990, 100.90330,-203.26631,  68.23316,  97.91563,-204.04161,  67.47807,  95.89542,-204.11621,  75.37924, 103.66052,-201.87269,  71.76709, 100.80170,-204.78827,  70.16877,  97.23669,-206.19663,  70.22825,  94.63886,-206.04386,  76.02843, 103.66346,-202.54198,  73.32806, 101.12980,-205.74966,  72.33567,  98.04635,-207.36357,  72.45937,  95.54035,-207.46241,  76.97106, 103.68217,-203.20143,  75.04228, 101.39782,-206.56819,  74.54677,  99.06069,-208.20852,  74.81856,  97.25164,-208.28634, 115.80899, 138.25415,-158.67765, 131.61605, 136.87510,-161.40625, 150.35281, 118.66767,-151.33535, 165.07372, 100.78830,-139.51912, 164.20670,  98.66250,-137.27061, 163.78514,  95.89541,-134.59519, 163.78820,  93.46882,-133.43427, 165.24727,  99.16348,-135.85473, 167.53683,  96.65623,-131.41956, 168.93907,  93.80724,-129.32133, 169.68821,  91.86447,-128.75441, 166.38085,  99.62582,-136.27648, 169.22798,  97.43101,-132.17797, 171.58700,  94.44202,-130.52015, 172.59591,  92.06436,-130.84333, 167.12271, 100.02491,-136.67619, 170.31222,  98.42729,-133.31832, 172.79359,  96.07779,-132.12675, 173.99657,  93.89368,-132.42275, 167.92347, 100.49617,-137.35479, 171.33770,  99.34651,-134.65391, 173.64414,  97.78158,-133.86036, 174.56432,  96.24587,-134.24430
   3.35007, 112.41110,  90.57861,-180.20332, 101.44532,  89.83987,-179.74948, 110.06879,  46.83914,-169.39781, 119.34971,   9.61777,-186.64047, 123.37687,  91.31736,-180.65717, 133.79839,  56.73848,-153.70763, 140.78507,  15.41459,-150.18661, 111.98633,  98.33554,-177.84027, 111.57802, 114.82804,-170.69105, 111.92092, 125.91660,-164.38678, 113.39290, 141.70186,-153.66305, 113.65252, 145.67118,-152.16653, 113.79039, 149.90223,-151.79011, 110.23793, 136.52150,-155.95653,  94.63680, 136.53335,-159.93329,  84.15998, 120.88026,-180.65084,  78.26709, 105.37149,-200.66963,  75.43918, 104.08103,-199.85463,  72.17764, 102.06466,-199.31706,  70.52503, 100.01411,-198.76912,  74.49985, 104.21041,-201.41650,  70.35504, 101.40637,-203.89782,  68.08959,  98.45574,-204.70228,  67.30039,  96.44888,-204.78376,  75.29763, 104.08132,-202.42819,  71.68611, 101.27678,-205.39679,  70.04956,  97.73576,-206.82167,  70.06061,  95.13780,-206.66007,  75.95814, 104.07063,-203.08622,  73.26886, 101.57421,-206.33220,  72.25007,  98.50334,-207.95363,  72.33125,  95.99524,-208.04278,  76.91211, 104.07058,-203.72944,  75.00132, 101.80934,-207.12195,  74.49285,  99.47586,-208.76350,  74.73400,  97.66207,-208.83120, 115.65577, 137.31539,-157.86879, 131.49972, 135.68598,-160.21914, 149.49330, 117.65955,-148.58818, 163.58187, 100.15320,-135.50996, 162.58334,  98.12646,-133.22483, 162.00165,  95.47102,-130.46754, 161.91983,  93.09193,-129.21480, 163.56198,  98.67161,-131.78136, 165.60823,  96.31630,-127.14839, 166.87441,  93.53720,-124.87705, 167.57183,  91.61038,-124.20033, 164.71985,  99.10510,-132.16613, 167.34278,  97.04290,-127.85468, 169.58368,  94.09657,-125.97187, 170.57724,  91.69759,-126.15436, 165.48465,  99.48038,-132.54515, 168.49193,  97.98222,-128.97970, 170.88497,  95.65529,-127.58116, 172.07349,  93.44871,-127.73475, 166.32234,  99.91621,-133.20251, 169.59066,  98.83751,-130.29942, 171.83750,  97.28073,-129.33683, 172.75572,  95.72154,-129.61677
   3.36673, 112.35210,  89.97799,-179.99866, 101.37568,  89.29123,-179.78276, 110.75434,  46.48492,-169.28304, 120.61400,   9.61679,-186.95799, 123.32851,  90.66475,-180.21456, 133.25652,  56.62805,-152.40230, 139.74644,  15.28723,-148.19596, 111.91618,  97.71138,-177.56164, 111.46185, 114.12553,-170.23704, 111.76917, 125.13799,-163.79896, 113.20697, 140.78074,-152.86386, 113.46394, 144.73635,-151.33102, 113.60542, 148.96577,-150.93789, 110.04114, 135.66132,-155.27611,  94.52937, 135.88841,-159.58232,  84.08025, 120.84397,-180.75968,  78.17241, 105.79259,-201.12027,  75.32351, 104.53155,-200.33284,  72.03576, 102.54962,-199.82775,  70.35633, 100.51626,-199.29765,  74.39994, 104.67292,-201.90304,  70.24818, 101.91658,-204.42584,  67.95868,  98.99142,-205.25487,  67.14880,  96.99325,-205.34623,  75.20551, 104.53653,-202.90758,  71.59143, 101.77457,-205.91276,  69.93012,  98.25307,-207.35724,  69.91185,  95.65495,-207.19900,  75.87185, 104.51956,-203.55957,  73.18577, 102.05615,-206.83328,  72.14898,  98.99840,-208.46803,  72.20409,  96.48968,-208.55978,  76.83161, 104.51008,-204.19405,  74.92779, 102.27366,-207.60687,  74.40937,  99.94779,-209.25610,  74.63168,  98.13160,-209.32401, 115.50141, 136.41971,-157.07895, 131.36703, 134.57212,-159.09849, 148.56937, 116.68293,-146.13484, 161.91079,  99.51004,-131.88358, 160.78922,  97.56825,-129.58182, 160.05547,  95.00731,-126.77191, 159.88763,  92.66944,-125.45194, 161.71468,  98.14509,-128.11577, 163.53261,  95.90804,-123.33144, 164.66338,  93.18441,-120.92544, 165.30445,  91.27058,-120.16173, 162.89362,  98.55135,-128.46457, 165.30524,  96.58978,-123.98601, 167.42356,  93.67431,-121.92199, 168.38945,  91.25810,-121.98953, 163.67881,  98.90472,-128.82236, 166.51349,  97.47876,-125.08981, 168.81279,  95.16535,-123.52186, 169.97501,  92.93980,-123.55821, 164.54926,  99.30903,-129.45689, 167.67827,  98.27838,-126.38761, 169.86065,  96.72308,-125.28459, 170.76734,  95.14416,-125.47815
   3.38340, 112.28367,  89.39518,-179.73869, 101.30126,  88.77586,-179.79543, 111.29937,  46.12770,-169.22398, 121.91787,   9.68385,-187.33387, 123.26607,  90.01450,-179.68195, 132.62287,  56.52707,-151.01793, 138.54389,  15.14849,-146.36710, 111.83607,  97.10176,-177.22023, 111.32774, 113.43216,-169.71423, 111.58924, 124.36720,-163.14353, 112.97345, 139.86868,-152.00227, 113.22560, 143.80987,-150.43193, 113.37136, 148.03716,-150.01812, 109.80140, 134.81349,-154.53863,  94.38429, 135.25690,-159.15664,  83.95624, 120.75046,-180.71630,  78.03021, 106.19669,-201.43030,  75.16243, 104.96309,-200.66834,  71.85019, 103.01446,-200.19473,  70.14539, 100.99709,-199.68480,  74.25175, 105.12048,-202.24453,  70.08911, 102.41860,-204.80799,  67.77459,  99.52136,-205.66508,  66.94413,  97.53233,-205.77023,  75.06303, 104.97943,-203.24381,  71.44145, 102.26807,-206.28581,  69.75313,  98.77022,-207.75622,  69.70602,  96.17184,-207.60851,  75.73383, 104.95790,-203.89108,  73.04528, 102.53620,-207.19377,  71.98776,  99.49614,-208.84811,  72.01677,  96.98735,-208.94949,  76.69798, 104.94064,-204.51871,  74.79505, 102.73811,-207.95398,  74.26375, 100.42440,-209.61618,  74.46717,  98.60622,-209.68975, 115.30659, 135.52904,-156.21819, 131.18316, 133.46690,-157.91877, 147.41915, 115.61295,-143.71915, 159.79814,  98.76941,-128.25772, 158.54816,  96.91093,-125.95334, 157.65342,  94.44051,-123.10925, 157.38839,  92.14263,-121.73608, 159.42437,  97.51076,-124.46641, 161.00516,  95.37226,-119.55449, 161.98634,  92.69519,-117.03334, 162.55987,  90.79168,-116.19389, 160.62388,  97.88642,-124.77733, 162.81531,  96.00443,-120.15381, 164.79324,  93.10881,-117.92882, 165.71538,  90.67489,-117.89313, 161.42939,  98.21597,-125.11192, 164.08368,  96.84158,-121.23036, 166.27380,  94.53104,-119.50932, 167.39439,  92.28504,-119.43948, 162.33221,  98.58742,-125.72079, 165.31477,  97.58493,-122.50010, 167.42113,  96.02158,-121.26821, 168.30499,  94.42214,-121.38287
   3.40007, 112.20953,  88.82381,-179.43309, 101.22756,  88.26986,-179.73208, 111.79139,  45.75157,-169.18771, 123.18025,   9.71549,-187.64226, 123.19151,  89.37775,-179.13410, 131.88795,  56.49074,-149.58075, 137.28157,  15.05374,-144.81011, 111.75152,  96.50603,-176.84309, 111.19300, 112.76437,-169.18576, 111.40964, 123.63572,-162.50859, 112.73580, 139.02378,-151.20424, 112.98410, 142.95237,-149.60206, 113.13729, 147.17727,-149.16696, 109.56277, 134.02278,-153.84467,  94.25927, 134.73380,-158.79517,  83.82521, 120.74708,-180.69270,  77.87407, 106.62046,-201.69324,  74.99267, 105.40535,-200.95324,  71.66251, 103.48065,-200.50830,  69.93900, 101.47399,-200.01951,  74.09118, 105.57996,-202.53291,  69.91978, 102.92790,-205.13387,  67.58631, 100.05488,-206.02061,  66.74038,  98.07332,-206.14237,  74.90628, 105.43860,-203.52903,  71.27823, 102.77567,-206.60591,  69.56916,  99.30085,-208.10661,  69.50039,  96.70207,-207.97549,  75.58012, 105.41569,-204.17309,  72.88869, 103.03649,-207.50420,  71.81499, 100.01548,-209.18285,  71.82431,  97.50723,-209.29987,  76.54722, 105.39456,-204.79603,  74.64380, 103.22899,-208.25447,  74.10220, 100.93009,-209.93379,  74.29133,  99.11082,-210.01779, 115.10509, 134.69869,-155.41494, 130.98073, 132.38872,-156.77071, 145.97985, 114.52551,-141.28096, 157.40238,  97.93316,-124.84259, 156.00168,  96.16719,-122.55219, 154.91544,  93.79495,-119.69126, 154.52896,  91.54103,-118.27471, 156.82517,  96.78370,-121.04213, 158.12637,  94.73565,-116.01109, 158.92270,  92.10181,-113.38157, 159.40801,  90.20721,-112.46946, 158.04687,  97.12117,-121.30706, 159.97757,  95.30674,-116.54247, 161.77699,  92.42196,-114.15760, 162.63291,  89.96763,-114.01894, 158.87497,  97.42173,-121.61253, 161.31461,  96.08367,-117.58037, 163.36391,  93.76515,-115.70365, 164.42137,  91.49458,-115.52649, 159.81373,  97.75458,-122.18850, 162.62071,  96.76274,-118.81055, 164.62790,  95.18023,-117.44481, 165.47410,  93.55685,-117.47890
   3.41674, 112.10365,  88.26092,-179.06993, 101.12576,  87.76043,-179.55512, 112.28178,  45.37143,-169.10047, 124.49700,   9.78023,-187.88691, 123.08154,  88.76141,-178.58474, 131.16302,  56.37713,-148.31046, 136.03552,  14.85445,-143.72783, 111.63738,  95.92376,-176.42458, 111.03789, 112.12404,-168.64823, 111.21553, 122.94305,-161.88546, 112.48867, 138.23755,-150.44880, 112.73454, 142.15497,-148.81912, 112.89695, 146.37732,-148.36314, 109.31469, 133.28726,-153.18201,  94.11830, 134.24836,-158.41230,  83.66086, 120.83601,-180.65529,  77.68141, 107.13486,-201.92792,  74.78485, 105.93929,-201.21580,  71.43531, 104.04037,-200.80709,  69.69132, 102.04513,-200.34491,  73.89512, 106.13393,-202.79979,  69.71773, 103.53852,-205.44785,  67.36517, 100.69291,-206.37176,  66.50288,  98.71982,-206.51430,  74.71538, 105.99315,-203.79175,  71.08428, 103.38579,-206.91232,  69.35482,  99.93770,-208.45084,  69.26265,  97.33868,-208.34034,  75.39313, 105.96932,-204.43165,  72.70270, 103.63946,-207.79826,  71.61368, 100.64097,-209.50713,  71.60197,  98.13371,-209.64356,  76.36402, 105.94455,-205.04855,  74.46423, 103.82241,-208.53578,  73.91354, 101.54134,-210.23633,  74.08740,  99.72119,-210.33324, 114.89104, 133.91845,-154.64689, 130.75514, 131.38601,-155.70858, 144.52422, 113.47386,-139.16871, 154.74568,  97.09689,-121.75272, 153.20648,  95.41177,-119.49047, 151.94199,  93.12332,-116.63452, 151.43813,  90.90750,-115.19495, 153.98436,  96.03512,-117.95918, 155.02527,  94.04958,-112.84321, 155.64349,  91.44619,-110.13659, 156.04045,  89.55721,-109.17162, 155.22440,  96.33554,-118.17979, 156.91113,  94.56203,-113.30837, 158.53443,  91.67706,-110.80054, 159.31790,  89.20431,-110.58304, 156.07196,  96.60856,-118.45638, 158.30948,  95.28403,-114.30430, 160.21814,  92.94887,-112.30399, 161.20627,  90.65526,-112.04305, 157.04187,  96.90584,-118.99923, 159.68209,  95.90538,-115.49184, 161.58913,  94.29725,-114.01689, 162.39217,  92.65201,-113.98722
   3.43340, 111.76936,  87.81206,-178.69847, 100.80767,  87.38684,-179.51122, 112.43159,  45.09420,-169.17675, 125.55166,   9.99837,-188.28230, 122.73105,  88.23728,-177.88573, 130.19020,  56.25847,-147.02636, 134.44743,  14.61787,-142.92607, 111.27046,  95.44025,-175.96057, 110.57898, 111.55480,-168.01553, 110.69762, 122.31010,-161.15062, 111.92901, 137.49812,-149.56842, 112.17597, 141.40287,-147.90878, 112.35209, 145.62220,-147.43053, 108.75051, 132.60760,-152.40214,  93.66465, 133.83732,-157.88980,  83.17220, 120.92569,-180.41087,  77.14946, 107.71632,-201.98027,  74.23539, 106.54233,-201.30460,  70.86424, 104.67233,-200.94293,  69.09711, 102.68989,-200.51484,  73.36145, 106.76056,-202.89429,  69.18247, 104.23102,-205.60292,  66.81072, 101.41728,-206.57415,  65.93070,  99.45411,-206.74290,  74.18893, 106.62115,-203.88042,  70.56022, 104.07882,-207.05691,  68.81106, 100.66239,-208.64306,  68.69285,  98.06346,-208.55810,  74.87199, 106.59677,-204.51465,  72.18869, 104.32506,-207.92639,  71.08573, 101.35357,-209.67306,  71.05102,  98.84794,-209.83344,  75.84793, 106.56837,-205.12335,  73.95827, 104.49780,-208.64689,  73.40046, 102.23834,-210.37377,  73.55759, 100.41758,-210.48649, 114.36121, 133.18378,-153.75421, 130.20413, 130.42534,-154.53079, 142.61142, 112.40826,-137.05384, 151.47130,  96.14748,-118.80310, 149.78310,  94.53115,-116.59765, 148.32470,  92.30951,-113.78166, 147.69100,  90.12394,-112.34716, 150.51047,  95.14631,-115.03847, 151.26271,  93.18153,-109.86423, 151.68148,  90.58788,-107.11046, 151.97823,  88.69761,-106.11256, 151.76755,  95.40767,-115.20593, 153.18192,  93.63328,-110.24889, 154.60472,  90.72645,-107.64632, 155.30313,  88.23386,-107.37281, 152.63439,  95.65273,-115.44664, 154.64424,  94.30366,-111.18739, 156.39106,  91.93291,-109.08375, 157.29729,  89.61374,-108.75922, 153.63598,  95.91577,-115.94806, 156.08634,  94.87231,-112.31759, 157.87675,  93.22308,-110.74505, 158.62792,  91.55516,-110.66539
   3.45007, 111.31094,  87.37615,-178.23227, 100.37084,  87.00626,-179.31736, 112.40318,  44.78068,-169.17800, 126.28869,  10.11309,-188.52293, 122.25103,  87.74604,-177.14718, 129.00223,  56.07936,-145.80668, 132.66897,  14.32309,-142.36511, 110.77497,  94.97424,-175.41868, 109.99381, 111.01545,-167.33476, 110.06282, 121.71621,-160.38447, 111.27485, 136.81054,-148.67842, 111.52812, 140.70388,-146.99311, 111.72287, 144.92015,-146.49552, 108.08863, 131.97524,-151.59695,  93.12495, 133.49554,-157.34038,  82.59561, 121.09217,-180.12831,  76.54437, 108.33537,-201.96054,  73.61357, 107.18336,-201.32037,  70.22188, 105.34247,-201.00422,  68.43244, 103.37330,-200.60880,  72.75561, 107.42369,-202.91557,  68.57669, 104.95768,-205.68224,  66.18702, 102.17519,-206.69854,  65.29001, 100.22202,-206.89209,  73.59030, 107.28499,-203.89571,  69.96556, 104.80500,-207.12557,  68.19810, 101.41928,-208.75665,  68.05460,  98.82096,-208.69550,  74.27860, 107.25961,-204.52421,  71.60380, 105.04327,-207.97876,  70.48809, 102.09769,-209.76088,  70.43111,  99.59399,-209.94351,  75.25950, 107.22720,-205.12468,  73.38114, 105.20541,-208.68243,  72.81708, 102.96644,-210.43379,  72.95798, 101.14532,-210.56111, 113.72650, 132.49776,-152.85446, 129.53634, 129.48998,-153.31525, 140.50820, 111.38351,-134.99111, 148.03716,  95.17011,-116.11149, 146.17704,  93.62142,-113.99770, 144.49220,  91.46206,-111.26076, 143.70620,  89.30507,-109.85873, 146.84015,  94.21669,-112.40257, 147.24299,  92.24598,-107.19171, 147.42184,  89.64948,-104.41469, 147.59824,  87.75373,-103.39882, 148.11279,  94.43366,-112.50225, 149.19475,  92.62946,-107.47280, 150.37280,  89.68459,-104.79188, 150.96816,  87.17028,-104.47655, 148.99937,  94.64762,-112.69615, 150.72808,  93.24526,-108.33202, 152.27510,  90.82306,-106.13274, 153.08113,  88.47505,-105.75552, 150.03512,  94.87391,-113.14314, 152.24804,  93.75938,-109.38358, 153.89237,  92.05481,-107.71355, 154.57957,  90.36213,-107.59039
   3.46674, 110.65089,  87.26827,-177.66431,  99.73842,  86.95070,-179.01232, 112.27178,  44.76841,-169.30905, 126.75779,  10.38248,-188.71622, 121.56336,  87.58585,-176.31629, 127.69904,  56.05721,-144.71119, 130.65482,  14.17943,-142.18338, 110.07279,  94.83141,-174.76618, 109.20083, 110.79354,-166.53632, 109.22815, 121.44030,-159.50330, 110.44764, 136.44531,-147.68374, 110.71076, 140.32799,-145.97550, 110.92472, 144.54139,-145.46175, 107.24742, 131.66667,-150.67927,  92.38917, 133.44195,-156.61987,  81.83327, 121.60041,-179.69260,  75.75945, 109.31456,-201.78709,  72.81299, 108.18295,-201.18342,  69.40221, 106.37002,-200.91467,  67.59171, 104.41337,-200.55448,  71.97085, 108.44729,-202.78325,  67.79347, 106.04778,-205.61006,  65.38744, 103.29771,-206.67484,  64.47446, 101.35488,-206.89589,  72.81257, 108.31092,-203.75769,  69.19313, 105.89707,-207.04313,  67.40904, 102.54438,-208.72357,  67.24151,  99.94699,-208.69021,  73.50593, 108.28563,-204.38060,  70.84066, 106.12900,-207.88003,  69.71353, 103.21199,-209.70150,  69.63544, 100.71089,-209.91020,  74.49157, 108.25035,-204.97310,  72.62532, 106.28202,-208.56701,  72.05594, 104.06619,-210.34587,  72.18143, 102.24524,-210.49062, 112.90878, 132.13001,-151.85159, 128.68048, 128.90070,-152.03854, 138.11951, 110.63981,-133.02684, 144.17723,  94.38465,-113.66002, 142.16148,  92.88723,-111.65477, 140.26891,  90.77139,-109.02156, 139.34331,  88.63478,-107.67461, 142.75878,  93.45475,-110.02392, 142.82677,  91.45130,-104.81042, 142.77859,  88.83928,-102.04263, 142.84197,  86.93481,-101.02972, 144.04108,  93.63166,-110.05597, 144.80164,  91.77382,-104.98733, 145.74486,  88.78230,-102.26547, 146.24354,  86.24913,-101.93383, 144.94287,  93.81816,-110.20223, 146.39636,  92.34413,-105.76205, 147.74945,  89.86526,-103.49898, 148.46042,  87.49137,-103.09363, 146.00716,  94.01329,-110.59339, 147.98458,  92.81403,-106.73010, 149.48502,  91.05146,-104.98642, 150.11126,  89.33736,-104.83726
   3.48340, 109.77582,  87.35762,-177.03696,  98.90043,  87.11448,-178.67000, 111.95819,  44.96795,-169.51854, 127.15550,  10.93614,-189.00580, 120.65121,  87.60076,-175.40392, 126.15413,  55.98983,-143.76453, 128.26056,  14.00615,-142.41952, 109.15566,  94.87318,-174.02594, 108.20134, 110.74086,-165.62438, 108.19938, 121.33522,-158.51262, 109.45816, 136.26598,-146.60348, 109.73583, 140.13892,-144.87557, 109.97108, 144.34920,-144.34576, 106.23460, 131.54797,-149.66926,  91.46967, 133.55759,-155.76584,  80.90774, 122.16818,-179.06235,  74.84356, 110.40693,-201.44311,  71.88237, 109.29508,-200.87597,  68.45346, 107.51005,-200.65531,  66.62271, 105.56581,-200.33226,  71.05546, 109.58552,-202.47921,  66.87955, 107.25674,-205.36671,  64.45763, 104.54103,-206.48242,  63.52910, 102.60922,-206.73330,  71.90370, 109.45283,-203.44850,  68.28924, 107.10998,-206.79033,  66.48874, 103.79323,-208.52375,  66.29773, 101.19724,-208.52196,  72.60177, 109.42849,-204.06616,  69.94543, 107.33669,-207.61143,  68.80687, 104.45126,-209.47559,  68.70809, 101.95356,-209.71402,  73.59177, 109.39117,-204.65122,  71.73683, 107.48152,-208.28246,  71.16191, 105.29167,-210.09144,  71.27226, 103.47145,-210.25639, 111.91883, 131.93504,-150.75536, 127.64374, 128.48070,-150.68613, 135.45122, 109.95948,-131.19235, 139.72819,  93.60676,-111.43644, 137.55756,  92.16001,-109.55978, 135.45512,  90.08539,-107.05617, 134.38713,  87.96908,-105.78467, 138.08351,  92.69231,-107.89288, 137.80064,  90.64063,-102.70543, 137.51504,  88.00679, -99.97287, 137.45993,  86.09219, -98.97876, 139.37081,  92.82621,-107.85346, 139.79182,  90.89804,-102.77153, 140.48553,  87.85195,-100.03520, 140.88116,  85.30052, -99.70456, 140.28492,  92.98355,-107.94859, 141.44444,  91.42129,-103.45242, 142.58920,  88.87788,-101.14640, 143.19794,  86.47782,-100.72893, 141.37484,  93.14625,-108.27935, 143.09779,  91.84616,-104.32781, 144.44167,  90.01835,-102.52461, 145.00168,  88.28285,-102.36036
   3.50007, 108.69935,  87.69599,-176.35521,  97.86866,  87.53190,-178.27074, 111.37158,  45.36934,-169.86993, 127.17389,  11.51776,-189.18915, 119.53004,  87.86009,-174.43968, 124.32478,  56.00956,-142.92557, 125.62928,  13.97217,-142.74839, 108.03408,  95.16228,-173.23329, 107.00552, 110.93865,-164.67008, 106.99602, 121.48684,-157.49002, 108.35508, 136.35205,-145.51012, 108.65550, 140.21608,-143.76611, 108.91365, 144.42326,-143.22252, 105.09253, 131.69661,-148.62984,  90.43069, 133.98450,-154.87530,  79.89797, 123.03114,-178.39308,  73.85699, 111.72359,-201.01267,  70.88588, 110.62581,-200.47052,  67.44444, 108.86120,-200.28344,  65.59956, 106.92600,-199.98765,  70.06883, 110.93665,-202.07499,  65.89230, 108.66231,-205.00466,  63.45840, 105.97302,-206.15770,  62.51864, 104.04975,-206.43128,  70.92099, 110.80752,-203.04131,  67.30805, 108.51970,-206.42268,  65.49473, 105.23115,-208.19600,  65.28690, 102.63656,-208.21956,  71.62194, 110.78441,-203.65575,  68.96972, 108.74329,-207.23349,  67.82176, 105.88294,-209.13025,  67.70799, 103.38827,-209.39263,  72.61457, 110.74612,-204.23628,  70.76533, 108.88271,-207.89435,  70.18522, 106.71370,-209.72663,  70.28459, 104.89443,-209.90814, 110.79396, 131.99827,-149.65095, 126.45691, 128.28705,-149.32077, 132.34239, 109.39990,-129.50571, 134.92492,  92.93253,-109.55185, 132.58280,  91.54869,-107.84129, 130.24357,  89.52566,-105.51154, 129.01293,  87.43657,-104.34651, 133.02197,  92.03477,-106.13561, 132.32652,  89.92128,-101.01227, 131.76203,  87.26193, -98.34866, 131.56716,  85.33695, -97.39291, 134.30843,  92.11532,-106.01253, 134.32654,  90.09796,-100.94784, 134.72188,  86.98664, -98.22557, 134.99347,  84.41664, -97.91421, 135.23230,  92.23650,-106.04694, 136.03885,  90.56302,-101.51377, 136.93152,  87.94170, -99.18375, 137.41610,  85.51295, -98.76968, 136.34675,  92.35927,-106.30524, 137.76040,  90.93257,-102.27541, 138.91230,  89.02534,-100.42230, 139.39098,  87.26618,-100.25263
   3.51674, 107.58350,  88.12985,-175.57866,  96.78058,  88.05546,-177.65026, 110.87802,  45.86803,-170.43451, 127.12337,  11.95317,-189.26922, 118.38641,  88.20423,-173.50706, 122.56077,  55.99689,-142.26853, 123.03555,  13.95372,-143.27918, 106.91114,  95.54505,-172.33874, 105.89282, 111.23052,-163.60893, 105.92210, 121.73636,-156.36711, 107.41330, 136.55136,-144.34082, 107.74298, 140.40595,-142.58129, 108.02941, 144.60858,-142.01709, 104.10517, 131.95202,-147.49555,  89.53086, 134.49118,-153.84789,  79.07710, 123.96508,-177.59489,  73.11376, 113.06097,-200.43212,  70.12398, 111.99192,-199.93723,  66.65837, 110.26945,-199.81460,  64.78596, 108.35325,-199.57306,  69.32516, 112.34514,-201.54211,  65.14531, 110.18435,-204.55190,  62.68687, 107.55066,-205.77886,  61.72462, 105.64572,-206.09859,  70.18402, 112.22392,-202.50351,  66.57147, 110.05115,-205.96035,  64.73120, 106.82245,-207.81407,  64.48987, 104.23180,-207.89095,  70.88998, 112.20373,-203.11229,  68.24297, 110.26881,-206.75236,  67.07462, 107.46186,-208.71531,  66.93074, 104.97459,-209.02817,  71.88709, 112.16384,-203.68499,  70.04597, 110.39760,-207.39499,  69.45383, 108.27304,-209.27490,  69.53113, 106.45656,-209.49167, 109.81768, 132.17191,-148.47475, 125.41687, 128.22429,-147.93474, 129.51897, 108.95838,-128.03505, 130.26828,  92.31536,-108.07388, 127.77828,  91.00172,-106.52443, 125.22996,  89.03932,-104.36863, 123.85148,  86.98411,-103.31412, 128.13840,  91.44135,-104.78789, 127.06643,  89.27506, -99.75231, 126.24375,  86.59818, -97.17488, 125.91709,  84.66756, -96.26771, 129.41792,  91.46666,-104.59088, 129.06498,  89.36789, -99.57174, 129.17821,  86.19888, -96.88996, 129.32770,  83.61511, -96.61173, 130.34638,  91.55012,-104.57078, 130.82421,  89.77098,-100.03129, 131.47574,  87.07735, -97.70384, 131.83752,  84.62421, -97.30841, 131.47782,  91.63094,-104.76339, 132.60000,  90.08148,-100.68745, 133.56619,  88.09829, -98.80812, 133.96307,  86.31833, -98.64451
   3.53340, 106.29213,  88.82668,-174.81499,  95.51122,  88.88164,-176.99879, 110.16627,  46.66891,-171.17653, 126.88777,  12.62726,-189.35434, 117.07304,  88.77173,-172.63118, 120.68630,  56.06533,-141.84450, 120.23298,  14.07168,-144.12550, 105.64864,  96.18990,-171.45295, 104.71954, 111.78078,-162.54554, 104.84006, 122.23802,-155.23466, 106.53120, 136.98730,-143.15415, 106.90114, 140.82940,-141.37543, 107.22160, 145.02592,-140.78464, 103.15903, 132.45456,-146.33734,  88.66853, 135.25747,-152.77001,  78.28950, 125.01427,-176.67299,  72.46671, 114.51168,-199.73358,  69.45494, 113.47996,-199.29619,  65.96131, 111.81116,-199.25109,  64.05614, 109.92037,-199.07398,  68.68014, 113.88222,-200.90131,  64.50112, 111.85766,-204.00549,  62.01540, 109.29233,-205.31923,  61.02680, 107.41084,-205.69293,  69.54786, 113.76898,-201.85570,  65.94095, 111.73343,-205.40081,  64.07098, 108.57755,-207.34786,  63.78953, 105.99352,-207.48647,  70.26030, 113.75121,-202.45696,  67.62459, 111.94203,-206.16918,  66.43435, 109.19939,-208.20840,  66.25465, 106.72247,-208.57948,  71.26311, 113.70825,-203.01939,  69.43661, 112.05628,-206.78879,  68.83232, 109.98463,-208.72308,  68.88331, 108.17251,-208.98037, 108.87844, 132.58108,-147.29248, 124.40796, 128.39389,-146.57729, 126.43494, 108.65973,-126.81738, 125.03283,  91.80933,-107.06648, 122.39749,  90.58332,-105.69593, 119.63788,  88.69749,-103.74129, 118.10358,  86.68799,-102.82264, 122.67807,  90.96155,-103.93050, 121.21541,  88.72778, -99.02440, 120.11790,  86.03239, -96.57164, 119.64693,  84.09862, -95.73756, 123.94389,  90.91836,-103.66132, 123.20244,  88.71665, -98.72940, 123.00847,  85.48079, -96.13345, 123.01693,  82.88671, -95.91826, 124.87260,  90.95503,-103.58684, 125.00255,  89.04298, -99.07820, 125.38864,  86.26374, -96.79261, 125.60837,  83.78665, -96.44495, 126.01582,  90.98423,-103.71332, 126.82600,  89.28089, -99.62484, 127.58587,  87.20640, -97.74934, 127.88639,  85.40542, -97.61259
   3.55007, 104.91087,  89.38129,-174.01405,  94.14023,  89.57925,-176.23984, 109.21929,  47.29608,-172.32330, 126.34199,  13.09036,-189.80635, 115.68151,  89.18333,-171.78827, 118.71783,  55.79007,-141.68421, 117.47213,  13.88377,-145.02872, 104.32817,  96.69910,-170.54351, 103.55318, 112.20699,-161.47792, 103.80074, 122.62001,-154.10735, 105.71987, 137.30827,-141.98664, 106.13463, 141.13756,-140.19027, 106.49132, 145.32717,-139.57180, 102.27800, 132.83680,-145.18187,  87.87563, 135.92579,-151.68109,  77.68423, 125.92234,-175.76566,  72.05372, 115.72999,-199.01245,  69.02279, 114.73256,-198.63143,  65.50577, 113.11329,-198.66148,  63.57227, 111.24666,-198.54596,  68.27269, 115.17917,-200.23654,  64.10250, 113.27960,-203.43031,  61.59662, 110.77797,-204.82604,  60.58615, 108.91900,-205.25046,  69.14992, 115.07342,-201.18307,  65.55677, 113.16388,-204.81130,  63.66571, 110.07626,-206.84548,  63.34963, 107.49996,-207.04149,  69.86907, 115.05799,-201.77635,  67.25212, 113.36433,-205.55573,  66.04757, 110.68202,-207.66558,  65.83746, 108.21619,-208.09058,  70.87773, 115.01242,-202.32800,  69.07274, 113.46554,-206.15195,  68.46223, 111.44344,-208.13609,  68.49077, 109.63653,-208.43074, 107.99862, 132.87777,-146.13730, 123.45024, 128.44051,-145.26078, 123.28845, 108.16796,-125.94764, 119.90003,  91.15323,-106.58227, 117.11743,  90.04555,-105.41747, 114.13589,  88.26640,-103.70358, 112.43048,  86.32480,-102.95666, 117.31284,  90.34134,-103.62503, 115.42376,  88.02721, -98.90537, 114.01929,  85.31868, -96.63008, 113.38301,  83.38921, -95.90258, 118.55513,  90.20938,-103.28453, 117.38499,  87.88122, -98.49584, 116.83951,  84.57195, -96.04663, 116.67862,  81.97633, -95.93488, 119.47814,  90.18521,-103.15468, 119.21931,  88.10679, -98.72593, 119.29809,  85.22792, -96.53434, 119.34671,  82.73098, -96.27348, 120.62660,  90.14744,-103.21311, 121.08353,  88.24987, -99.15554, 121.60203,  86.06540, -97.32315, 121.78465,  84.24539, -97.24103
   3.56674, 103.45232,  89.89070,-173.11752,  92.67687,  90.26427,-175.29702, 107.99957,  47.90742,-173.99477, 125.22993,  13.22487,-190.39936, 114.22776,  89.51713,-170.93803, 116.77639,  55.42400,-141.58251, 114.77031,  13.63239,-145.86178, 102.98395,  97.17188,-169.55389, 102.46668, 112.60185,-160.33821, 102.89627, 122.96097,-152.90035, 105.08538, 137.56298,-140.72133, 105.54952, 141.37735,-138.90539, 105.94096, 145.55991,-138.26078, 101.56391, 133.15727,-143.92116,  87.23803, 136.49304,-150.46728,  77.33097, 126.75775,-174.77930,  72.00474, 116.84765,-198.21903,  68.95753, 115.88169,-197.89045,  65.42122, 114.30783,-197.98988,  63.46349, 112.46395,-197.93083,  68.23129, 116.36750,-199.49515,  64.07431, 114.58047,-202.77006,  61.55353, 112.13707,-204.24015,  60.52492, 110.29922,-204.71050,  69.11782, 116.26829,-200.43369,  65.54260, 114.47206,-204.13673,  63.63652, 111.44692,-206.24926,  63.29069, 108.87892,-206.49698,  69.84341, 116.25480,-201.01913,  67.24864, 114.66488,-204.85840,  66.03486, 112.03769,-207.03136,  65.79897, 109.58303,-207.50478,  70.85761, 116.20674,-201.56030,  69.07703, 114.75414,-205.43236,  68.46398, 112.77715,-207.46068,  68.47341, 110.97581,-207.78878, 107.28012, 133.11899,-144.90272, 122.66001, 128.46322,-143.90637, 120.48031, 107.72210,-125.22336, 115.03593,  90.55234,-106.47348, 112.13659,  89.56528,-105.50081, 108.97132,  87.89785,-104.01988, 107.12032,  86.03213,-103.44633, 112.25319,  89.77528,-103.68951, 109.98688,  87.38623, -99.17783, 108.31086,  84.67508, -97.09785, 107.52745,  82.75868, -96.48904, 113.46606,  89.55586,-103.29272, 111.91202,  87.10724, -98.67641, 111.04876,  83.73874, -96.40586, 110.73383,  81.15488, -96.41667, 114.37798,  89.47156,-103.11753, 113.76587,  87.23259, -98.80325, 113.56327,  84.26680, -96.73922, 113.45495,  81.76280, -96.58631, 115.52387,  89.36800,-103.11938, 115.65540,  87.28206, -99.13127, 115.95000,  84.99742, -97.37285, 116.02351,  83.16793, -97.36172
   3.58341, 101.93250,  90.23087,-172.11940,  91.15485,  90.77952,-174.25039, 106.63370,  48.48647,-175.76271, 123.75588,  13.13581,-190.79725, 112.71016,  89.68223,-169.98841, 114.83268,  54.76998,-141.57690, 111.97820,  13.14580,-146.88301, 101.57832,  97.47271,-168.46361, 101.31949, 112.82516,-159.10864, 101.93177, 123.13605,-151.61675, 104.39081, 137.66687,-139.40414, 104.90186, 141.46651,-137.57000, 105.32346, 145.64123,-136.89441, 100.79106, 133.31958,-142.59678,  86.53398, 136.86382,-149.18344,  76.94561, 127.30014,-173.69057,  72.06319, 117.72367,-197.36446,  69.00194, 116.77686,-197.12184,  65.45565, 115.23666,-197.33153,  63.48200, 113.40904,-197.35661,  68.31334, 117.30659,-198.72923,  64.21096, 115.63337,-202.13069,  61.70136, 113.24730,-203.70999,  60.66769, 111.43006,-204.24489,  69.21839, 117.22175,-199.65135,  65.70649, 115.54434,-203.46894,  63.82002, 112.58646,-205.69146,  63.45832, 110.02810,-206.00704,  69.95589, 117.21570,-200.22184,  67.42873, 115.73919,-204.15046,  66.23893, 113.17451,-206.40966,  65.99276, 110.73382,-206.94587,  70.98073, 117.17155,-200.74294,  69.26935, 115.82598,-204.68428,  68.68248, 113.90266,-206.77109,  68.68392, 112.10952,-207.14151, 106.50023, 133.20759,-143.61308, 121.79894, 128.31123,-142.52448, 117.55121, 107.08962,-124.75934, 109.74549,  89.84828,-106.93220, 106.74610,  88.99441,-106.15689, 103.41500,  87.45407,-104.92258, 101.43041,  85.67937,-104.53793, 106.77895,  89.10984,-104.33368, 104.14178,  86.64994,-100.06833, 102.20267,  83.94948, -98.21549, 101.27753,  82.05745, -97.74504, 107.95427,  88.79809,-103.88863, 106.01815,  86.23033, -99.48644, 104.84078,  82.81579, -97.43654, 104.37638,  80.25945, -97.59481, 108.84918,  88.65002,-103.67273, 107.88027,  86.24832, -99.51415, 107.39595,  83.20488, -97.61676, 107.13354,  80.70771, -97.59737, 109.98555,  88.47697,-103.62273, 109.78414,  86.19812, -99.74462, 109.85143,  83.81810, -98.09253, 109.81719,  81.98911, -98.17108
   3.60007, 100.40153,  90.45664,-171.01361,  89.61603,  91.22988,-173.03226, 104.82022,  49.07038,-177.72191, 121.79616,  13.16849,-191.56920, 111.18704,  89.68341,-168.99496, 112.90681,  53.91412,-141.64200, 109.29909,  12.47188,-147.83883, 100.21695,  97.65906,-167.26854, 100.31267, 112.93506,-157.78619, 101.14194, 123.20113,-150.25375, 103.85622, 137.68214,-138.03604, 104.40492, 141.46984,-136.18812, 104.84198, 145.63808,-135.48297, 100.18308, 133.38539,-141.21344,  86.01160, 137.15659,-147.85852,  76.79765, 127.76065,-172.57328,  72.39971, 118.50211,-196.46758,  69.33360, 117.55599,-196.29313,  65.79038, 116.02248,-196.58695,  63.81585, 114.19756,-196.67043,  68.67548, 118.10558,-197.90661,  64.63546, 116.47763,-201.40334,  62.15342, 114.11338,-203.05725,  61.12818, 112.30381,-203.63285,  69.59743, 118.03066,-198.81272,  66.15551, 116.40278,-202.71456,  64.30792, 113.47369,-205.00676,  63.94977, 110.91968,-205.35944,  70.34539, 118.03055,-199.36944,  67.89030, 116.60374,-203.36161,  66.74030, 114.06746,-205.67287,  66.50188, 111.63359,-206.24257,  71.37970, 117.99141,-199.87191,  69.74060, 116.69475,-203.86008,  69.19082, 114.79703,-205.98018,  69.19748, 113.00842,-206.37182, 105.88434, 133.20253,-142.26330, 121.07614, 128.00430,-141.08101, 114.52913, 106.37857,-124.54424, 104.61092,  89.19056,-107.74540, 101.51688,  88.49405,-107.22739,  98.01754,  87.11055,-106.31475,  95.90525,  85.45119,-106.17017, 101.42587,  88.50902,-105.40256,  98.34343,  86.00116,-101.47722,  96.11424,  83.33755, -99.92108,  95.04332,  81.48748, -99.62562, 102.54486,  88.09771,-104.89728, 100.14391,  85.42924,-100.79413,  98.61508,  81.99377, -99.03129,  98.00715,  79.48542, -99.36923, 103.41119,  87.88011,-104.62983, 102.00079,  85.32701,-100.69370, 101.19565,  82.22423, -99.01393, 100.77969,  79.75209, -99.15770, 104.52828,  87.63077,-104.51261, 103.90961,  85.16499,-100.79634, 103.71194,  82.70040, -99.28469, 103.57119,  80.88441, -99.47160
   3.61674,  98.92625,  90.59087,-169.78928,  88.13963,  91.59779,-171.69580, 102.79536,  49.75684,-179.76598, 119.49202,  13.43364,-192.83206, 109.71288,  89.58395,-167.88275, 111.09485,  53.10853,-141.45895, 106.70792,  11.89356,-148.59737,  98.91503,  97.74460,-165.94760,  99.36343, 112.94419,-156.35324, 100.39251, 123.18472,-148.81068, 103.30650, 137.67580,-136.65104, 103.88057, 141.45863,-134.80088, 104.32238, 145.62240,-134.07265,  99.57604, 133.40767,-139.80011,  85.49026, 137.37998,-146.50994,  76.75041, 128.23962,-171.49131,  72.92439, 119.36580,-195.62876,  69.85205, 118.42788,-195.54171,  66.31288, 116.90889,-195.94083,  64.33567, 115.09129,-196.09293,  69.23669, 118.99591,-197.16565,  65.28184, 117.41653,-200.78004,  62.83553, 115.07719,-202.52034,  61.81984, 113.27687,-203.14017,  70.18110, 118.92720,-198.04883,  66.83444, 117.35006,-202.05302,  65.03687, 114.45032,-204.42108,  64.68018, 111.90119,-204.80876,  70.94295, 118.93030,-198.58640,  68.58567, 117.55195,-202.65383,  67.48712, 115.04294,-205.01926,  67.25598, 112.61575,-205.61963,  71.98954, 118.89291,-199.06288,  70.44828, 117.64202,-203.10432,  69.94681, 115.76767,-205.25692,  69.95808, 113.98310,-205.66652, 105.27091, 133.16146,-140.87144, 120.35515, 127.67730,-139.60662, 111.78768, 105.82213,-124.34391,  99.76076,  88.85009,-108.74574,  96.60542,  88.30113,-108.48304,  92.98222,  87.07105,-107.88996,  90.78263,  85.52502,-107.97767,  96.38187,  88.23743,-106.67072,  92.89549,  85.72499,-103.10255,  90.42451,  83.11900,-101.84211,  89.24125,  81.31878,-101.71534,  97.43825,  87.74272,-106.10863,  94.60935,  85.02459,-102.32309,  92.78115,  81.60087,-100.84552,  92.07164,  79.14772,-101.34972,  98.27034,  87.46597,-105.79172,  96.44619,  84.81630,-102.09681,  95.36193,  81.68858,-100.63430,  94.83126,  79.25213,-100.92969,  99.36156,  87.15069,-105.60832,  98.34656,  84.55482,-102.07212,  97.91241,  82.03809,-100.70247,  97.69270,  80.24301,-100.98880
   3.63341,  97.48389,  90.65572,-168.54858,  86.70799,  91.92906,-170.35374, 100.80492,  50.52194,-181.18473, 117.26146,  14.10207,-194.28629, 108.25979,  89.38238,-166.74342, 109.30581,  52.36421,-141.06962, 104.01790,  11.45868,-149.29468,  97.66111,  97.75005,-164.60226,  98.48305, 112.86141,-154.89392,  99.71129, 123.07848,-147.34936, 102.79602, 137.60042,-135.26891, 103.39032, 141.38098,-133.42048, 103.83384, 145.54091,-132.67167,  99.01633, 133.35417,-138.38873,  85.05513, 137.55861,-145.21646,  76.72041, 128.65094,-170.41935,  73.57941, 120.27163,-194.83085,  70.49483, 119.37103,-194.86003,  66.95341, 117.90089,-195.39801,  64.96087, 116.10991,-195.63940,  69.94239, 119.96551,-196.49707,  66.09506, 118.47755,-200.26312,  63.68189, 116.18919,-202.11398,  62.66647, 114.40897,-202.78976,  70.91563, 119.89534,-197.34825,  67.68947, 118.40659,-201.48307,  65.93941, 115.55716,-203.94587,  65.56559, 113.01733,-204.37619,  71.69543, 119.89522,-197.85943,  69.46257, 118.59367,-202.02128,  68.41567, 116.12619,-204.45288,  68.17608, 113.70921,-205.08999,  72.75722, 119.85037,-198.30032,  71.34048, 118.66582,-202.40680,  70.89060, 116.82300,-204.59769,  70.89444, 115.04331,-205.02813, 104.70617, 133.04550,-139.47057, 119.68284, 127.30195,-138.08448, 109.14857, 105.41924,-124.14977,  95.08551,  88.85201,-109.87542,  91.89719,  88.45346,-109.92355,  88.18087,  87.38741,-109.71164,  85.92905,  85.95745,-110.05895,  91.50293,  88.34028,-108.14303,  87.58528,  85.88753,-105.00693,  84.88824,  83.36791,-104.07788,  83.61532,  81.62605,-104.12846,  92.47797,  87.77464,-107.50588,  89.18433,  85.07631,-104.10117,  87.06803,  81.70093,-102.92836,  86.29451,  79.30474,-103.58831,  93.26302,  87.44603,-107.12494,  90.98029,  84.76869,-103.71589,  89.61915,  81.65197,-102.47875,  89.00481,  79.25649,-102.91392,  94.31642,  87.07046,-106.85462,  92.85575,  84.41157,-103.52742,  92.17843,  81.87524,-102.29997,  91.90254,  80.10406,-102.67328
   3.65007,  96.10340,  90.68681,-167.32280,  85.34586,  92.19339,-169.05644,  98.77793,  51.17444,-182.00285, 115.11280,  14.98322,-195.86800, 106.86094,  89.18024,-165.58916, 107.50735,  51.67857,-140.61335, 101.40911,  11.10371,-149.85278,  96.43757,  97.72229,-163.28240,  97.56320, 112.75229,-153.47871,  98.94213, 122.95536,-145.94123, 102.12812, 137.52842,-133.94895, 102.73330, 141.30952,-132.10516, 103.17648, 145.46640,-131.33939,  98.31894, 133.28949,-137.04275,  84.52089, 137.73502,-144.04709,  76.60430, 129.10787,-169.48132,  74.10127, 121.19844,-194.12226,  71.00566, 120.35164,-194.28563,  67.46427, 118.95022,-194.98345,  65.45323, 117.19731,-195.32857,  70.52846, 120.97773,-195.93451,  66.80894, 119.60762,-199.86986,  64.43306, 117.38657,-201.84667,  63.41561, 115.63346,-202.58719,  71.53332, 120.90236,-196.74765,  68.44898, 119.52576,-201.02701,  66.75046, 116.74064,-203.59713,  66.35162, 114.21372,-204.07799,  72.33264, 120.89574,-197.22769,  70.24487, 119.68953,-201.49230,  69.25401, 117.27373,-203.99814,  68.99951, 114.87011,-204.67857,  73.41016, 120.83858,-197.62705,  72.13752, 119.73452,-201.80256,  71.74401, 117.92966,-204.03550,  71.73518, 116.15618,-204.49078, 104.00639, 132.93520,-138.12320, 118.87736, 126.97111,-136.54396, 106.21374, 105.31766,-124.10367,  90.19326,  89.40415,-111.21552,  87.01285,  89.19018,-111.62261,  83.24396,  88.33271,-111.85201,  80.97057,  87.04460,-112.49122,  86.41949,  89.04795,-109.90034,  82.05448,  86.73304,-107.29517,  79.14025,  84.34583,-106.75286,  77.78899,  82.68184,-107.00224,  87.28670,  88.40916,-109.18166,  83.49826,  85.80567,-106.25068,  81.08762,  82.52415,-105.43343,  80.26396,  80.19635,-106.25717,  88.00627,  88.02524,-108.72975,  85.22178,  85.38475,-105.68425,  83.56742,  82.31629,-104.71222,  82.87704,  79.97355,-105.29537,  89.00184,  87.58232,-108.36032,  87.04321,  84.91561,-105.30649,  86.09975,  82.38751,-104.24961,  85.77197,  80.64663,-104.71269
   3.66674,  94.80058,  90.74071,-166.18181,  84.07169,  92.51538,-167.83751,  96.63567,  51.90310,-182.78318, 113.00926,  16.57295,-198.67535, 105.52948,  88.96605,-164.52611, 105.81274,  51.17653,-139.98113,  98.89870,  10.98346,-150.25675,  95.31117,  97.70059,-162.03045,  96.76336, 112.58357,-152.04704,  98.29316, 122.70263,-144.42589, 101.55200, 137.19605,-132.35691, 102.16714, 140.96514,-130.49194, 102.61372, 145.11714,-129.70201,  97.71999, 133.00379,-135.48591,  84.09048, 137.65714,-142.68262,  76.66335, 129.35811,-168.37238,  74.82964, 121.89651,-193.21110,  71.72132, 121.13935,-193.51374,  68.17459, 119.84782,-194.37691,  66.13210, 118.15706,-194.83039,  71.33004, 121.80151,-195.17114,  67.74004, 120.59134,-199.27558,  65.38771, 118.46564,-201.38119,  64.35392, 116.75229,-202.18904,  72.36520, 121.70926,-195.94352,  69.42363, 120.47957,-200.36576,  67.75682, 117.77931,-203.04490,  67.30887, 115.27153,-203.57968,  73.18318, 121.68688,-196.39050,  71.24103, 120.59929,-200.75466,  70.28851, 118.24740,-203.33506,  69.99636, 115.86158,-204.06147,  74.27430, 121.60505,-196.74626,  73.14540, 120.59541,-200.98651,  72.79502, 118.83358,-203.26062,  72.75626, 117.06757,-203.74254, 103.40895, 132.60443,-136.54244, 118.19494, 126.49202,-134.74713, 103.74670, 105.23625,-123.63676,  85.87980,  90.24133,-112.15085,  82.75185,  90.20208,-112.88636,  78.98882,  89.54755,-113.52164,  76.73229,  88.39310,-114.42241,  81.97718,  90.05658,-111.23796,  77.25601,  87.92123,-109.15231,  74.18578,  85.67922,-108.97150,  72.78618,  84.09347,-109.39981,  82.73242,  89.35906,-110.45076,  78.53589,  86.89893,-107.98945,  75.89284,  83.73218,-107.50636,  75.04361,  81.46759,-108.46868,  83.38132,  88.92907,-109.93749,  80.16840,  86.37723,-107.26056,  78.27125,  83.38058,-106.54081,  77.52879,  81.08928,-107.25062,  84.30997,  88.42741,-109.47951,  81.91528,  85.80605,-106.71050,  80.74252,  83.31005,-105.81998,  80.37789,  81.59831,-106.35807
   3.68341,  93.59298,  90.72329,-165.11438,  82.89633,  92.70064,-166.74896,  94.60369,  52.36431,-183.07385, 111.00641,  18.48920,-201.84358, 104.28962,  88.74594,-163.47980, 104.16625,  50.79272,-139.18737,  96.31666,  11.09376,-150.64389,  94.21895,  97.61768,-160.87057,  95.88034, 112.35605,-150.70688,  97.50503, 122.37466,-142.97348, 100.80912, 136.73266,-130.75585, 101.43281, 140.48436,-128.85895, 101.88618, 144.63055,-128.04281,  96.96126, 132.60583,-133.95167,  83.52738, 137.45657,-141.38210,  76.55113, 129.46215,-167.29389,  75.49599, 122.44512,-192.30685,  72.38387, 121.79200,-192.77019,  68.84449, 120.62759,-193.82344,  66.77477, 119.00995,-194.40277,  72.09355, 122.49226,-194.43268,  68.66953, 121.46157,-198.72369,  66.35655, 119.44511,-200.97529,  65.31024, 117.77841,-201.86089,  73.16133, 122.37933,-195.15636,  70.39937, 121.31351,-199.73422,  68.78060, 118.71010,-202.53587,  68.28140, 116.22656,-203.13455,  73.99880, 122.33800,-195.56420,  72.23623, 121.38151,-200.03401,  71.33661, 119.10199,-202.69701,  71.00597, 116.73840,-203.47755,  75.10272, 122.22713,-195.86895,  74.14852, 121.32076,-200.17492,  73.85360, 119.60697,-202.49319,  73.78336, 117.85089,-203.00679, 102.65450, 132.15767,-134.96465, 117.37789, 125.97613,-132.91024, 101.26336, 105.29800,-123.07475,  81.50923,  91.55693,-113.22805,  78.47080,  91.70595,-114.26357,  74.75861,  91.27403,-115.27623,  72.54286,  90.26464,-116.41977,  77.53166,  91.57121,-112.70204,  72.52168,  89.66060,-111.13719,  69.33331,  87.58940,-111.31055,  67.89984,  86.09256,-111.91187,  78.16784,  90.81744,-111.86315,  73.62508,  88.54607,-109.88189,  70.78228,  85.52206,-109.73630,  69.91186,  83.32753,-110.83268,  78.73945,  90.34205,-111.30042,  75.14814,  87.92026,-109.01173,  73.03246,  85.01996,-108.55421,  72.24197,  82.78787,-109.38969,  79.59066,  89.78066,-110.76743,  76.79974,  87.24223,-108.30967,  75.41390,  84.79813,-107.59960,  75.01297,  83.12022,-108.21314
   3.70007,  92.46787,  90.52311,-164.10887,  81.80038,  92.65915,-165.73436,  92.43930,  52.54517,-183.29187, 108.90753,  20.47978,-204.95943, 103.13535,  88.38707,-162.48339, 102.45374,  50.33884,-138.34936,  93.81824,  11.11433,-150.82900,  93.17910,  97.36205,-159.78944,  94.98776, 111.95993,-149.44966,  96.67347, 121.86595,-141.58540,  99.99232, 136.04963,-129.16976, 100.62039, 139.77926,-127.23123, 101.07918, 143.91824,-126.38221,  96.13746, 131.99612,-132.44986,  82.94021, 137.05700,-140.15896,  76.45010, 129.36091,-166.28650,  76.11867, 122.70307,-191.41743,  73.01302, 122.14198,-192.02296,  69.49238, 121.08957,-193.24359,  67.40690, 119.53737,-193.93464,  72.81359, 122.87243,-193.68585,  69.55142, 121.99441,-198.13403,  67.28441, 120.07293,-200.51190,  66.23291, 118.44774,-201.46588,  73.90817, 122.74005,-194.36481,  71.31864, 121.81263,-199.07175,  69.75292, 119.29288,-201.97808,  69.21352, 116.83232,-202.63407,  74.76104, 122.68128,-194.73703,  73.16788, 121.83424,-199.29170,  72.32310, 119.61660,-202.02402,  71.96310, 117.27378,-202.85270,  75.87370, 122.54429,-194.99590,  75.08215, 121.72293,-199.35162,  74.84160, 120.04948,-201.70536,  74.74646, 118.30311,-202.24731, 101.83576, 131.50697,-133.41428, 116.50818, 125.30852,-131.06709,  98.79690, 105.30431,-122.69201,  77.55160,  92.85005,-114.35361,  74.66290,  93.22878,-115.70954,  71.06637,  93.07266,-117.13538,  68.93163,  92.24355,-118.54660,  73.54928,  93.11760,-114.26523,  68.28470,  91.50799,-113.32057,  65.00971,  89.66033,-113.90895,  63.55938,  88.27877,-114.71195,  74.03882,  92.30176,-113.38695,  69.16827,  90.29039,-111.98934,  66.13971,  87.46107,-112.25425,  65.25831,  85.35848,-113.51036,  74.51280,  91.77494,-112.78098,  70.54207,  89.54191,-110.97888,  68.20784,  86.77930,-110.85040,  67.37430,  84.62723,-111.83981,  75.26188,  91.14435,-112.17681,  72.05869,  88.73702,-110.12309,  70.44932,  86.37405,-109.64903,  70.01282,  84.74297,-110.35726
   3.71674,  91.46288,  90.20878,-163.11587,  80.82262,  92.46984,-164.75064,  89.97407,  52.65168,-183.75982, 106.34313,  22.64097,-208.26057, 102.10314,  87.94772,-161.48111, 100.86967,  49.86676,-137.42071,  91.56841,  11.14486,-150.94756,  92.23096,  96.99682,-158.72646,  94.12568, 111.45738,-148.21064,  95.83296, 121.24765,-140.20730,  99.11514, 135.24531,-127.57272,  99.73899, 138.95215,-125.58963, 100.19809, 143.08422,-124.70774,  95.26780, 131.26557,-130.95054,  82.28250, 136.47667,-138.91524,  76.35789, 129.13359,-165.27768,  76.77794, 122.80388,-190.49193,  73.68970, 122.30998,-191.23041,  70.20280, 121.33842,-192.60519,  68.11782, 119.83405,-193.39630,  73.57370, 123.05849,-192.89317,  70.48223, 122.28384,-197.48030,  68.27864, 120.42838,-199.96770,  67.23603, 118.83270,-200.97950,  74.69270, 122.91017,-193.52758,  72.28292, 122.07495,-198.34593,  70.79009, 119.61192,-201.33798,  70.23037, 117.16832,-202.03877,  75.55896, 122.83762,-193.86481,  74.13977, 122.06161,-198.48914,  73.36581, 119.88476,-201.27472,  72.99475, 117.55677,-202.13954,  76.67851, 122.68072,-194.07880,  76.05232, 121.91270,-198.47101,  75.87691, 120.26464,-200.84830,  75.77021, 118.52522,-201.41010, 100.97328, 130.74161,-131.85221, 115.60296, 124.54835,-129.23960,  96.70795, 105.14490,-122.13432,  74.07260,  94.22820,-115.46601,  71.36062,  94.82949,-117.08161,  67.92013,  94.94438,-118.85424,  65.88934,  94.29436,-120.49421,  70.10478,  94.74755,-115.75697,  64.68477,  93.44988,-115.38473,  61.37828,  91.83254,-116.35270,  59.93360,  90.57013,-117.34073,  70.45464,  93.87698,-114.86460,  65.35682,  92.14026,-114.01773,  62.20362,  89.51857,-114.67460,  61.32522,  87.51382,-116.08350,  70.83351,  93.30363,-114.23441,  66.57595,  91.27670,-112.90573,  64.07748,  88.66587,-113.10160,  63.21721,  86.60097,-114.24232,  71.47952,  92.60929,-113.58299,  67.94884,  90.35226,-111.93570,  66.16031,  88.08386,-111.70345,  65.69811,  86.50519,-112.50764
   3.73341,  90.59021,  89.71664,-162.13100,  79.98053,  92.08900,-163.80627,  87.62999,  52.67139,-184.25918, 103.72209,  25.08938,-211.62983, 101.19989,  87.34429,-160.45572,  99.37705,  49.33601,-136.31795,  89.39178,  11.22980,-151.05180,  91.39259,  96.45454,-157.67103,  93.32340, 110.78030,-146.97873,  95.01750, 120.45738,-138.83615,  98.21246, 134.27390,-125.98176,  98.82232, 137.95896,-123.95421,  99.27451, 142.08480,-123.04016,  94.38695, 130.36786,-129.46864,  81.62082, 135.72670,-137.68562,  76.20860, 128.71724,-164.24829,  77.50282, 122.76758,-189.52528,  74.44307, 122.32687,-190.40291,  71.00585, 121.41780,-191.93637,  68.93448, 119.95079,-192.82712,  74.41322, 123.08446,-192.06534,  71.51725, 122.38000,-196.78934,  69.39739, 120.57132,-199.38173,  68.37560, 118.99715,-200.44705,  75.55687, 122.92088,-192.65010,  73.35117, 122.14587,-197.57507,  71.95407, 119.72043,-200.64310,  71.38725, 117.28929,-201.38058,  76.43603, 122.83583,-192.94883,  75.21210, 122.10316,-197.63561,  74.52843, 119.95136,-200.46395,  74.15922, 117.63350,-201.35630,  77.56135, 122.66181,-193.11361,  77.11933, 121.92331,-197.53319,  77.02377, 120.28876,-199.92432,  76.91450, 118.55378,-200.49919, 100.10163, 129.80629,-130.28542, 114.69331, 123.63104,-127.42899,  94.94881, 104.68176,-121.50620,  71.24658,  95.31464,-116.36212,  68.76857,  96.15994,-118.22531,  65.55288,  96.57654,-120.34148,  63.67153,  96.12788,-122.21105,  67.37529,  96.11849,-117.04397,  61.87347,  95.18824,-117.29628,  58.59126,  93.84000,-118.67286,  57.18147,  92.71693,-119.85952,  67.56982,  95.19457,-116.15788,  62.30807,  93.78736,-115.92365,  59.07895,  91.41614,-117.01795,  58.22758,  89.52858,-118.59526,  67.84066,  94.57426,-115.51658,  63.34190,  92.80222,-114.72813,  60.71361,  90.37995,-115.29546,  59.84754,  88.42164,-116.60698,  68.36635,  93.81401,-114.83140,  64.53952,  91.75074,-113.66020,  62.59202,  89.60531,-113.71329,  62.11656,  88.09214,-114.62805
   3.75008,  89.83247,  89.07069,-161.09711,  79.25094,  91.52240,-162.83505,  85.16837,  52.64207,-184.83250, 100.82201,  27.24601,-214.47839, 100.41399,  86.61897,-159.35916,  97.91292,  48.76610,-135.03863,  87.39383,  11.24090,-150.85266,  90.64271,  95.76958,-156.58017,  92.55895, 110.01992,-145.78498,  94.20579, 119.65500,-137.58310,  97.26459, 133.43373,-124.65522,  97.85032, 137.11357,-122.61117,  98.28793, 141.23760,-121.68197,  93.47576, 129.54928,-128.20568,  80.95591, 135.06737,-136.69180,  76.03037, 128.45256,-163.44967,  78.11701, 122.85338,-188.75372,  75.08845, 122.44150,-189.74607,  71.70299, 121.56469,-191.40806,  69.65283, 120.11718,-192.37640,  75.12845, 123.19894,-191.40835,  72.40598, 122.52084,-196.23820,  70.36825, 120.73172,-198.90884,  69.37244, 119.16706,-200.01209,  76.29172, 123.02438,-191.94962,  74.26590, 122.26914,-196.95430,  72.96245, 119.85634,-200.07308,  72.40079, 117.43050,-200.83168,  77.18066, 122.93093,-192.21503,  76.12730, 122.20878,-196.94468,  75.53031, 120.06289,-199.79702,  75.17301, 117.74841,-200.70293,  78.30969, 122.74621,-192.33731,  78.02753, 122.01088,-196.77049,  78.00663, 120.37673,-199.16372,  77.90265, 118.64273,-199.74251,  99.19961, 128.96744,-128.93984, 113.77014, 122.86714,-125.82601,  93.34421, 104.32324,-121.04010,  68.92739,  96.29623,-117.11761,  66.75992,  97.41269,-119.21097,  63.86199,  98.17052,-121.66455,  62.19332,  97.95224,-123.76313,  65.23461,  97.42701,-118.20512,  59.75131,  96.93793,-119.15025,  56.57163,  95.91035,-120.97216,  55.23893,  94.95356,-122.37409,  65.25384,  96.45245,-117.35278,  59.91520,  95.44816,-117.81265,  56.68066,  93.38506,-119.40286,  55.89332,  91.64088,-121.16738,  65.39998,  95.78523,-116.71807,  60.72357,  94.33389,-116.55826,  58.01649,  92.15005,-117.55812,  57.17739,  90.32476,-119.06455,  65.78310,  94.95693,-116.01740,  61.70479,  93.14651,-115.41471,  59.62938,  91.16288,-115.81002,  59.16089,  89.73310,-116.85349
   3.76674,  89.16412,  88.35044,-160.05557,  78.61772,  90.87825,-161.89504,  82.51428,  52.78160,-185.64470,  97.58979,  29.37394,-217.16747,  99.71052,  85.82263,-158.21611,  96.58230,  48.16778,-133.66188,  85.62522,  11.20579,-150.47346,  89.96509,  95.01601,-155.48797,  91.82774, 109.21399,-144.61468,  93.39742, 118.83201,-136.37773,  96.27064, 132.62112,-123.41838,  96.82356, 136.30280,-121.36851,  97.24118, 140.42798,-120.43522,  92.53299, 128.73868,-127.02485,  80.22558, 134.38349,-135.73540,  75.80584, 128.24587,-162.69455,  78.68782, 123.04633,-188.00579,  75.69467, 122.65381,-189.10739,  72.36622, 121.79910,-190.89156,  70.34362, 120.36495,-191.93482,  75.79938, 123.41228,-190.76639,  73.24924, 122.75464,-195.69217,  71.29852, 120.98013,-198.43652,  70.33371, 119.42246,-199.57660,  76.98037, 123.23100,-191.26542,  75.13226, 122.49207,-196.34081,  73.92773, 120.08972,-199.50707,  73.37905, 117.66797,-200.28789,  77.87774, 123.13229,-191.49860,  76.99170, 122.42028,-196.26396,  76.48514, 120.28029,-199.13815,  76.14670, 117.96875,-200.05868,  79.00931, 122.94074,-191.58017,  78.88314, 122.21058,-196.02139,  78.93881, 120.57843,-198.41543,  78.84523, 118.84555,-198.99931,  98.26694, 128.14653,-127.66606, 112.83860, 122.16430,-124.33591,  92.03780, 103.81838,-120.49482,  67.14020,  96.93062,-117.55059,  65.28895,  98.27754,-119.80564,  62.72993,  99.33142,-122.51361,  61.29029,  99.31429,-124.78588,  63.66675,  98.35309,-118.96822,  58.29981,  98.27605,-120.51388,  55.28016,  97.54289,-122.71157,  54.05129,  96.73780,-124.29228,  63.53147,  97.34476,-118.16722,  58.22265,  96.72411,-119.24070,  55.05825,  94.95276,-121.26463,  54.36060,  93.34098,-123.18584,  63.56518,  96.64328,-117.55387,  58.81750,  95.50634,-117.96331,  56.10424,  93.55431,-119.35073,  55.32193,  91.85442,-121.02509,  63.81666,  95.76245,-116.85768,  59.59135,  94.20861,-116.78117,  57.45119,  92.38820,-117.49125,  57.01076,  91.03818,-118.64711
   3.78341,  88.57295,  87.58279,-159.04657,  78.07411,  90.20159,-161.02551,  80.12229,  52.97096,-186.32905,  94.55902,  31.67224,-219.59796,  99.07179,  84.96399,-157.06763,  95.35040,  47.54452,-132.23785,  83.95378,  11.20462,-150.08174,  89.35455,  94.21109,-154.42172,  91.13518, 108.35013,-143.45827,  92.60136, 117.94843,-135.17935,  95.23853, 131.74767,-122.18067,  95.75028, 135.43270,-120.12612,  96.14325, 139.56057,-119.19403,  91.56709, 127.86684,-125.85621,  79.41492, 133.59419,-134.72933,  75.39849, 127.91325,-161.85119,  79.11602, 123.19675,-187.14812,  76.16702, 122.83726,-188.37317,  72.90710, 122.02382,-190.29765,  70.91742, 120.61448,-191.43388,  76.34472, 123.60823,-190.02014,  73.99127, 123.01095,-195.05041,  72.13970, 121.27444,-197.88623,  71.20989, 119.73385,-199.07745,  77.54352, 123.42148,-190.47249,  75.89694, 122.73848,-195.62452,  74.80318, 120.37156,-198.85698,  74.26791, 117.96069,-199.67966,  78.44882, 123.31743,-190.67000,  77.75113, 122.65109,-195.47311,  77.34494, 120.53853,-198.38331,  77.02624, 118.23731,-199.33616,  79.58125, 123.11744,-190.70733,  79.62951, 122.42421,-195.15599,  79.76954, 120.81106,-197.55943,  79.68632, 119.08376,-198.16116,  97.31170, 127.26533,-126.38312, 111.90427, 121.45285,-122.85017,  91.03915, 103.06254,-119.61857,  65.80247,  97.17249,-117.51674,  64.25720,  98.71005,-119.87780,  62.03812, 100.01325,-122.77085,  60.83190, 100.16736,-125.17030,  62.56620,  98.84435,-119.19883,  57.38231,  99.13264,-121.25871,  54.56104,  98.65905,-123.76905,  53.45430,  97.98786,-125.49579,  62.29940,  97.81451,-118.46067,  57.09789,  97.53857,-120.06980,  54.06102,  96.03062,-122.46789,  53.47352,  94.53799,-124.51789,  62.23525,  97.08861,-117.87899,  57.49839,  96.23962,-118.79666,  54.83722,  94.50075,-120.52631,  54.13651,  92.91528,-122.34301,  62.36985,  96.16817,-117.20188,  58.08200,  94.85451,-117.60450,  55.93009,  93.18775,-118.59928,  55.53608,  91.91149,-119.85167
   3.80008,  88.23126,  86.47897,-158.18530,  77.77884,  89.17039,-160.30735,  77.96105,  52.94761,-187.11148,  91.88474,  33.39289,-221.64579,  98.68369,  83.78755,-156.06325,  94.30168,  46.69802,-130.84919,  82.54619,  10.89500,-149.52611,  88.98149,  93.07702,-153.51226,  90.66063, 107.16682,-142.46970,  92.01869, 116.74672,-134.15111,  94.43025, 130.54827,-121.11113,  94.90251, 134.23495,-119.05010,  95.27172, 138.36448,-118.11567,  90.82315, 126.67112,-124.85366,  78.87626, 132.50080,-133.93643,  75.16700, 127.29605,-161.19724,  79.56850, 123.03055,-186.46446,  76.66361, 122.71270,-187.80129,  73.47011, 121.95350,-189.85497,  71.51260, 120.57685,-191.08341,  76.90728, 123.50567,-189.42927,  74.73483, 122.99961,-194.55015,  72.97498, 121.31900,-197.47660,  72.07760, 119.80324,-198.72326,  78.12036, 123.31562,-189.84030,  76.65808, 122.71983,-195.05834,  75.66520, 120.40838,-198.36270,  75.14197, 118.01397,-199.23942,  79.03145, 123.20703,-190.00618,  78.50477, 122.61515,-194.84074,  78.18913, 120.54781,-197.79432,  77.88792, 118.26312,-198.79161,  80.16293, 122.99835,-190.00513,  80.36852, 122.36843,-194.45871,  80.58400, 120.78872,-196.87873,  80.50965, 119.07094,-197.50822,  96.57579, 126.06084,-125.27161, 111.21048, 120.48571,-121.53614,  90.51206, 101.85304,-118.63808,  65.10877,  96.54717,-117.05040,  63.84299,  98.24551,-119.46701,  61.93992,  99.76358,-122.47801,  60.94813, 100.06514,-124.96025,  62.10944,  98.44210,-118.92420,  57.13662,  99.06972,-121.38920,  54.51640,  98.83172,-124.13938,  53.52740,  98.28044,-125.97647,  61.73230,  97.40159,-118.25210,  56.67693,  97.45087,-120.29218,  53.78283,  96.18760,-122.98954,  53.29816,  94.80137,-125.13874,  61.58464,  96.65960,-117.70707,  56.90610,  96.08837,-119.04333,  54.31872,  94.55143,-121.05342,  53.69730,  93.07002,-122.98329,  61.61742,  95.70985,-117.05847,  57.32015,  94.63337,-117.86353,  55.18146,  93.11597,-119.09718,  54.83286,  91.90723,-120.42759
   3.81674,  88.07075,  85.44013,-157.48883,  77.66616,  88.20146,-159.75151,  75.84960,  53.24580,-188.13083,  89.32741,  35.22113,-223.66019,  98.47533,  82.67881,-155.22615,  93.51905,  45.93175,-129.62005,  81.49165,  10.56028,-148.93522,  88.78659,  92.00690,-152.76659,  90.35954, 106.04445,-141.64215,  91.60805, 115.60318,-133.28214,  93.79502, 129.40157,-120.19929,  94.22840, 133.08843,-118.13006,  94.57484, 137.21860,-117.18972,  90.25302, 125.52953,-124.00869,  78.46693, 131.43610,-133.25048,  75.01573, 126.77978,-160.64405,  79.95848, 122.98882,-185.88683,  77.09935, 122.73897,-187.33235,  73.97232, 122.06924,-189.51536,  72.04445, 120.74702,-190.84620,  77.40916, 123.56933,-188.93017,  75.41372, 123.21701,-194.13528,  73.74008, 121.63093,-197.16330,  72.87073, 120.15752,-198.47869,  78.63385, 123.37519,-189.30308,  77.35055, 122.92714,-194.58262,  76.44977, 120.71078,-197.97728,  75.93156, 118.34537,-198.93222,  79.54899, 123.25994,-189.43960,  79.18712, 122.79512,-194.30310,  78.95341, 120.80598,-197.31738,  78.66254, 118.55061,-198.38220,  80.67736, 123.03786,-189.40415,  81.03337, 122.51681,-193.86231,  81.31691, 120.99550,-196.31254,  81.24597, 119.29495,-196.98758,  96.01159, 124.91095,-124.31889, 110.70193, 119.59363,-120.42916,  90.38279, 100.55183,-117.50648,  64.95450,  95.34641,-115.98802,  63.85666,  97.14140,-118.41687,  62.14629,  98.79004,-121.47449,  61.28537,  99.18279,-123.99256,  62.10506,  97.37588,-117.95270,  57.27790,  98.21245,-120.63555,  54.78879,  98.12117,-123.51334,  53.87497,  97.64554,-125.40956,  61.66618,  96.33061,-117.32707,  56.71945,  96.58113,-119.60483,  53.92509,  95.47218,-122.47000,  53.50616,  94.15502,-124.67572,  61.47110,  95.57998,-116.80948,  56.84868,  95.18169,-118.38278,  54.31934,  93.77302,-120.55423,  53.75051,  92.35935,-122.55000,  61.44521,  94.61379,-116.18530,  57.16323,  93.68605,-117.22326,  55.04466,  92.26418,-118.59743,  54.72684,  91.09991,-119.97439
   3.83341,  88.08508,  84.49149,-157.00127,  77.72947,  87.32239,-159.39862,  74.25462,  53.58639,-189.07001,  87.32822,  37.17003,-225.51805,  98.44070,  81.66060,-154.60392,  92.93146,  45.31226,-128.54570,  80.67153,  10.32373,-148.40451,  88.76518,  91.02347,-152.22579,  90.23010, 105.00462,-141.01589,  91.36760, 114.54224,-132.61604,  93.32624, 128.34168,-119.49816,  93.71901, 132.02798,-117.41984,  94.04026, 136.15774,-116.46885,  89.85127, 124.47087,-123.37003,  78.17735, 130.42866,-132.72066,  74.88058, 126.26963,-160.21310,  80.28772, 123.03846,-185.43853,  77.48018, 122.87662,-186.99353,  74.42625, 122.32276,-189.30851,  72.53080, 121.07205,-190.75042,  77.85910, 123.75335,-188.55119,  76.05040, 123.59744,-193.83355,  74.46741, 122.13392,-196.97009,  73.62710, 120.71628,-198.36335,  79.09389, 123.55358,-188.88586,  77.99824, 123.29408,-194.22003,  77.19251, 121.20126,-197.71549,  76.67807, 118.87552,-198.76519,  80.01179, 123.42954,-188.99300,  79.82147, 123.12657,-193.87897,  79.67145, 121.23893,-196.96304,  79.38964, 119.02341,-198.11071,  81.13505, 123.19012,-188.92417,  81.64653, 122.80753,-193.38124,  81.99902, 121.36181,-195.86802,  81.93014, 119.68505,-196.60034,  95.61416, 123.84919,-123.57652, 110.38295, 118.82720,-119.59250,  90.83178,  99.06195,-116.26284,  65.51157,  93.48021,-114.33114,  64.43366,  95.32072,-116.73472,  62.74699,  97.02754,-119.77352,  61.90336,  97.46705,-122.28971,  62.67963,  95.55113,-116.27777,  57.87194,  96.44685,-118.97644,  55.40139,  96.41273,-121.87141,  54.49882,  95.97307,-123.78166,  62.23430,  94.49596,-115.67368,  57.30306,  94.79883,-117.97852,  54.52485,  93.74770,-120.88095,  54.11725,  92.47096,-123.11241,  62.03414,  93.73673,-115.17079,  57.42114,  93.37759,-116.78074,  54.90274,  92.01382,-118.99320,  54.34365,  90.63721,-121.01742,  62.00198,  92.75966,-114.56408,  57.72471,  91.86082,-115.64600,  55.61187,  90.46871,-117.05890,  55.30034,  89.32986,-118.45838
   3.85008,  88.29685,  83.56712,-156.76155,  77.97793,  86.45017,-159.25311,  73.07852,  53.90830,-190.03632,  85.88753,  38.83209,-227.15118,  98.61578,  80.68408,-154.26999,  92.50136,  44.80457,-127.70199,  80.08008,  10.05917,-147.88476,  88.94936,  90.06863,-151.94086,  90.33175, 104.00187,-140.66105,  91.38361, 113.52319,-132.23159,  93.16371, 127.32781,-119.09374,  93.52090, 131.01437,-117.00946,  93.81467, 135.14432,-116.05047,  89.74157, 123.45377,-123.00919,  78.12901, 129.44438,-132.41509,  74.90316, 125.66275,-159.97036,  80.59891, 122.95823,-185.19424,  77.83470, 122.88600,-186.83145,  74.84056, 122.44972,-189.24748,  72.97030, 121.27271,-190.78139,  78.26927, 123.80651,-188.34879,  76.60922, 123.84494,-193.68187,  75.09650, 122.50488,-196.90702,  74.27727, 121.14451,-198.36825,  79.51029, 123.60000,-188.65513,  78.56302, 123.52644,-194.02341,  77.82900, 121.55788,-197.60578,  77.31365, 119.27435,-198.74400,  80.42913, 123.46641,-188.74055,  80.37346, 123.32224,-193.63716,  80.28588, 121.53630,-196.78357,  80.00730, 119.36275,-198.00962,  81.54671, 123.20899,-188.64815,  82.17927, 122.96159,-193.09923,  82.58289, 121.59110,-195.62059,  82.51251, 119.93971,-196.40832,  95.50701, 122.83542,-123.14063, 110.37682, 118.14206,-119.13174,  91.61283,  97.72119,-115.27158,  66.55076,  91.37629,-112.50842,  65.36786,  93.24318,-114.84123,  63.56195,  94.97652,-117.79532,  62.64014,  95.45062,-120.27757,  63.62253,  93.42513,-114.33207,  58.72427,  94.27174,-116.87947,  56.17626,  94.24461,-119.70658,  55.23109,  93.82581,-121.60084,  63.21673,  92.34782,-113.73931,  58.21856,  92.59078,-115.90271,  55.38469,  91.54050,-118.75114,  54.94330,  90.30273,-120.99807,  63.04683,  91.57386,-113.24787,  58.40002,  91.14739,-114.73985,  55.85151,  89.77570,-116.91258,  55.26657,  88.43037,-118.95048,  63.05235,  90.58367,-112.66196,  58.76719,  89.61394,-113.64710,  56.64660,  88.20589,-115.03234,  56.32116,  87.09041,-116.44738
   3.86674,  88.72082,  82.77589,-156.77019,  78.41944,  85.67874,-159.31089,  72.25223,  54.42471,-191.18148,  84.84368,  40.54842,-228.83490,  99.02219,  79.87304,-154.22949,  92.40789,  44.43823,-127.18861,  79.87409,   9.80895,-147.50098,  89.34673,  89.25073,-151.91024,  90.66234, 103.14564,-140.57529,  91.65272, 112.65787,-132.12814,  93.31242, 126.47610,-118.98883,  93.64235, 130.16408,-116.90258,  93.91088, 134.29471,-115.93912,  89.92566, 122.59110,-122.92413,  78.34406, 128.60322,-132.35446,  75.05521, 125.50520,-159.98751,  80.90137, 123.35074,-185.22995,  78.17251, 123.35930,-186.92695,  75.22721, 123.03166,-189.41899,  73.37964, 121.92384,-191.02999,  78.64815, 124.32434,-188.40376,  77.10379, 124.55284,-193.76676,  75.64858, 123.33356,-197.06545,  74.84849, 122.02968,-198.58752,  79.89353, 124.11559,-188.69029,  79.06147, 124.22622,-194.07699,  78.38664, 122.38269,-197.73669,  77.87485, 120.14266,-198.95978,  80.81271, 123.97574,-188.76052,  80.86120, 123.99158,-193.65930,  80.82493, 122.30996,-196.86367,  80.55276, 120.18034,-198.16589,  81.92562, 123.70435,-188.65290,  82.65160, 123.59569,-193.09526,  83.09676, 122.30405,-195.65102,  83.02812, 120.67996,-196.49373,  95.69331, 121.98641,-123.01675, 110.66589, 117.58127,-119.06371,  93.33960,  96.13339,-114.18639,  68.83312,  88.52727,-109.99359,  67.44412,  90.38112,-112.22079,  65.40183,  92.08656,-115.03378,  64.31705,  92.56114,-117.44918,  65.72647,  90.48781,-111.60696,  60.65714,  91.18151,-113.84743,  57.94867,  91.09738,-116.52002,  56.90923,  90.67025,-118.36232,  65.39758,  89.38697,-111.00978,  60.27420,  89.46800,-112.87137,  57.31798,  88.35084,-115.56584,  56.79110,  87.13016,-117.80368,  65.28652,  88.59985,-110.52244,  60.57879,  88.01574,-111.74589,  57.95948,  86.57854,-113.78815,  57.30588,  85.24174,-115.81075,  65.36423,  87.60208,-109.95480,  61.06787,  86.48172,-110.70283,  58.92353,  85.01316,-111.98484,  58.55707,  83.90689,-113.39708
   3.88341,  89.12544,  82.45328,-156.90598,  78.82838,  85.35876,-159.46109,  71.79781,  55.15558,-192.15548,  84.23565,  42.54397,-230.30155,  99.42251,  79.54779,-154.35086,  92.45860,  44.44871,-126.96214,  79.88966,   9.84245,-147.29201,  89.72619,  88.89617,-152.00060,  90.98945, 102.74764,-140.60669,  91.93805, 112.25198,-132.14587,  93.52200, 126.08938,-119.01739,  93.82937, 129.78078,-116.93375,  94.07086, 133.91367,-115.97283,  90.15709, 122.18887,-122.95610,  78.52733, 128.18578,-132.33670,  75.07733, 125.73257,-160.01484,  80.95837, 124.21386,-185.29540,  78.26476, 124.29691,-187.04587,  75.37008, 124.07518,-189.60791,  73.55276, 123.03629,-191.29733,  78.77310, 125.31606,-188.47466,  77.33919, 125.75494,-193.85521,  75.94831, 124.66785,-197.22705,  75.17590, 123.42596,-198.81389,  80.02348, 125.11405,-188.74364,  79.30190, 125.43356,-194.13793,  78.69689, 123.73374,-197.87852,  78.20407, 121.54394,-199.19667,  80.94353, 124.97376,-188.80050,  81.09208, 125.17680,-193.69308,  81.11664, 123.61910,-196.95960,  80.86530, 121.54183,-198.34772,  82.05326, 124.69455,-188.68079,  82.86949, 124.75333,-193.10840,  83.36322, 123.55884,-195.70221,  83.30736, 121.96842,-196.60774,  95.92694, 121.60358,-123.03534, 111.01810, 117.45481,-119.25982,  95.69409,  94.83616,-113.13030,  72.20558,  85.55156,-106.95891,  70.51969,  87.32578,-109.04133,  68.14336,  88.91389,-111.65349,  66.82924,  89.33146,-113.96321,  68.85736,  87.32196,-108.28295,  63.58224,  87.70843,-110.07816,  60.66607,  87.46819,-112.51206,  59.50169,  86.98587,-114.26379,  68.64931,  86.19985,-107.67123,  63.39064,  85.96964,-109.09056,  60.29013,  84.68303,-111.53574,  59.65078,  83.44266,-113.73308,  68.62911,  85.40497,-107.18423,  63.87935,  84.53381,-108.00978,  61.18928,  82.94568,-109.83695,  60.44946,  81.58047,-111.81027,  68.81651,  84.41128,-106.63538,  64.54954,  83.02831,-107.02758,  62.39859,  81.43487,-108.13789,  61.98212,  80.31472,-109.52510
   3.90008,  89.57121,  82.26674,-157.20750,  79.26615,  85.16055,-159.74357,  71.71981,  55.80003,-193.08419,  84.06970,  44.23152,-231.58776,  99.87626,  79.37293,-154.67143,  92.53673,  44.72010,-126.81651,  79.99568,  10.05641,-147.06560,  90.15490,  88.67997,-152.26138,  91.39232, 102.49124,-140.81594,  92.32722, 111.98781,-132.34489,  93.89380, 125.83918,-119.22907,  94.18683, 129.53360,-117.14870,  94.40339, 133.66875,-116.19157,  90.53315, 121.92308,-123.15591,  78.63867, 127.79718,-132.27876,  74.86298, 125.97892,-159.96338,  80.63923, 125.02978,-185.29585,  77.97183, 125.16479,-187.08283,  75.11691, 125.02346,-189.69470,  73.32981, 124.03853,-191.44749,  78.49696, 126.23641,-188.46644,  77.14195, 126.86188,-193.84899,  75.80667, 125.89066,-197.27819,  75.06372, 124.70331,-198.91989,  79.75213, 126.04908,-188.72350,  79.11009, 126.55856,-194.11324,  78.56887, 124.99131,-197.92089,  78.10569, 122.84815,-199.32373,  80.67355, 125.91454,-188.77139,  80.89453, 126.29310,-193.65079,  80.97506, 124.85340,-196.97012,  80.75387, 122.82615,-198.43519,  81.78260, 125.63560,-188.64494,  82.66486, 125.85600,-193.05475,  83.20277, 124.75704,-195.68180,  83.16763, 123.19983,-196.64430,  96.30501, 121.36052,-123.25120, 111.53274, 117.46198,-119.76872,  99.02363,  93.58813,-112.18180,  76.92136,  82.60024,-104.01136,  74.87858,  84.22109,-105.88923,  72.10978,  85.59734,-108.21991,  70.52295,  85.89622,-110.37137,  73.31433,  84.08224,-104.95524,  67.86189,  84.02367,-106.16623,  64.72899,  83.53377,-108.27112,  63.42549,  82.95029,-109.88897,  73.26744,  82.94896,-104.33066,  67.92311,  82.27855,-105.17312,  64.69299,  80.73057,-107.27490,  63.92407,  79.43356,-109.39672,  73.36604,  82.15691,-103.84865,  68.64329,  80.89208,-104.15943,  65.91175,  79.07987,-105.69296,  65.07792,  77.65092,-107.58186,  73.69346,  81.18415,-103.32872,  69.53834,  79.45087,-103.26378,  67.41904,  77.68063,-104.14313,  66.94880,  76.52481,-105.48309
   3.91675,  90.06793,  82.19927,-157.62746,  79.75086,  85.07768,-160.13200,  71.86711,  56.45626,-194.03252,  84.14090,  45.82929,-232.83067, 100.38501,  79.32087,-155.12292,  92.79244,  45.03936,-126.87907,  80.35555,  10.28132,-147.03044,  90.64208,  88.58864,-152.64944,  91.87658, 102.36306,-141.15936,  92.82389, 111.84570,-132.67409,  94.43128, 125.68761,-119.55322,  94.72129, 129.38248,-117.47323,  94.92118, 133.51920,-116.51924,  91.05759, 121.76284,-123.46018,  78.84173, 127.47038,-132.25829,  74.52745, 126.30476,-159.89936,  80.01384, 125.89762,-185.31065,  77.36388, 126.07659,-187.11957,  74.53853, 126.01239,-189.76639,  72.78235, 125.08164,-191.57902,  77.89010, 127.21242,-188.45054,  76.58398, 128.05035,-193.81627,  75.29700, 127.21015,-197.29813,  74.58619, 126.08498,-198.99687,  79.15014, 127.05131,-188.70147,  78.55842, 127.78223,-194.07146,  78.07680, 126.37225,-197.94798,  77.65514, 124.28540,-199.44561,  80.07361, 126.93002,-188.74488,  80.34108, 127.51877,-193.60106,  80.47441, 126.22288,-196.97746,  80.29391, 124.25738,-198.52967,  81.18467, 126.65929,-188.61817,  82.11037, 127.07797,-193.00466,  82.68950, 126.09849,-195.66992,  82.68389, 124.58339,-196.69803,  96.83079, 121.22335,-123.59830, 112.17871, 117.50549,-120.46319, 102.72476,  92.65922,-111.67197,  82.59393,  79.87545,-101.31219,  80.23419,  81.30092,-102.96331,  77.12672,  82.41774,-104.98536,  75.29867,  82.55983,-106.95365,  78.79622,  81.04565,-101.86532,  73.26887,  80.52625,-102.47980,  69.97926,  79.75621,-104.23227,  68.56224,  79.04858,-105.69797,  78.91061,  79.91991,-101.23583,  73.58056,  78.80405,-101.49373,  70.28247,  76.97164,-103.22934,  69.39995,  75.59065,-105.25162,  79.12559,  79.14444,-100.76485,  74.51768,  77.49347,-100.55953,  71.79648,  75.44539,-101.78328,  70.88558,  73.93040,-103.56659,  79.58630,  78.20807,-100.28035,  75.61989,  76.14125, -99.76140,  73.57210,  74.19299,-100.40109,  73.05782,  72.98654,-101.67882
   3.93341,  90.57158,  82.35873,-158.09389,  80.22739,  85.20345,-160.52398,  72.24491,  57.04102,-194.78389,  84.41727,  47.33590,-233.85459, 100.91576,  79.51400,-155.66379,  93.09657,  45.56079,-127.08716,  80.89060,  10.70259,-147.20668,  91.13989,  88.71467,-153.07259,  92.38582, 102.43276,-141.51656,  93.36095, 111.88890,-133.00491,  95.04128, 125.70321,-119.86409,  95.33595, 129.39512,-117.77952,  95.52668, 133.53145,-116.82195,  91.64522, 121.77458,-123.74774,  79.01872, 127.23051,-132.11519,  74.02400, 126.74293,-159.66179,  78.99730, 126.88053,-185.18134,  76.35286, 127.10506,-186.99326,  73.54143, 127.12723,-189.65554,  71.81117, 126.26024,-191.52386,  76.86410, 128.31808,-188.26043,  75.56747, 129.41032,-193.58254,  74.31235, 128.72923,-197.11049,  73.63035, 127.68127,-198.86936,  78.12805, 128.19329,-188.51237,  77.54769, 129.19193,-193.84031,  77.11016, 127.97719,-197.78751,  76.73413, 125.96381,-199.39392,  79.05380, 128.09129,-188.55687,  79.33273, 128.93691,-193.37432,  79.50562, 127.82126,-196.81272,  79.36872, 125.93630,-198.46599,  80.16908, 127.83465,-188.43822,  81.10711, 128.49802,-192.79179,  81.71657, 127.66940,-195.50109,  81.74376, 126.21005,-196.60659,  97.41895, 121.25953,-123.94458, 112.88035, 117.67785,-121.23778, 107.61253,  92.01824,-111.34665,  89.96100,  77.52747, -98.91922,  87.29719,  78.69154,-100.28874,  83.87758,  79.47159,-101.92894,  81.81846,  79.39660,-103.65824,  86.03296,  78.33915, -99.01750,  80.54307,  77.31277, -98.93575,  77.14941,  76.20528,-100.25565,  75.63562,  75.33457,-101.52344,  86.32588,  77.24563, -98.38897,  81.12909,  75.65268, -97.96823,  77.82660,  73.48713, -99.25328,  76.83517,  71.97847,-101.12855,  86.66679,  76.50550, -97.93577,  82.28916,  74.45673, -97.13607,  79.63886,  72.14178, -97.98108,  78.66075,  70.50368, -99.61358,  87.26698,  75.62744, -97.49694,  83.59966,  73.23032, -96.45866,  81.67677,  71.09066, -96.80899,  81.12383,  69.80886, -97.99382
   3.95008,  91.10654,  82.62135,-158.57346,  80.73419,  85.43058,-160.92346,  72.80594,  57.47807,-195.36738,  84.88707,  48.46228,-234.63107, 101.47890,  79.81212,-156.22345,  93.35997,  46.18716,-127.34389,  81.46596,  11.24082,-147.49734,  91.67464,  88.94908,-153.51662,  92.94388, 102.61699,-141.90380,  93.95638, 112.04643,-133.36694,  95.72728, 125.82660,-120.20220,  96.02908, 129.51366,-118.11005,  96.21152, 133.64820,-117.14322,  92.30414, 121.89909,-124.06313,  79.18964, 127.00152,-131.88522,  73.31584, 126.88523,-159.26194,  77.63620, 127.43971,-184.89448,  74.98368, 127.69627,-186.69027,  72.16659, 127.78850,-189.34506,  70.45080, 126.97701,-191.25126,  75.46663, 128.97983,-187.89764,  74.13579, 130.30156,-193.15890,  72.88751, 129.76625,-196.71430,  72.22377, 128.79078,-198.52120,  76.73237, 128.89401,-188.15681,  76.11959, 130.13762,-193.42929,  75.69897, 129.10694,-197.43031,  75.36168, 127.16644,-199.13216,  77.65995, 128.81378,-188.20729,  77.91059, 129.89788,-192.97831,  78.09929, 128.95429,-196.46703,  77.99829, 127.14932,-198.20973,  78.78062, 128.57519,-188.10255,  79.69504, 129.46863,-192.41984,  80.31580, 128.78547,-195.16690,  80.37113, 127.38238,-196.34200,  98.07714, 121.40250,-124.31990, 113.65486, 117.96689,-122.14249, 112.71053,  91.99359,-111.72634,  98.15418,  75.91525, -97.38759,  95.20334,  76.73363, -98.36192,  91.51313,  77.07881, -99.48245,  89.24286,  76.71894,-100.87976,  94.18857,  76.29198, -96.90806,  88.92188,  74.67971, -95.97982,  85.51705,  73.16400, -96.75143,  83.94041,  72.08933, -97.75952,  94.69239,  75.25993, -96.31000,  89.82758,  73.12874, -95.08001,  86.63665,  70.57305, -95.81061,  85.55541,  68.89949, -97.48564,  95.17766,  74.57788, -95.89926,  91.22507,  72.09630, -94.40946,  88.75680,  69.47871, -94.80060,  87.73908,  67.68670, -96.23520,  95.93112,  73.78641, -95.53916,  92.75095,  71.04437, -93.91396,  91.05076,  68.69756, -93.92921,  90.47679,  67.32170, -94.99229
   3.96675,  91.71043,  82.94112,-159.06799,  81.30978,  85.70943,-161.34018,  73.51903,  57.80834,-195.85709,  85.44078,  49.19282,-235.25912, 102.11109,  80.17280,-156.79580,  93.64289,  46.89562,-127.61528,  82.19401,  11.92660,-147.98599,  92.27855,  89.24771,-153.98484,  93.57142, 102.87630,-142.32849,  94.62312, 112.28274,-133.77101,  96.49118, 126.02848,-120.58372,  96.80258, 129.70990,-118.48309,  96.97999, 133.84186,-117.50433,  93.03931, 122.09932,-124.41730,  79.41053, 126.77314,-131.60213,  72.31888, 126.96590,-158.68850,  75.67865, 127.83077,-184.45600,  72.98792, 128.09254,-186.19324,  70.12137, 128.22289,-188.79290,  68.39309, 127.44826,-190.70317,  73.41464, 129.43980,-187.35138,  71.95347, 130.95125,-192.52627,  70.65505, 130.53653,-196.07983,  69.98444, 129.62246,-197.91605,  74.67726, 129.39974,-187.63566,  73.93564, 130.85319,-192.83745,  73.46941, 129.98553,-196.87195,  73.15251, 128.11203,-198.65104,  75.60557, 129.34703,-187.70546,  75.74029, 130.64297,-192.42807,  75.89012, 129.85670,-195.95744,  75.80505, 128.12675,-197.77545,  76.73388, 129.13471,-187.63042,  77.54536, 130.23866,-191.91950,  78.13369, 129.69214,-194.70403,  78.20462, 128.34323,-195.94015,  98.81089, 121.62690,-124.74244, 114.47923, 118.32101,-123.07388, 117.55263,  92.51407,-112.65486, 106.65094,  75.05118, -96.77404, 103.51925,  75.52075, -97.32044,  99.69117,  75.43700, -97.89597,  97.29730,  74.79427, -98.94113, 102.77782,  75.02044, -95.72717,  97.90704,  72.88927, -94.01466,  94.61343,  70.99741, -94.25680,  93.03585,  69.73016, -95.00667, 103.47208,  74.06715, -95.19252,  99.09666,  71.47244, -93.23182,  96.13319,  68.57097, -93.44788,  95.01289,  66.73983, -94.92011, 104.08294,  73.45379, -94.84606, 100.68037,  70.61580, -92.75584,  98.48314,  67.74020, -92.74055,  97.47274,  65.80572, -93.98233, 104.96231,  72.75850, -94.58707, 102.36742,  69.74784, -92.47143, 100.94988,  67.23473, -92.20074, 100.38364,  65.77268, -93.14645
   3.98341,  92.35231,  83.30374,-159.50462,  81.92112,  86.02494,-161.69218,  74.32025,  58.00249,-196.15306,  86.01550,  49.51078,-235.64974, 102.78350,  80.58254,-157.31707,  94.00140,  47.50006,-128.00823,  83.21604,  12.52921,-148.73481,  92.92123,  89.59052,-154.39707,  94.23986, 103.18344,-142.70202,  95.33273, 112.57010,-134.12799,  97.30138, 126.28672,-120.92503,  97.62163, 129.96331,-118.81728,  97.79135, 134.09302,-117.82773,  93.82020, 122.34778,-124.72189,  79.76103, 126.57418,-131.33153,  71.62336, 126.93397,-158.12050,  73.56880, 128.00782,-184.02537,  70.80424, 128.23697,-185.64748,  67.83506, 128.36301,-188.12951,  66.06255, 127.60093,-190.00395,  71.13583, 129.64511,-186.76359,  69.41865, 131.30745,-191.81205,  67.99780, 130.98736,-195.32835,  67.28942, 130.12328,-197.17457,  72.38694, 129.66458,-187.09669,  71.38934, 131.29746,-192.20156,  70.79712, 130.57617,-196.24834,  70.47915, 128.76528,-198.09093,  73.31310, 129.65006,-187.20358,  73.21513, 131.13966,-191.86965,  73.25493, 130.50268,-195.43193,  73.16170, 128.84550,-197.31612,  74.45047, 129.47794,-187.18007,  75.05229, 130.78408,-191.44683,  75.55046, 130.37311,-194.27195,  75.62194, 129.07885,-195.56514,  99.58944, 121.91256,-125.12997, 115.34139, 118.77487,-124.01603, 122.39088,  93.58594,-114.02490, 115.99609,  74.99079, -97.01529, 112.78445,  75.06883, -97.09167, 108.95232,  74.51468, -97.08277, 106.52670,  73.55848, -97.74472, 112.35253,  74.54021, -95.39682, 108.08351,  71.91062, -92.93516, 105.04518,  69.63659, -92.64706, 103.54035,  68.16704, -93.12962, 113.22884,  73.69448, -94.95698, 109.53904,  70.67185, -92.31686, 106.95148,  67.43565, -92.03586, 105.85760,  65.43531, -93.29190, 113.95417,  73.16976, -94.69628, 111.26798,  70.02482, -92.07055, 109.46349,  66.91262, -91.67668, 108.52404,  64.83066, -92.71975, 114.94012,  72.59234, -94.56109, 113.07148,  69.37209, -92.02897, 112.02585,  66.72036, -91.50609, 111.50852,  65.16987, -92.33125
   4.00008,  92.97868,  83.43396,-159.85149,  82.51550,  86.10452,-161.94671,  75.13968,  57.76890,-196.19980,  86.62279,  49.09495,-235.71912, 103.44186,  80.76340,-157.75626,  94.28340,  47.85144,-128.37074,  84.26232,  12.89631,-149.50347,  93.55000,  89.69966,-154.71836,  94.89339, 103.25731,-142.98525,  96.02066, 112.62751,-134.39769,  98.06829, 126.32587,-121.18778,  98.39218, 129.99936,-119.07519,  98.54906, 134.12758,-118.07734,  94.56467, 122.37261,-124.94895,  80.07082, 126.09063,-130.89156,  70.43903, 126.47509,-157.17997,  70.83461, 127.59124,-183.15299,  67.98191, 127.75346,-184.62347,  64.88395, 127.82880,-186.94498,  63.04683, 127.04865,-188.74844,  68.19896, 129.20510,-185.71165,  66.15539, 130.93883,-190.61237,  64.56570, 130.66111,-194.05931,  63.79591, 129.82167,-195.89227,  69.42915, 129.28504,-186.10772,  68.10181, 131.02028,-191.10254,  67.32689, 130.39073,-195.13374,  66.98402, 128.62147,-197.01197,  70.34827, 129.31134,-186.26235,  69.94728, 130.92769,-190.86966,  69.82513, 130.39436,-194.44706,  69.69830, 128.78896,-196.37365,  71.49119, 129.18514,-186.30245,  71.81663, 130.63546,-190.55264,  72.18166, 130.32559,-193.41081,  72.23595, 129.07259,-194.74483, 100.33092, 121.97710,-125.43262, 116.16501, 119.09777,-124.98419, 127.41126,  95.07607,-116.01314, 125.29072,  75.92686, -98.55430, 122.13207,  75.54968, -98.09914, 118.47348,  74.46360, -97.44527, 116.13820,  73.14895, -97.67826, 122.06060,  75.03800, -96.34655, 118.67296,  71.94164, -93.16292, 116.08454,  69.27765, -92.33294, 114.75170,  67.59215, -92.53193, 123.10997,  74.34318, -96.04213, 120.37371,  70.94696, -92.77110, 118.36417,  67.39424, -92.00473, 117.38503,  65.20861, -93.02448, 123.93638,  73.93709, -95.89537, 122.19525,  70.56025, -92.80245, 120.95024,  67.24496, -92.05682, 120.16805,  65.00933, -92.89062, 125.00462,  73.51015, -95.91454, 124.05740,  70.16968, -93.04792, 123.50692,  67.42196, -92.30940, 123.09457,  65.78057, -93.00825
   4.01675,  93.63252,  83.54521,-160.14107,  83.14714,  86.18030,-162.16912,  76.01510,  57.33110,-196.04303,  87.33075,  48.35772,-235.54378, 104.11791,  80.91012,-158.11302,  94.65039,  48.12028,-128.68894,  85.63122,  13.18637,-150.30265,  94.21006,  89.80186,-154.99761,  95.58358, 103.34524,-143.25151,  96.74820, 112.70927,-134.66221,  98.87835, 126.39868,-121.45606,  99.20631, 130.07078,-119.34168,  99.35019, 134.19838,-118.33935,  95.35198, 122.42667,-125.17599,  80.51876, 125.69027,-130.51776,  69.11898, 125.83606,-156.09166,  67.54312, 126.74827,-182.02782,  64.58091, 126.78945,-183.27287,  61.31339, 126.74993,-185.34993,  59.38579, 125.91276,-187.02909,  64.63740, 128.27499,-184.33517,  62.13427, 130.00644,-189.01870,  60.30005, 129.72147,-192.34136,  59.43595, 128.88344,-194.13245,  65.82752, 128.43022,-184.82111,  64.03018, 130.20401,-189.65271,  62.98045, 129.62507,-193.62892,  62.58639, 127.88291,-195.52238,  66.72936, 128.50964,-185.04423,  65.89042, 130.20600,-189.56300,  65.52062, 129.74808,-193.13381,  65.32940, 128.18227,-195.08747,  67.87080, 128.44631,-185.17425,  67.79134, 130.00807,-189.39658,  67.95044, 129.78324,-192.28146,  67.96690, 128.56557,-193.64878, 101.11373, 122.07407,-125.73986, 117.00258, 119.48086,-125.91167, 131.65694,  96.87377,-118.28477, 134.33934,  77.68972,-100.94186, 131.36060,  76.90866,-100.02336, 128.01848,  75.36605, -98.82214, 125.87900,  73.74109, -98.68711, 131.61059,  76.45984, -98.26992, 129.17239,  73.06055, -94.56869, 127.12306,  70.10636, -93.32023, 126.02233,  68.25042, -93.29108, 132.77871,  75.92481, -98.10915, 131.03294,  72.31964, -94.41102, 129.66522,  68.56093, -93.29349, 128.86390,  66.22580, -94.11851, 133.66585,  75.63958, -98.07712, 132.86739,  72.18067, -94.70086, 132.21309,  68.75916, -93.71990, 131.63816,  66.40818, -94.38884, 134.76933,  75.35987, -98.24414, 134.71175,  72.03512, -95.20833, 134.65840,  69.26878, -94.34639, 134.38267,  67.56117, -94.94689
   4.03341,  94.25810,  83.61575,-160.37048,  83.74961,  86.21733,-162.32072,  76.84182,  56.75431,-195.70929,  88.00482,  47.01526,-235.07188, 104.76659,  81.01417,-158.42025,  95.00781,  48.32720,-128.97688,  87.37591,  13.40141,-151.13131,  94.85007,  89.86662,-155.22164,  96.27733, 103.40013,-143.47058,  97.50302, 112.75844,-134.88353,  99.76366, 126.43325,-121.68396, 100.10239, 130.10406,-119.56903, 100.23466, 134.23156,-118.56469,  96.20218, 122.43968,-125.34692,  81.08791, 125.26832,-130.11847,  68.25937, 125.08727,-155.00613,  64.24252, 125.37465,-180.69236,  61.16882, 125.23245,-181.61904,  57.70921, 125.01057,-183.34364,  55.67701, 124.08102,-184.84104,  61.00717, 126.74720,-182.62796,  57.90317, 128.41981,-186.96000,  55.74942, 128.09350,-190.08099,  54.76013, 127.24448,-191.80071,  62.12478, 127.00310,-183.22969,  59.70201, 128.77400,-187.78108,  58.27724, 128.23061,-191.64400,  57.80671, 126.51770,-193.54668,  62.98984, 127.15487,-183.54280,  61.55644, 128.91038,-187.88609,  60.84079, 128.52635,-191.41278,  60.55263, 127.00586,-193.39021,  64.11250, 127.17936,-183.79346,  63.47345, 128.84831,-187.92622,  63.33919, 128.71642,-190.81810,  63.29512, 127.54191,-192.22207, 101.95506, 122.13906,-126.02075, 117.87650, 119.88978,-126.83220, 135.45730,  98.91311,-120.92500, 142.78400,  80.33877,-104.27228, 140.11275,  79.17726,-102.91512, 137.23717,  77.22134,-101.21284, 135.39900,  75.31515,-100.73988, 140.67287,  78.83394,-101.21016, 139.30942,  75.26268, -97.13755, 137.91214,  72.09583, -95.55506, 137.10950,  70.10475, -95.33515, 141.91742,  78.47657,-101.21353, 141.26143,  74.79988, -97.24204, 140.63016,  70.92916, -95.87586, 140.06882,  68.47488, -96.53693, 142.83209,  78.32161,-101.30713, 143.03629,  74.91218, -97.79504, 143.03477,  71.47125, -96.67382, 142.71962,  69.03924, -97.21339, 143.92938,  78.19544,-101.62937, 144.79079,  75.01129, -98.56464, 145.26503,  72.29936, -97.65969, 145.15867,  70.54878, -98.18574
   4.05008,  94.89017,  83.66293,-160.55615,  84.36091,  86.23717,-162.42911,  77.71388,  55.88899,-195.06941,  88.79522,  45.34280,-234.24666, 105.41944,  81.08869,-158.68319,  95.33618,  48.48743,-129.25412,  89.16735,  13.54740,-151.83763,  95.50212,  89.91199,-155.40745,  96.98736, 103.43953,-143.65670,  98.26933, 112.79157,-135.07104, 100.63992, 126.45015,-121.87396, 100.98379, 130.11918,-119.75678, 101.09845, 134.24612,-118.74792,  97.04973, 122.44071,-125.49126,  81.67793, 124.78246,-129.66667,  67.18598, 123.71963,-153.60103,  60.85261, 123.05353,-178.80906,  57.71303, 122.69774,-179.39471,  54.10681, 122.25462,-180.73307,  51.99323, 121.21133,-182.02937,  57.32607, 124.22273,-180.32379,  53.63643, 125.76786,-184.22227,  51.17398, 125.36140,-187.09573,  50.06258, 124.48593,-188.72524,  58.34633, 124.58170,-181.03571,  55.29953, 126.28404,-185.22381,  53.49164, 125.73877,-188.92267,  52.93784, 124.04796,-190.82269,  59.15674, 124.80916,-181.43683,  57.11488, 126.56758,-185.52821,  56.03573, 126.22712,-188.96575,  55.63985, 124.74437,-190.95318,  60.23891, 124.92815,-181.80904,  59.01433, 126.65644,-185.78231,  58.56421, 126.59496,-188.64448,  58.44926, 125.46010,-190.07677, 102.79340, 122.18167,-126.25489, 118.71327, 120.34281,-127.79965, 138.75888, 101.18622,-123.90112, 149.98978,  83.63603,-108.34935, 147.80031,  82.11538,-106.55479, 145.59772,  79.79135,-104.37768, 144.19688,  77.63575,-103.58575, 148.67835,  81.92942,-104.96326, 148.59590,  78.34095,-100.68364, 148.01006,  75.05323, -98.85791, 147.58968,  72.96935, -98.48685, 149.94723,  81.77492,-105.16986, 150.55402,  78.19132,-101.10651, 150.79335,  74.32312, -99.61415, 150.54029,  71.78785,-100.14706, 150.84741,  81.76421,-105.41266, 152.17304,  78.56412,-101.94815, 152.91527,  75.21107,-100.80654, 152.91787,  72.74151,-101.26082, 151.88347,  81.80246,-105.91159, 153.73921,  78.91259,-102.99983, 154.79031,  76.34642,-102.15818, 154.88708,  74.58287,-102.64096
   4.06675,  95.54728,  83.72223,-160.71609,  84.99193,  86.25731,-162.49314,  78.72252,  54.64275,-193.98596,  89.82487,  43.27310,-232.92623, 106.10263,  81.18714,-158.93905,  95.73146,  48.62444,-129.56741,  91.24553,  13.67675,-152.53283,  96.18361,  89.97534,-155.57527,  97.74938, 103.51168,-143.84513,  99.11774, 112.86851,-135.27804, 101.66925, 126.52175,-122.10920, 102.02989, 130.19008,-119.99359, 102.13267, 134.31646,-118.98122,  98.03281, 122.48676,-125.65111,  82.47820, 124.40276,-129.33801,  66.00815, 121.87012,-151.83963,  57.35533, 119.70212,-176.26152,  54.21295, 119.05802,-176.45423,  50.51947, 118.30169,-177.33662,  48.36061, 117.09250,-178.39173,  53.56727, 120.56233,-177.26581,  49.27081, 121.84432,-180.59688,  46.50161, 121.27684,-183.14544,  45.27260, 120.34111,-184.65239,  54.44753, 121.03784,-178.08780,  50.73296, 122.54656,-181.78196,  48.51454, 121.92677,-185.23766,  47.87633, 120.24139,-187.11591,  55.17365, 121.35377,-178.58008,  52.45840, 123.01358,-182.30474,  50.97443, 122.66153,-185.58667,  50.46126, 121.20087,-187.56360,  56.18188, 121.58748,-179.08271,  54.29157, 123.29375,-182.79605,  53.47789, 123.26517,-185.57732,  53.28236, 122.16315,-187.02642, 103.75932, 122.28205,-126.54841, 119.64107, 120.84070,-128.76254, 141.58540, 103.53118,-127.08114, 156.33117,  87.40154,-112.99580, 154.67946,  85.63411,-110.88048, 153.18838,  83.08002,-108.38133, 152.24850,  80.76942,-107.37445, 155.80474,  85.61700,-109.44105, 156.88625,  82.16836,-105.18238, 157.06244,  78.88059,-103.27316, 157.00771,  76.76878,-102.83243, 157.03689,  85.63855,-109.83850, 158.75920,  82.28672,-105.89896, 159.77591,  78.53268,-104.44263, 159.81376,  75.97386,-104.91869, 157.88225,  85.74914,-110.21603, 160.16209,  82.86280,-106.97997, 161.54352,  79.68049,-105.94957, 161.83378,  77.22504,-106.38734, 158.81486,  85.92062,-110.86767, 161.48516,  83.40171,-108.26037, 163.01000,  81.03387,-107.57731, 163.28625,  79.28963,-108.06094
   4.08342,  96.24752,  84.03511,-160.88145,  85.65532,  86.50378,-162.52796,  79.80287,  53.54295,-192.69278,  91.02863,  41.30371,-231.33289, 106.83972,  81.56644,-159.23495,  96.23603,  48.96070,-129.99438,  93.78518,  14.03996,-153.30555,  96.90997,  90.29691,-155.75452,  98.55735, 103.84927,-144.05409, 100.00958, 113.21427,-135.50977, 102.73237, 126.86908,-122.37691, 103.10594, 130.53723,-120.26323, 103.19167, 134.66278,-119.24590,  99.05355, 122.80990,-125.84667,  83.34443, 124.22949,-129.07443,  65.63676, 120.30588,-150.40619,  54.59123, 115.89279,-173.52589,  51.53535, 114.92032,-173.31979,  47.85399, 113.79158,-173.72713,  45.70779, 112.38042,-174.52621,  50.63321, 116.36336,-173.98486,  45.81332, 117.24685,-176.66573,  42.79580, 116.43913,-178.84008,  41.47587, 115.40861,-180.20125,  51.33928, 116.94718,-174.89987,  47.01976, 118.12582,-178.01011,  44.42653, 117.34374,-181.15828,  43.71541, 115.63891,-182.99225,  51.95493, 117.34908,-175.47333,  48.60024, 118.78544,-178.74191,  46.72671, 118.34451,-181.80665,  46.10213, 116.87847,-183.74720,  52.85560, 117.69964,-176.09758,  50.31044, 119.27021,-179.46343,  49.13225, 119.21218,-182.11048,  48.85562, 118.12573,-183.55813, 104.76103, 122.65262,-126.86645, 120.56123, 121.64540,-129.79033, 143.85314, 106.11919,-130.44142, 161.97602,  91.92775,-118.35158, 160.92114,  89.99595,-116.01023, 160.18628,  87.31124,-113.31863, 159.72530,  84.91506,-112.18641, 162.25070,  90.14802,-114.76618, 164.42689,  86.93797,-110.74638, 165.32743,  83.73210,-108.90328, 165.61831,  81.63841,-108.46875, 163.39183,  90.32244,-115.35272, 166.13270,  87.28614,-111.74860, 167.84587,  83.71944,-110.48723, 168.14192,  81.17966,-110.97458, 164.14581,  90.53538,-115.85825, 167.26149,  88.02135,-113.03462, 169.19039,  85.06179,-112.24880, 169.72607,  82.65780,-112.73766, 164.93428,  90.81555,-116.64795, 168.28573,  88.70615,-114.50512, 170.19437,  86.56702,-114.08131, 170.61640,  84.86560,-114.61011
   4.10008,  96.96833,  84.38310,-161.05856,  86.33840,  86.77690,-162.56667,  81.02257,  52.15343,-190.91346,  92.39374,  39.05663,-229.22854, 107.59826,  81.98930,-159.55046,  96.79532,  49.25648,-130.52559,  96.27612,  14.38156,-154.02762,  97.65627,  90.65673,-155.94948,  99.39161, 104.23920,-144.29678, 100.93964, 113.62765,-135.79512, 103.86471, 127.30907,-122.73364, 104.25474, 130.97988,-120.62757, 104.32243, 135.10508,-119.60743, 100.13978, 123.20448,-126.09923,  84.26730, 123.90978,-128.70247,  65.23953, 117.85287,-148.33046,  52.36854, 110.98140,-169.85069,  49.50183, 109.66116,-169.24614,  45.95661, 108.10630,-169.16744,  43.90363, 106.44602,-169.68207,  48.35697, 110.98201,-169.77827,  43.15476, 111.26885,-171.79167,  39.99157, 110.09176,-173.55075,  38.63295, 108.90005,-174.73012,  48.86253, 111.63463,-170.77582,  44.06146, 112.26848,-173.27965,  41.18405, 111.15619,-176.06006,  40.44104, 109.36091,-177.79226,  49.34557, 112.09961,-171.42380,  45.44305, 113.10034,-174.21118,  43.24513, 112.41171,-177.00261,  42.54523, 110.86256,-178.85069,  50.10845, 112.54633,-172.16017,  46.97415, 113.77380,-175.15064,  45.47105, 113.55096,-177.61833,  45.13443, 112.42455,-179.02205, 105.81687, 123.12190,-127.28410, 121.46383, 122.65700,-131.04792, 145.68299, 109.01183,-134.40080, 166.28815,  96.78084,-124.30972, 165.91113,  94.77023,-121.83144, 166.00263,  92.05829,-119.06930, 166.05215,  89.64177,-117.88859, 167.40819,  95.10709,-120.83956, 170.64097,  92.25886,-117.28488, 172.24632,  89.22053,-115.64871, 172.86977,  87.18680,-115.28508, 168.39781,  95.41322,-121.61645, 172.08732,  92.80121,-118.56916, 174.42968,  89.49708,-117.65074, 174.95280,  87.00667,-118.19830, 169.01873,  95.71052,-122.24531, 172.87185,  93.65091,-120.02898, 175.26520,  90.96840,-119.61284, 176.00499,  88.64260,-120.20317, 169.61510,  96.07426,-123.15955, 173.52831,  94.43457,-121.65234, 175.73530,  92.55763,-121.58391, 176.26875,  90.91398,-122.18922
   4.11675,  97.70559,  84.82462,-161.26732,  87.03153,  87.12371,-162.60098,  82.37642,  50.53349,-188.48667,  93.97223,  36.59754,-226.43665, 108.37965,  82.52553,-159.93366,  97.49189,  49.59152,-131.16925,  98.92106,  14.80724,-154.76770,  98.42559,  91.11588,-156.18440, 100.25809, 104.74231,-144.59809, 101.90158, 114.16584,-136.15335, 105.01523, 127.89646,-123.18744, 105.42189, 131.57212,-121.09299, 105.47500, 135.69714,-120.07128, 101.25295, 123.73122,-126.43488,  85.27200, 123.64329,-128.38719,  65.11186, 114.59517,-145.58314,  50.83141, 104.76352,-164.95857,  48.24031, 103.14145,-163.96778,  44.95360, 101.17202,-163.40990,  43.08731,  99.24482,-163.60735,  46.88454, 104.27753,-164.42572,  41.50159, 103.80286,-165.83908,  38.34422, 102.14298,-167.16628,  37.03037, 100.72463,-168.12495,  47.19123, 104.92541,-165.50405,  42.10613, 104.81386,-167.46631,  39.11171, 103.19121,-169.84282,  38.42245, 101.21677,-171.39270,  47.53763, 105.40585,-166.22418,  43.26054, 105.75053,-168.58815,  40.88036, 104.63006,-171.07340,  40.18947, 102.89770,-172.75468,  48.15267, 105.89711,-167.06333,  44.58182, 106.54810,-169.72766,  42.86180, 105.99373,-171.99319,  42.52280, 104.75156,-173.29498, 106.89046, 123.74013,-127.79812, 122.33268, 123.79436,-132.35275, 146.89332, 111.52565,-137.85309, 169.41932, 101.44592,-129.66906, 169.62321,  99.43734,-127.16894, 170.39906,  96.77885,-124.46287, 170.86209,  94.39202,-123.31188, 171.21542,  99.92744,-126.41849, 175.21538,  97.44316,-123.41387, 177.33835,  94.59163,-122.05467, 178.20332,  92.63128,-121.79819, 172.03971, 100.31786,-127.33760, 176.38807,  98.10653,-124.90389, 179.15112,  95.05266,-124.36832, 179.82139,  92.61758,-124.99818, 172.52503, 100.66592,-128.05364, 176.85333,  99.01043,-126.46436, 179.52943,  96.57434,-126.43087, 180.39033,  94.32334,-127.13582, 172.93594, 101.07444,-129.04765, 177.17388,  99.83445,-128.16689, 179.53564,  98.17830,-128.44558, 180.12559,  96.58635,-129.13129
   4.13342,  98.42945,  85.36587,-161.49368,  87.70492,  87.54582,-162.60370,  83.73137,  49.20472,-185.94368,  95.52255,  33.89225,-223.29835, 109.15399,  83.18591,-160.38367,  98.37171,  49.97121,-131.90368, 101.92978,  15.34860,-155.51491,  99.19301,  91.68778,-156.45535, 101.15558, 105.37905,-144.96718, 102.92751, 114.84650,-136.59789, 106.29396, 128.62987,-123.75167, 106.73086, 132.31010,-121.67140, 106.78022, 136.43437,-120.64649, 102.48810, 124.38491,-126.84128,  86.46992, 123.23452,-127.98332,  65.88544, 111.38418,-142.81062,  50.62377,  98.04238,-159.09183,  48.42732,  96.16284,-157.68844,  45.56065,  93.79492,-156.60792,  44.01140,  91.60266,-156.43486,  46.87194,  97.03363,-158.08976,  41.52126,  95.62711,-158.85847,  38.55315,  93.39276,-159.68528,  37.39404,  91.70614,-160.36994,  46.96839,  97.60768,-159.24638,  41.80084,  96.54715,-160.62221,  38.88695,  94.26772,-162.50923,  38.37305,  92.06687,-163.80064,  47.16442,  98.05902,-160.03839,  42.68080,  97.52645,-161.93949,  40.28107,  95.82106,-164.04427,  39.71486,  93.84486,-165.48620,  47.61144,  98.54875,-160.97866,  43.74501,  98.39182,-163.28074,  41.92583,  97.36327,-165.28849,  41.66437,  95.95971,-166.43488, 108.05955, 124.52128,-128.44764, 123.21011, 125.15068,-133.85821, 147.75929, 114.39249,-141.95757, 171.84513, 106.81249,-135.75954, 172.54762, 104.87597,-133.29317, 173.89530, 102.34081,-130.69527, 174.70130, 100.02109,-129.59740, 174.18206, 105.50471,-132.77183, 178.73986, 103.40309,-130.32057, 181.25076, 100.75507,-129.23934, 182.29795,  98.87440,-129.08625, 174.83988, 105.94063,-133.79842, 179.64228, 104.12723,-131.96274, 182.68989, 101.31171,-131.78309, 183.46297,  98.92504,-132.47719, 175.19393, 106.31163,-134.57714, 179.81715, 105.03399,-133.58007, 182.66094, 102.81744,-133.89133, 183.59722, 100.62778,-134.68751, 175.43193, 106.73155,-135.62156, 179.83630, 105.84692,-135.31764, 182.26440, 104.37681,-135.90203, 182.88253, 102.82305,-136.64790
   4.15008,  98.83915,  85.32430,-161.68057,  88.06953,  87.38258,-162.56301,  84.73383,  47.36860,-183.01634,  96.75392,  30.91125,-219.80694, 109.60877,  83.26603,-160.79814,  99.10948,  49.65274,-132.68238, 104.27441,  15.11440,-156.11957,  99.64585,  91.68266,-156.69511, 101.72547, 105.44168,-145.30893, 103.60457, 114.94859,-137.00802, 107.16977, 128.77528,-124.26236, 107.62938, 132.45865,-122.19257, 107.67344, 136.58147,-121.16159, 103.33819, 124.45772,-127.21663,  87.42500, 122.01538,-127.33990,  67.02894, 107.08255,-139.38198,  51.47636,  90.65263,-152.19505,  49.69607,  88.64358,-150.42847,  47.30981,  86.01900,-148.87613,  46.13494,  83.65697,-148.35020,  48.00122,  89.22402,-150.78778,  42.89528,  86.96617,-150.96262,  40.26256,  84.23921,-151.30628,  39.33711,  82.33305,-151.71499,  47.93082,  89.66959,-152.00151,  42.91160,  87.70901,-152.82900,  40.26945,  84.82420,-154.22337,  40.01988,  82.43828,-155.23366,  48.00169,  90.05105,-152.84936,  43.53989,  88.64966,-154.30852,  41.30094,  86.37955,-156.02050,  40.95498,  84.18938,-157.19888,  48.30420,  90.49021,-153.86888,  44.36592,  89.50276,-155.81526,  42.60038,  87.99422,-157.54892,  42.48526,  86.44538,-158.51867, 108.84061, 124.71303,-129.03272, 123.55886, 125.99974,-135.43019, 147.73990, 116.53556,-145.90427, 172.76105, 111.21269,-141.25569, 173.92182, 109.41001,-138.86204, 175.78700, 107.06689,-136.40781, 176.91380, 104.85208,-135.37774, 175.54946, 110.18359,-138.56056, 180.53450, 108.52831,-136.66098, 183.37266, 106.12407,-135.85468, 184.58479, 104.33950,-135.79989, 176.03697, 110.64214,-139.66902, 181.16391, 109.27642,-138.41587, 184.43586, 106.72326,-138.56802, 185.31509, 104.38838,-139.31024, 176.26007, 111.01842,-140.49245, 181.06164, 110.14824,-140.05843, 184.02134, 108.16144,-140.68287, 185.03286, 106.03317,-141.55030, 176.33160, 111.42652,-141.56583, 180.79845, 110.91056,-141.79912, 183.25085, 109.62603,-142.65595, 183.90060, 108.10697,-143.44516
   4.16675,  99.00520,  85.21325,-161.83395,  88.18824,  87.11772,-162.43910,  85.56646,  45.39186,-179.25168,  98.06098,  28.32868,-215.60564, 109.82217,  83.30877,-161.22880,  99.72976,  49.27737,-133.46928, 106.27600,  14.80109,-156.65135,  99.85932,  91.62439,-156.92456, 102.07679, 105.48433,-145.68778, 104.09026, 115.05224,-137.48908, 107.91344, 128.95012,-124.89655, 108.40922, 132.64003,-122.84685, 108.45974, 136.76256,-121.81500, 104.05852, 124.53154,-127.66525,  88.40248, 120.88347,-126.77646,  69.07357, 102.34853,-134.95261,  53.98747,  83.04194,-143.65116,  52.77278,  80.97181,-141.51443,  51.06559,  78.16554,-139.46436,  50.41020,  75.71089,-138.58049,  50.97484,  81.18885,-141.75694,  46.39733,  78.04111,-141.17622,  44.31519,  74.86207,-140.96640,  43.74105,  72.78494,-141.07975,  50.72261,  81.46492,-142.99662,  46.12033,  78.54445,-143.10116,  43.97409,  75.08311,-143.91368,  44.10412,  72.58737,-144.64169,  50.65044,  81.74800,-143.88209,  46.43548,  79.39804,-144.72615,  44.54051,  76.57136,-145.95746,  44.52523,  74.22904,-146.86215,  50.77995,  82.10859,-144.96698,  46.95859,  80.19864,-146.38921,  45.37945,  78.19829,-147.76882,  45.48433,  76.54884,-148.55679, 109.45128, 124.94574,-129.75968, 123.69260, 126.81490,-137.03298, 147.33133, 118.35030,-149.42497, 172.88822, 115.20539,-145.82572, 174.36904, 113.55762,-143.49793, 176.59252, 111.41970,-141.15746, 177.95269, 109.31727,-140.17470, 175.95902, 114.44685,-143.35736, 181.18927, 113.18626,-141.85589, 184.24472, 111.00230,-141.23931, 185.57750, 109.30506,-141.24580, 176.31818, 114.90308,-144.51472, 181.61479, 113.92111,-143.67643, 185.03065, 111.58850,-144.04828, 186.00311, 109.29605,-144.80629, 176.44429, 115.26825,-145.36333, 181.31396, 114.73393,-145.32488, 184.34038, 112.93100,-146.15398, 185.41947, 110.84963,-147.05320, 176.39641, 115.64746,-146.44855, 180.85245, 115.42383,-147.05445, 183.30642, 114.28039,-148.08836, 183.99046, 112.78483,-148.89332
   4.18342,  98.89622,  85.01935,-161.92589,  88.03253,  86.72589,-162.18652,  85.96323,  43.72444,-175.49730,  98.81744,  25.79044,-211.30256, 109.75991,  83.31281,-161.66526, 100.37806,  48.77099,-134.28959, 108.33805,  14.39314,-157.17357,  99.80038,  91.50785,-157.12836, 102.16237, 105.50826,-146.09705, 104.31590, 115.15485,-138.02715, 108.40367, 129.13991,-125.61556, 108.93757, 132.83920,-123.59251, 108.99680, 136.96290,-122.56583, 104.53857, 124.60965,-128.18222,  89.28769, 119.82895,-126.24177,  71.63792,  98.59802,-130.90367,  58.00427,  76.74002,-134.41813,  57.47831,  74.70048,-131.99115,  56.61311,  71.83892,-129.53041,  56.57130,  69.40560,-128.38441,  55.65821,  74.54215,-132.01743,  51.90774,  70.64742,-130.61599,  50.55059,  67.16479,-129.89833,  50.40126,  65.01534,-129.77771,  55.22012,  74.63846,-133.23210,  51.32386,  70.89190,-132.52249,  49.84899,  67.01856,-132.78589,  50.40204,  64.53411,-133.33112,  54.99482,  74.81187,-134.12012,  51.27805,  71.62235,-134.23506,  49.87263,  68.37474,-134.99337,  50.23367,  65.99435,-135.70645,  54.92803,  75.07967,-135.23708,  51.44114,  72.33723,-136.00783,  50.15886,  69.94210,-137.01654,  50.50898,  68.27290,-137.68270, 109.79134, 125.19437,-130.57107, 123.45297, 127.66526,-138.72365, 146.51570, 120.12471,-152.69687, 172.34210, 119.30428,-149.81177, 174.03363, 117.82392,-147.51530, 176.49832, 115.90300,-145.22887, 178.03783, 113.92229,-144.25788, 175.56629, 118.81777,-147.47386, 180.93168, 117.94199,-146.19140, 184.14955, 115.97891,-145.66481, 185.58962, 114.37191,-145.69083, 175.84108, 119.26248,-148.65849, 181.22380, 118.64969,-148.04863, 184.76533, 116.53295,-148.52234, 185.85099, 114.28712,-149.26613, 175.90376, 119.61027,-149.52134, 180.79468, 119.39319,-149.70138, 183.89212, 117.76636,-150.62685, 185.06366, 115.73388,-151.52220, 175.78121, 119.95394,-150.61251, 180.20978, 120.00134,-151.42429, 182.68373, 118.98940,-152.54407, 183.42721, 117.51846,-153.34166
   4.20008,  98.37112,  84.73717,-161.90237,  87.47368,  86.23265,-161.80571,  85.94878,  42.24810,-171.48138,  98.99519,  23.63235,-206.86669, 109.26856,  83.24170,-161.99903, 100.98156,  48.08919,-135.05075, 109.97137,  13.75627,-157.61864,  99.31399,  91.30527,-157.22204, 101.79826, 105.45152,-146.40574, 104.07734, 115.18112,-138.47111, 108.40737, 129.26254,-126.25211, 108.97279, 132.97286,-124.25803, 109.03314, 137.09828,-123.23833, 104.54888, 124.61926,-128.61897,  89.92023, 118.71000,-125.41067,  74.80676,  95.16195,-126.44612,  63.45498,  71.81492,-125.01310,  63.67095,  69.88968,-122.44924,  63.71683,  67.09923,-119.76528,  64.29649,  64.78474,-118.52300,  61.92815,  69.40498,-122.19194,  59.21479,  65.00722,-120.07146,  58.65319,  61.39641,-119.00739,  58.92997,  59.26905,-118.77349,  61.31257,  69.33531,-123.32897,  58.33184,  65.00808,-121.87586,  57.59079,  60.92380,-121.74593,  58.51919,  58.54735,-122.26185,  60.93544,  69.40251,-124.17906,  57.90771,  65.59620,-123.59131,  57.04634,  62.10360,-123.98745,  57.74482,  59.78290,-124.64442,  60.66224,  69.57477,-125.28336,  57.68102,  66.20241,-125.39727,  56.74338,  63.55078,-126.09592,  57.30392,  61.92922,-126.73537, 109.64159, 125.37163,-131.29071, 122.50468, 128.54497,-140.43843, 144.78693, 122.08833,-156.11687, 170.61922, 123.22408,-153.39611, 172.46803, 121.95551,-151.09411, 175.12198, 120.30810,-148.80610, 176.83210, 118.48626,-147.80987, 173.91805, 123.06699,-151.11774, 179.36047, 122.65536,-149.93044, 182.73307, 120.96797,-149.41669, 184.29459, 119.47850,-149.42595, 174.13306, 123.49332,-152.32133, 179.55851, 123.32334,-151.81460, 183.24572, 121.47583,-152.30303, 184.48997, 119.29892,-153.00197, 174.15076, 123.81687,-153.19563, 179.03897, 123.97721,-153.47925, 182.23584, 122.56852,-154.42410, 183.54582, 120.60602,-155.28296, 173.97960, 124.11447,-154.29378, 178.37343, 124.48177,-155.20635, 180.89650, 123.63073,-156.35014, 181.73750, 122.19743,-157.11886
   4.21675,  97.40793,  84.37770,-161.70454,  86.49213,  85.62309,-161.16194,  85.57581,  40.92373,-166.79322,  98.87816,  21.82676,-201.82504, 108.32372,  83.13231,-162.24715, 101.26874,  47.36249,-135.76449, 110.76672,  12.96924,-158.03035,  98.39341,  91.03725,-157.16433, 101.01045, 105.36035,-146.61537, 103.41862, 115.19974,-138.85620, 107.98323, 129.42691,-126.89411, 108.57701, 133.15501,-124.94188, 108.63393, 137.28435,-123.93800, 104.16018, 124.64205,-129.02470,  90.20509, 117.92462,-124.62679,  78.78901,  92.53064,-121.65712,  70.58527,  68.73167,-115.15268,  71.64950,  67.03655,-112.63861,  72.72688,  64.46937,-109.94766,  73.94431,  62.36805,-108.79075,  70.10778,  66.28472,-112.00905,  68.69729,  61.63913,-109.24716,  69.00832,  58.06029,-107.98986,  69.69793,  56.02836,-107.76040,  69.29816,  66.04099,-112.98974,  67.48330,  61.37769,-110.82619,  67.51708,  57.24363,-110.43136,  68.72761,  55.02787,-111.06430,  68.75185,  65.99004,-113.74363,  66.62550,  61.77637,-112.43049,  66.33296,  58.17091,-112.54104,  67.28373,  55.96260,-113.26529,  68.23595,  66.04366,-114.77064,  65.93654,  62.22012,-114.16508,  65.36103,  59.41009,-114.57858,  66.05890,  57.86771,-115.27614, 109.03985, 125.58924,-132.01328, 120.92919, 129.44682,-142.16082, 142.70377, 123.88692,-158.86278, 168.32830, 126.86098,-155.61651, 170.24394, 125.79307,-153.26779, 172.99081, 124.40738,-150.91685, 174.82219, 122.74442,-149.86010, 171.60720, 127.00894,-153.30893, 177.05327, 127.03581,-152.06853, 180.53712, 125.61900,-151.48451, 182.20538, 124.25075,-151.44270, 171.80159, 127.41948,-154.52149, 177.21938, 127.66872,-153.96782, 181.03870, 126.09038,-154.37896, 182.44861, 123.99561,-155.01118, 171.80367, 127.72117,-155.40374, 176.66885, 128.23944,-155.65297, 179.97097, 127.05031,-156.53564, 181.43200, 125.17013,-157.33279, 171.62155, 127.97717,-156.51058, 175.98448, 128.64882,-157.39780, 178.57507, 127.96014,-158.49916, 179.52810, 126.57472,-159.22366
   4.23342,  96.25674,  84.67622,-161.22478,  85.35854,  85.62325,-160.07050,  84.95383,  40.61565,-162.24653,  98.31277,  20.32623,-196.57950, 107.15494,  83.72918,-162.37906, 101.70037,  47.22370,-136.52984, 111.57855,  12.79361,-158.57220,  97.30712,  91.44072,-156.85756, 100.11289, 105.97917,-146.65748, 102.68910, 115.96342,-139.14113, 107.53859, 130.40128,-127.54932, 108.16539, 134.15403,-125.65552, 108.21633, 138.28791,-124.67017, 103.78729, 125.43594,-129.37226,  90.65209, 118.09968,-123.64025,  83.24168,  91.83751,-117.36455,  79.34357,  69.03090,-105.50440,  81.30035,  67.76000,-103.29479,  83.46804,  65.64970,-100.87816,  85.29135,  63.87937, -99.99637,  80.12966,  66.83680,-102.23852,  80.31595,  62.29957, -98.98616,  81.56281,  58.94349, -97.69478,  82.63318,  57.07409, -97.56586,  79.15008,  66.38083,-102.95206,  78.80089,  61.70825,-100.16529,  79.65904,  57.68398, -99.60291,  81.03403,  55.63657,-100.43545,  78.44543,  66.17637,-103.52743,  77.50208,  61.81957,-101.49543,  77.82719,  58.21792,-101.35562,  78.93051,  56.12884,-102.20625,  77.68086,  66.05456,-104.37855,  76.32218,  61.98972,-102.99851,  76.16093,  59.09839,-103.11064,  76.91419,  57.62707,-103.89828, 108.35081, 126.61640,-132.75172, 119.21706, 131.07203,-143.76453, 140.65889, 126.56458,-161.19815, 165.88771, 131.32962,-157.09930, 167.78420, 130.49139,-154.64426, 170.53528, 129.40911,-152.14374, 172.45518, 127.93878,-150.96551, 169.03841, 131.81995,-154.66401, 174.40298, 132.35185,-153.20198, 177.96704, 131.25879,-152.43496, 179.74333, 130.04248,-152.28553, 169.24928, 132.21555,-155.87878, 174.59642, 132.94934,-155.11013, 178.55151, 131.69987,-155.31862, 180.16237, 129.72075,-155.83224, 169.26375, 132.49422,-156.76846, 174.07260, 133.42784,-156.83211, 177.49992, 132.50918,-157.54391, 179.15039, 130.74412,-158.22629, 169.10855, 132.70576,-157.88871, 173.43202, 133.73251,-158.61458, 176.11760, 133.24485,-159.58836, 177.21675, 131.93008,-160.23320
   4.25009,  94.85025,  85.22741,-160.36488,  84.01796,  85.90212,-158.57431,  83.81548,  40.84318,-158.08991,  96.84055,  18.69132,-191.38432, 105.68254,  84.55269,-162.15546, 102.33149,  47.08376,-137.34753, 112.21567,  12.51401,-159.16748,  95.97129,  92.08779,-156.16812,  98.97241, 106.83308,-146.32687, 101.71039, 116.96485,-139.06958, 106.81350, 131.63236,-127.88200, 107.46427, 135.41120,-126.04914, 107.49964, 139.54874,-125.07859, 103.16442, 126.49144,-129.40027,  91.15776, 118.63437,-122.09846,  88.29748,  92.27783,-113.09004,  88.95178,  71.77358, -97.11670,  91.57585,  70.98420, -95.43811,  94.57389,  69.41286, -93.55794,  96.79516,  67.97247, -93.08113,  90.86337,  70.04910, -94.03938,  92.52966,  65.93959, -90.64313,  94.53113,  62.91005, -89.50226,  95.85114,  61.20317, -89.53563,  89.80634,  69.40797, -94.42443,  90.85903,  65.05236, -91.31934,  92.39377,  61.23953, -90.72403,  93.77940,  59.28945, -91.75009,  89.01234,  69.06210, -94.76988,  89.25634,  64.86796, -92.24988,  90.11217,  61.36483, -91.94525,  91.23951,  59.33993, -92.91168,  88.07761,  68.76128, -95.36953,  87.71383,  64.73701, -93.38298,  87.93916,  61.85139, -93.23871,  88.66129,  60.40227, -94.09379, 107.36979, 127.88388,-133.14407, 116.88754, 133.01049,-145.07472, 138.03217, 129.82917,-163.15189, 162.59025, 136.26309,-157.53895, 164.37557, 135.68216,-154.93094, 167.03042, 134.94981,-152.20921, 168.99950, 133.71578,-150.85421, 165.48317, 137.13499,-154.89910, 170.63993, 138.26126,-153.07198, 174.23117, 137.56714,-152.01992, 176.10799, 136.54862,-151.70829, 165.74164, 137.52471,-156.10655, 170.91174, 138.83512,-154.97782, 174.97960, 138.00604,-154.86577, 176.82079, 136.19757,-155.20499, 165.79326, 137.78437,-157.00059, 170.47065, 139.21891,-156.74607, 174.01818, 138.65230,-157.18326, 175.88900, 137.05724,-157.69409, 165.70071, 137.95447,-158.13474, 169.93629, 139.41627,-158.57798, 172.72293, 139.19427,-159.34205, 173.99744, 137.98948,-159.86804
   4.26675,  93.30236,  86.09764,-159.10370,  82.61591,  86.47284,-156.52318,  82.55123,  41.48492,-153.94118,  95.13828,  17.18642,-185.87900, 103.98881,  85.72244,-161.68422, 102.72363,  47.30271,-138.17023, 111.97309,  12.37491,-159.69629,  94.51510,  93.05295,-155.09280,  97.75630, 108.01723,-145.66702, 100.67679, 118.31658,-138.72356, 106.04352, 133.26192,-128.03830, 106.71860, 137.07232,-126.28114, 106.73803, 141.21441,-125.32968, 102.54075, 127.93313,-129.21496,  91.72951, 119.80958,-120.47797,  94.12948,  94.28168,-109.22779,  99.58801,  77.45815, -90.17068, 102.65164,  77.17691, -89.24246, 106.22814,  76.19117, -88.13372, 108.66182,  75.04524, -88.14667, 102.47839,  76.41397, -87.59128, 105.53130,  73.05226, -84.33894, 108.14374,  70.42811, -83.45882, 109.61298,  68.86039, -83.66024, 101.44841,  75.62958, -87.56877, 103.86853,  71.92591, -84.38334, 105.98763,  68.40442, -83.78677, 107.27792,  66.44732, -84.91837, 100.64172,  75.16505, -87.62221, 102.10962,  71.45694, -84.77687, 103.46194,  68.13451, -84.29745, 104.53223,  66.09040, -85.28801,  99.62524,  74.69248, -87.88150, 100.34546,  71.01404, -85.38674, 100.97311,  68.21818, -84.95354, 101.61347,  66.72218, -85.79286, 106.29373, 129.53293,-133.33755, 114.41860, 135.21760,-146.02144, 135.38472, 133.33222,-164.48403, 158.95210, 141.17456,-156.79792, 160.54866, 140.81861,-154.03190, 163.01212, 140.40402,-151.07355, 164.96890, 139.40028,-149.52448, 161.49457, 142.37900,-153.93730, 166.32619, 144.06042,-151.69513, 169.86184, 143.75802,-150.31915, 171.79787, 142.94452,-149.82219, 161.81807, 142.77668,-155.12634, 166.70612, 144.63292,-153.58281, 170.81132, 144.23278,-153.09849, 172.85070, 142.62096,-153.23469, 161.92208, 143.02786,-156.01824, 166.38694, 144.94419,-155.39107, 169.99857, 144.74338,-155.50504, 172.06072, 143.34448,-155.81447, 161.91376, 143.17166,-157.15975, 166.00009, 145.05950,-157.26655, 168.85162, 145.11776,-157.78014, 170.28438, 144.04479,-158.16550
   4.28342,  91.81934,  87.38786,-157.47592,  81.32529,  87.51305,-154.18056,  81.27638,  42.60140,-150.50286,  92.79511,  15.77751,-180.77946, 102.31338,  87.26268,-160.77128, 103.36152,  47.74687,-139.13829, 111.44638,  12.14681,-160.02238,  93.10803,  94.42743,-153.63950,  96.54908, 109.62324,-144.66582,  99.62463, 120.12752,-138.10695, 105.25575, 135.42315,-128.07332, 105.95500, 139.27358,-126.41568, 105.95976, 143.42215,-125.49277, 101.97355, 129.88516,-128.85294,  92.44806, 121.80605,-118.69405,  99.51057,  97.69493,-106.33382, 110.39008,  86.07882, -85.77410, 113.59780,  86.25705, -85.84666, 117.44588,  85.83120, -85.78890, 119.90473,  84.91213, -86.37667, 114.03815,  85.86057, -84.11825, 118.37819,  83.54815, -81.46952, 121.48760,  81.40047, -81.01709, 123.04201,  79.95155, -81.39317, 113.18769,  85.01869, -83.62371, 116.96074,  82.30755, -80.77153, 119.65107,  79.18518, -80.26125, 120.81599,  77.14037, -81.37360, 112.47856,  84.48953, -83.32956, 115.25261,  81.62243, -80.48613, 117.15568,  78.60569, -79.87399, 118.16784,  76.48904, -80.76869, 111.51130,  83.89063, -83.15773, 113.47119,  80.91511, -80.40480, 114.60013,  78.34140, -79.69776, 115.17194,  76.75576, -80.41283, 105.12515, 131.69106,-133.37468, 111.65266, 137.93521,-146.70180, 132.57433, 137.21540,-165.29658, 154.77498, 146.14980,-155.13255, 156.07820, 145.97017,-152.20067, 158.22273, 145.82063,-148.98026, 160.08339, 145.02698,-147.20708, 156.84713, 147.61849,-152.02657, 161.20435, 149.78973,-149.28808, 164.57547, 149.85233,-147.52250, 166.51484, 149.24076,-146.80014, 157.26086, 148.04102,-153.17848, 161.73493, 150.38849,-151.13074, 165.77905, 150.40701,-150.18622, 167.97134, 149.00857,-150.06863, 157.43884, 148.29709,-154.05720, 161.59146, 150.65721,-152.96807, 165.19494, 150.82132,-152.67618, 167.40796, 149.63618,-152.73162, 157.54450, 148.43378,-155.19472, 161.40819, 150.72380,-154.87656, 164.27924, 151.06703,-155.07052, 165.84604, 150.14226,-155.27670
   4.30009,  90.53838,  89.09987,-155.44453,  80.40032,  88.84536,-151.18366,  80.42331,  43.93132,-147.53504,  90.18801,  14.70711,-176.16144, 100.67643,  89.35438,-159.70540, 104.28184,  48.61241,-140.79305, 111.11075,  12.08590,-160.49218,  91.87647,  96.24872,-151.83374,  95.48192, 111.70442,-143.38375,  98.69354, 122.41209,-137.23160, 104.51705, 138.05319,-127.86238, 105.22994, 141.94232,-126.30386, 105.21801, 146.09655,-125.40680, 101.48381, 132.33723,-128.28332,  93.48373, 124.62827,-116.63082, 104.64659, 102.28275,-103.97902, 120.15904,  95.85757, -84.12755, 123.17339,  96.27160, -85.16138, 126.91925,  96.18212, -86.13755, 129.23981,  95.35237, -87.21580, 124.10772,  96.32568, -83.59211, 129.27852,  95.05140, -81.90742, 132.67053,  93.32579, -81.95410, 134.26034,  91.95908, -82.46554, 123.54796,  95.55659, -82.71358, 128.28890,  93.89769, -80.59400, 131.43587,  91.20725, -80.26915, 132.54442,  89.06009, -81.23684, 123.02522,  95.05525, -82.12639, 126.83344,  93.16275, -79.69398, 129.24152,  90.53504, -79.06677, 130.27230,  88.35669, -79.77206, 122.23389,  94.43704, -81.56478, 125.25721,  92.35283, -78.95919, 126.88887,  90.11427, -78.10775, 127.47140,  88.45695, -78.62399, 104.02088, 134.28971,-133.11975, 108.72812, 141.14326,-146.90673, 129.58021, 141.39577,-165.59165, 150.41343, 150.80024,-153.20081, 151.29980, 150.76724,-150.11215, 152.97155, 150.84734,-146.62056, 154.62925, 150.24909,-144.58827, 151.87696, 152.48322,-149.86560, 155.57778, 155.08350,-146.58818, 158.64399, 155.48322,-144.36912, 160.51071, 155.06664,-143.36973, 152.40768, 152.93585,-150.95652, 156.30469, 155.71810,-148.35009, 160.15442, 156.13331,-146.84857, 162.43037, 154.95383,-146.39636, 152.68316, 153.20191,-151.80665, 156.39786, 155.95919,-150.19447, 159.89194, 156.47233,-149.40374, 162.19262, 155.50597,-149.12427, 152.93530, 153.34040,-152.92067, 156.48098, 155.99477,-152.11077, 159.30513, 156.61218,-151.90731, 160.96571, 155.84156,-151.87294
   4.31675,  89.66519,  91.20827,-153.27081,  80.06823,  90.46321,-147.94697,  80.24475,  45.50740,-144.86026,  87.27544,  13.71769,-171.48466,  99.26215,  91.95332,-158.59465, 105.00567,  50.19049,-142.67416, 110.46683,  12.25228,-159.98726,  90.96795,  98.48185,-149.90449,  94.59183, 114.22869,-142.01874,  97.86582, 125.15964,-136.30797, 103.80988, 141.16996,-127.66635, 104.52704, 145.10116,-126.21935, 104.49886, 149.26306,-125.35894, 101.07727, 135.28968,-127.73857,  94.48589, 128.17666,-114.88678, 109.61410, 107.94758,-102.80697, 129.02358, 106.28035, -85.58802, 131.59761, 106.80948, -87.43761, 134.96835, 106.94541, -89.33813, 137.07136, 106.17825, -90.82975, 132.85503, 107.29856, -86.20545, 138.41453, 107.00616, -85.75222, 141.93470, 105.70840, -86.39248, 143.56014, 104.45553, -87.05973, 132.65305, 106.67250, -85.09016, 137.96693, 106.04894, -84.04376, 141.49856, 103.86445, -84.09872, 142.68305, 101.70291, -84.93557, 132.37366, 106.24941, -84.30764, 136.90669, 105.35821, -82.67726, 139.79203, 103.21376, -82.26103, 140.96928, 101.06820, -82.82299, 131.85016, 105.67677, -83.45804, 135.70396, 104.54615, -81.42251, 137.83506, 102.73798, -80.65614, 138.54240, 101.08684, -81.01107, 102.94002, 137.34701,-132.83147, 105.67221, 144.77459,-146.85203, 126.51427, 145.56474,-165.53315, 145.95051, 154.95306,-151.03858, 146.41178, 154.99193,-147.85860, 147.58775, 155.19739,-144.17523, 148.99111, 154.71889,-141.93074, 146.83746, 156.74341,-147.55923, 149.88453, 159.59699,-143.84824, 152.59032, 160.20834,-141.24236, 154.32804, 159.92056,-139.99557, 147.48010, 157.22557,-148.57469, 150.79995, 160.27087,-145.50454, 154.37632, 160.94654,-143.50442, 156.64219, 159.92233,-142.73472, 147.85000, 157.50568,-149.38346, 151.12553, 160.50978,-147.32264, 154.43991, 161.25659,-146.07592, 156.73970, 160.44593,-145.47684, 148.24076, 157.65585,-150.45517, 151.46426, 160.54266,-149.21064, 154.18883, 161.34664,-148.63728, 155.87613, 160.68787,-148.36974
   4.33342,  89.29421,  93.63313,-151.06262,  80.57507,  92.26417,-144.49738,  80.97500,  47.24953,-142.47104,  84.24296,  12.62220,-166.11727,  98.01336,  95.00208,-157.62787, 105.53530,  52.34603,-145.19946, 109.87261,  12.57006,-158.15846,  90.44939, 101.05615,-147.98063,  93.91559, 117.14996,-140.75186,  97.17297, 128.34327,-135.56370, 103.16323, 144.77744,-127.79361, 103.87667, 148.75479,-126.47674, 103.83705, 152.92436,-125.65478, 100.82981, 138.73434,-127.50028,  95.77268, 132.25078,-113.65835, 113.82517, 113.88605,-102.66544, 136.35025, 116.54147, -89.95445, 138.24901, 117.04484, -92.49765, 140.96377, 117.26126, -95.25004, 142.73311, 116.50933, -97.13156, 139.66503, 117.92090, -91.74537, 145.12389, 118.45703, -92.80010, 148.54822, 117.53791, -94.18386, 150.15346, 116.40700, -95.07897, 139.86045, 117.49707, -90.53756, 145.29131, 117.79131, -90.91218, 149.02927, 116.12225, -91.61167, 150.33406, 114.01686, -92.41197, 139.86358, 117.19725, -89.65467, 144.74314, 117.23892, -89.22016, 147.97533, 115.61297, -89.30027, 149.33851, 113.57440, -89.83981, 139.67744, 116.73244, -88.61876, 144.05315, 116.52844, -87.57714, 146.59407, 115.19652, -87.16709, 147.47319, 113.61621, -87.45403, 101.86619, 140.86044,-132.79609, 102.44568, 148.81634,-146.78100, 123.27699, 149.40484,-165.48154, 141.70801, 158.33932,-149.46677, 141.74145, 158.41566,-146.25436, 142.41154, 158.68285,-142.45015, 143.51683, 158.26192,-140.03412, 142.07543, 160.18086,-145.92112, 144.52309, 163.14886,-141.87155, 146.84089, 163.85739,-138.93703, 148.40478, 163.62907,-137.46764, 142.83383, 160.67348,-146.84782, 145.63163, 163.83605,-143.39941, 148.89069, 164.62921,-140.95055, 151.06142, 163.67629,-139.87562, 143.30009, 160.95790,-147.60353, 146.18921, 164.07031,-145.16088, 149.28685, 164.92132,-143.49427, 151.50800, 164.18153,-142.58636, 143.82551, 161.11103,-148.61560, 146.77475, 164.09848,-146.98755, 149.37593, 164.98460,-146.06717, 151.03014, 164.37653,-145.57078
   4.35009,  89.36210,  96.26220,-148.84674,  81.72158,  94.30943,-141.17803,  82.23344,  49.25480,-140.54374,  81.74066,  12.32583,-160.66546,  97.00262,  98.21497,-156.51545, 105.60107,  54.78543,-148.11751, 109.63014,  13.70212,-156.16759,  90.30328, 103.80404,-145.98856,  93.48861, 120.19006,-139.30780,  96.65584, 131.61272,-134.58456, 102.60697, 148.41932,-127.62310, 103.31436, 152.43252,-126.41632, 103.28120, 156.60510,-125.60950, 100.67817, 142.25569,-127.04045,  97.66755, 136.24652,-112.41048, 118.09615, 119.62820,-102.89713, 142.25276, 125.28570, -95.12213, 143.43947, 125.66683, -98.08405, 145.41067, 125.84189,-101.41213, 146.81695, 125.06705,-103.57040, 144.83020, 126.81480, -97.78983, 149.76685, 127.89545,-100.16905, 152.90228, 127.23942,-102.22437, 154.42816, 126.21005,-103.35090, 145.35178, 126.59362, -96.62550, 150.44978, 127.52878, -98.31578, 154.15645, 126.27308, -99.70546, 155.56783, 124.26173,-100.56459, 145.59699, 126.42377, -95.74209, 150.38283, 127.15373, -96.49276, 153.73263, 125.96230, -97.16842, 155.24723, 124.06072, -97.79698, 145.71984, 126.08908, -94.64815, 150.19352, 126.59836, -94.66626, 152.93978, 125.67549, -94.73514, 153.97193, 124.19695, -95.05322, 100.92902, 144.39713,-132.42481,  99.12264, 152.59494,-146.16319, 119.89209, 152.64437,-164.94157, 137.79621, 160.99300,-148.03763, 137.41751, 161.09341,-144.84811, 137.59417, 161.39029,-140.99155, 138.38103, 160.98951,-138.45062, 137.70441, 162.86167,-144.48833, 139.61005, 165.86447,-140.18127, 141.53191, 166.59929,-136.97937, 142.89475, 166.38491,-135.31995, 138.57489, 163.34879,-145.31392, 140.90468, 166.54231,-141.55965, 143.82220, 167.35990,-138.71940, 145.83810, 166.41914,-137.36783, 139.13391, 163.62844,-146.00579, 141.68324, 166.76446,-143.23686, 144.54090, 167.63374,-141.19351, 146.62802, 166.90495,-140.00276, 139.78460, 163.77499,-146.94331, 142.49808, 166.78008,-144.97357, 144.95900, 167.67795,-143.73418, 146.53649, 167.07674,-143.02522
   4.36675,  89.77333,  98.87913,-146.65922,  83.78088,  96.34793,-137.78884,  84.21209,  51.29182,-138.37602,  80.21499,  12.59264,-154.35325,  95.76578, 101.41032,-155.52961, 104.45714,  57.45579,-150.72922, 108.95751,  15.80888,-154.49171,  90.46967, 106.52238,-144.00778,  93.33139, 123.17660,-137.86548,  96.37656, 134.81346,-133.60777, 102.21671, 151.97495,-127.46648, 102.91319, 156.02173,-126.37055, 102.89514, 160.19764,-125.58068, 100.72863, 145.71753,-126.64168,  99.84680, 139.92924,-111.64408, 122.46214, 125.12652,-104.33476, 147.16999, 132.82775,-101.84218, 147.61247, 133.01823,-105.01936, 148.76111, 133.05849,-108.71685, 149.75497, 132.22329,-111.07286, 148.85749, 134.34925,-105.14904, 152.94913, 135.74143,-108.68731, 155.61811, 135.24102,-111.35410, 156.98956, 134.28287,-112.71720, 149.64751, 134.32179,-104.12351, 154.06651, 135.66572,-107.01962, 157.51757, 134.71523,-109.12536, 158.97576, 132.80404,-110.12367, 150.10190, 134.28098,-103.31032, 154.45451, 135.48900,-105.20667, 157.70850, 134.63822,-106.54265, 159.30140, 132.87310,-107.35022, 150.50759, 134.08620,-102.25142, 154.75060, 135.12013,-103.34746, 157.51705, 134.52938,-103.97687, 158.65252, 133.15845,-104.40562, 100.16530, 147.83147,-132.01327,  96.31182, 155.98867,-145.34822, 116.82477, 155.06826,-164.38429, 134.69415, 162.85906,-147.17996, 134.01649, 162.98807,-144.04138, 133.83278, 163.30471,-140.18673, 134.36480, 162.90152,-137.58087, 134.30981, 164.75138,-143.66296, 135.86822, 167.73572,-139.20604, 137.49394, 168.44549,-135.83871, 138.68739, 168.20977,-134.05628, 135.26615, 165.21297,-144.40388, 137.30374, 168.37468,-140.45763, 139.95667, 169.14178,-137.35587, 141.81205, 168.16278,-135.81485, 135.89489, 165.47523,-145.04051, 138.24325, 168.56822,-142.05400, 140.91359, 169.38345,-139.75142, 142.86018, 168.61370,-138.36455, 136.63504, 165.60077,-145.91242, 139.21963, 168.55409,-143.70532, 141.57223, 169.40213,-142.24092, 143.06046, 168.76879,-141.38266
   4.38342,  90.45349, 101.30853,-144.70923,  86.31997,  98.35536,-134.95255,  86.55522,  53.31248,-136.24389,  79.79124,  13.48151,-147.93224,  94.58702, 104.26171,-154.46591, 102.63784,  59.98030,-152.24661, 108.62628,  18.35351,-152.71956,  90.95256, 109.00458,-142.16833,  93.48051, 125.86554,-136.45886,  96.31340, 137.70972,-132.64995, 101.83117, 155.25679,-127.35903, 102.48733, 159.34182,-126.38719, 102.47726, 163.52497,-125.63642, 100.88960, 148.92122,-126.34709, 102.37485, 143.19679,-111.37262, 126.44815, 129.75911,-106.48336, 150.57009, 138.81943,-109.95355, 150.28626, 138.73048,-113.15325, 150.59214, 138.51369,-117.00706, 151.14790, 137.55127,-119.45675, 151.29788, 140.16411,-113.66302, 154.31946, 141.60842,-118.13326, 156.38812, 141.12054,-121.29051, 157.53998, 140.17707,-122.85258, 152.28849, 140.32392,-112.84463, 155.77220, 141.82011,-116.76206, 158.77577, 141.02581,-119.51799, 160.20937, 139.18571,-120.67316, 152.90976, 140.41385,-112.15518, 156.56279, 141.87047,-115.07654, 159.52993, 141.23263,-117.04792, 161.11711, 139.57054,-118.05958, 153.55631, 140.37139,-111.20441, 157.29833, 141.72585,-113.31063, 159.91415, 141.36630,-114.50504, 161.09141, 140.08498,-115.07498,  99.42863, 150.95777,-131.57758,  93.61340, 158.87864,-144.33113, 113.69751, 156.59875,-163.70716, 131.82718, 163.91513,-146.56698, 130.99701, 164.09171,-143.46759, 130.63102, 164.44068,-139.62876, 131.01356, 164.03361,-136.99740, 131.34158, 165.84431,-143.08267, 132.79100, 168.79303,-138.56567, 134.27118, 169.45923,-135.12316, 135.36226, 169.18763,-133.28122, 132.35207, 166.26240,-143.77601, 134.31270, 169.36583,-139.74540, 136.83372, 170.04648,-136.51607, 138.56763, 169.00414,-134.87817, 133.02234, 166.49512,-144.38097, 135.33898, 169.51117,-141.29272, 137.91982, 170.23397,-138.86085, 139.76099, 169.39605,-137.37320, 133.81020, 166.58524,-145.21461, 136.39646, 169.44717,-142.89210, 138.70405, 170.20998,-141.31363, 140.12012, 169.52324,-140.37786
   4.40009,  91.18414, 103.42761,-142.93039,  88.85856, 100.26753,-132.65393,  89.24370,  55.23307,-134.18141,  80.88304,  14.87045,-142.53803,  93.50973, 106.58770,-153.20684, 101.09749,  62.16978,-152.96473, 108.80408,  20.83317,-152.08825,  91.59808, 111.15206,-140.46139,  93.90367, 128.15819,-135.09891,  96.51273, 140.16348,-131.65169, 101.59508, 158.03017,-127.03748, 102.19057, 162.14878,-126.17439, 102.17266, 166.34129,-125.47792, 101.17566, 151.65281,-125.94048, 105.36248, 146.28755,-111.34957, 130.30574, 133.75542,-109.16330, 152.95760, 143.15325,-117.79892, 152.01802, 142.70383,-120.83895, 151.52727, 142.10497,-124.63275, 151.64912, 140.93545,-127.05215, 152.75150, 144.15078,-121.67970, 154.60640, 145.34760,-126.81059, 156.00351, 144.69297,-130.28983, 156.88974, 143.68329,-131.97865, 153.87094, 144.47407,-121.11494, 156.28627, 145.81734,-125.81419, 158.70758, 144.97529,-129.08154, 160.04292, 143.14216,-130.35910, 154.61106, 144.68527,-120.58862, 157.40434, 146.10816,-124.35340, 159.93948, 145.50141,-126.86380, 161.43654, 143.87205,-128.05087, 155.44391, 144.79491,-119.80240, 158.50526, 146.20989,-122.78560, 160.83419, 145.93353,-124.48798, 161.98738, 144.69602,-125.18891,  98.93428, 153.57923,-130.93098,  90.88947, 161.28910,-142.55203, 110.20562, 157.12020,-162.38904, 128.83879, 164.13363,-145.66729, 127.94955, 164.40488,-142.59122, 127.51589, 164.83816,-138.76805, 127.81887, 164.45841,-136.12228, 128.37245, 166.14470,-142.22693, 129.86607, 169.09605,-137.72608, 131.30050, 169.74784,-134.26151, 132.33532, 169.45458,-132.39066, 129.41775, 166.50015,-142.90340, 131.44038, 169.57224,-138.87943, 133.91957, 170.18322,-135.60411, 135.56236, 169.08492,-133.90982, 130.11212, 166.68886,-143.49639, 132.50689, 169.63970,-140.40474, 135.06569, 170.27597,-137.92586, 136.82913, 169.37389,-136.38260, 130.92189, 166.72537,-144.31293, 133.59526, 169.49566,-141.97798, 135.90225, 170.17059,-140.35913, 137.26108, 169.43094,-139.37982
   4.41676,  91.96493, 105.15675,-141.22792,  91.44753, 102.00093,-130.70304,  92.61963,  56.98266,-132.30464,  83.18375,  16.48268,-138.59683,  92.48233, 108.31258,-151.75280,  99.64024,  63.82847,-152.46882, 108.08658,  22.62733,-152.46935,  92.42429, 112.91594,-138.87879,  94.64838, 130.05553,-133.92215,  97.04175, 142.19659,-130.81021, 101.59552, 160.33198,-126.72238, 102.11119, 164.48002,-125.95407, 102.06726, 168.68273,-125.32333, 101.69421, 153.94032,-125.63288, 108.04546, 149.27984,-111.59181, 133.22465, 137.06863,-112.53766, 153.70906, 146.03416,-125.80447, 152.20667, 145.25167,-128.53524, 151.00025, 144.27495,-132.08249, 150.71309, 142.89306,-134.37247, 152.64603, 146.65196,-129.62367, 153.32665, 147.46465,-135.10776, 154.03153, 146.56586,-138.73832, 154.62748, 145.45321,-140.48869, 153.83016, 147.08776,-129.33292, 155.13500, 148.11722,-134.52510, 156.89667, 147.10833,-138.14809, 158.07499, 145.24024,-139.52556, 154.64432, 147.38764,-128.99144, 156.50228, 148.60437,-133.35816, 158.51172, 147.90635,-136.28597, 159.85143, 146.25820,-137.62533, 155.60928, 147.61595,-128.40789, 157.88842, 148.91258,-132.06819, 159.83657, 148.60712,-134.19182, 160.91064, 147.37497,-135.01687,  98.73697, 155.73248,-130.28936,  88.88137, 163.07724,-140.68800, 107.20808, 156.98668,-160.96205, 126.67751, 163.86174,-145.16094, 125.83292, 164.24563,-142.08428, 125.45852, 164.78675,-138.26860, 125.76955, 164.45382,-135.61747, 126.34153, 165.97121,-141.76459, 128.01841, 168.95054,-137.34750, 129.51669, 169.61256,-133.91202, 130.55506, 169.31333,-132.04408, 127.39572, 166.26079,-142.45846, 129.60195, 169.32453,-138.52563, 132.13993, 169.89165,-135.28766, 133.74559, 168.75546,-133.58279, 128.09230, 166.40252,-143.06185, 130.65517, 169.30603,-140.06151, 133.26592, 169.87632,-137.62104, 134.99989, 168.92686,-136.07281, 128.89469, 166.38162,-143.88618, 131.71971, 169.07418,-141.64055, 134.07219, 169.67535,-140.05852, 135.40410, 168.89443,-139.07427
   4.43342,  92.74276, 106.57321,-139.49997,  94.21668, 103.60087,-129.01223,  96.81571,  58.64568,-130.70311,  86.41506,  18.14452,-135.21507,  91.26884, 109.54555,-149.98771,  98.57449,  65.09458,-151.13765, 107.21231,  23.95487,-152.47463,  93.27437, 114.38805,-137.35987,  95.44941, 131.68720,-132.96791,  97.64324, 143.96321,-130.26528, 101.68693, 162.33879,-126.75441, 102.11061, 166.51590,-126.09503, 102.00919, 170.72952,-125.54953, 102.29328, 155.96621,-125.71877, 110.29793, 152.25743,-112.25101, 135.10598, 139.80483,-115.92435, 152.57455, 147.59124,-133.53744, 150.54664, 146.52026,-135.78847, 148.63607, 145.19212,-138.88333, 147.91965, 143.60227,-140.93155, 150.66244, 147.83058,-137.05660, 150.06994, 148.16979,-142.60033, 149.99832, 146.97207,-146.21225, 150.24772, 145.72645,-147.95672, 151.85786, 148.32782,-137.07559, 151.92687, 148.92867,-142.49364, 152.89169, 147.65536,-146.32708, 153.82916, 145.70950,-147.77980, 152.71110, 148.68262,-136.95118, 153.49202, 149.56129,-141.70710, 154.83624, 148.66755,-144.94615, 155.92814, 146.94914,-146.41582, 153.76843, 148.99262,-136.61989, 155.11184, 150.02741,-140.79097, 156.55446, 149.59456,-143.26683, 157.48040, 148.32796,-144.21071,  98.62986, 157.57465,-129.91785,  87.08387, 164.51642,-138.73328, 103.74351, 155.91286,-159.52835, 124.40597, 162.69244,-145.27703, 123.69975, 163.24141,-142.19054, 123.49901, 163.94984,-138.38920, 123.89123, 163.70314,-135.73940, 124.31235, 164.94726,-141.95966, 126.31258, 167.99801,-137.72988, 127.97267, 168.70863,-134.37954, 129.06299, 168.42493,-132.53898, 125.35374, 165.15092,-142.70171, 127.86850, 168.23781,-138.97770, 130.55349, 168.78850,-135.85760, 132.15858, 167.63203,-134.16590, 126.03374, 165.23037,-143.33470, 128.86061, 168.10152,-140.54795, 131.58835, 168.62046,-138.22690, 133.32566, 167.63712,-136.70377, 126.80223, 165.13315,-144.18545, 129.85089, 167.75008,-142.15301, 132.29026, 168.28087,-140.68123, 133.61423, 167.46610,-139.71386
   4.45009,  93.57860, 107.77259,-137.77063,  96.75611, 105.08262,-127.58891, 101.60982,  60.33833,-129.81912,  90.55110,  19.89299,-133.09852,  90.40108, 110.46256,-147.95235,  98.36217,  66.14833,-149.81083, 107.08681,  25.07432,-152.19444,  94.15873, 115.64605,-135.87154,  96.24419, 133.08659,-132.02983,  98.24195, 145.46484,-129.66227, 101.83317, 164.00108,-126.52370, 102.16817, 168.19722,-125.93832, 101.99922, 172.41647,-125.45672, 102.81919, 157.66156,-125.58126, 112.42514, 154.94901,-112.94884, 136.24185, 141.55293,-119.05697, 150.64256, 147.90081,-139.75296, 148.22753, 146.68543,-141.48992, 145.76674, 145.15489,-144.05787, 144.68248, 143.43058,-145.81492, 148.08338, 147.90478,-142.84303, 146.42606, 147.86360,-148.17694, 145.66807, 146.42016,-151.61606, 145.58688, 145.05631,-153.28648, 149.24779, 148.39473,-143.12718, 148.26130, 148.62056,-148.48413, 148.47796, 147.08229,-152.33565, 149.13484, 145.03721,-153.80594, 150.10560, 148.75383,-143.19496, 149.94304, 149.29959,-148.06080, 150.64337, 148.17941,-151.43006, 151.44634, 146.35944,-152.96241, 151.20409, 149.08167,-143.09675, 151.70508, 149.82121,-147.50987, 152.64529, 149.21301,-150.18278, 153.38295, 147.88068,-151.19930,  98.67065, 159.10652,-129.36830,  85.56710, 165.40277,-136.28670,  99.88479, 153.91309,-157.42887, 121.77289, 160.55564,-145.06813, 121.30857, 161.31218,-141.97967, 121.40495, 162.22500,-138.21804, 121.94763, 162.08324,-135.58717, 122.05780, 162.97572,-141.88066, 124.54346, 166.07451,-137.95408, 126.46299, 166.82456,-134.75432, 127.64572, 166.55173,-132.97004, 123.06144, 163.06147,-142.69429, 126.02930, 166.13139,-139.30482, 128.94237, 166.63225,-136.38753, 130.56407, 165.44347,-134.73449, 123.70332, 163.05666,-143.37057, 126.90579, 165.84055,-140.92214, 129.80772, 166.26616,-138.80205, 131.56281, 165.23116,-137.33455, 124.40636, 162.85816,-144.25946, 127.76249, 165.33385,-142.56217, 130.32369, 165.75038,-141.27176, 131.64401, 164.88675,-140.34253
   4.46676,  94.43596, 108.87286,-135.84219,  99.24979, 106.53379,-126.23200, 106.81503,  62.26038,-129.86743,  95.24083,  21.85179,-131.30230,  89.62213, 111.21194,-145.45238,  98.16552,  67.05513,-148.24007, 106.94201,  26.04528,-151.40868,  95.02910, 116.80472,-134.20873,  97.06914, 134.38689,-131.04867,  98.98062, 146.86621,-129.19651, 102.37500, 165.55332,-126.82803, 102.65989, 169.76853,-126.36616, 102.43912, 173.99284,-125.95507, 103.66356, 159.26343,-125.91865, 114.51168, 157.49692,-114.15396, 136.71833, 142.66386,-122.57092, 148.01840, 147.05541,-145.57141, 145.30509, 145.74443,-146.68757, 142.38358, 144.04520,-148.57696, 140.96891, 142.19432,-149.92197, 144.90727, 146.83874,-148.09567, 142.24421, 146.35180,-152.98136, 140.82405, 144.61988,-156.05858, 140.41212, 143.11208,-157.54646, 145.99687, 147.27321,-148.64398, 143.98881, 147.03417,-153.70675, 143.44397, 145.14735,-157.36605, 143.79119, 142.96211,-158.73710, 146.82709, 147.60432,-148.90950, 145.72447, 147.70901,-153.68170, 145.75013, 146.27087,-157.00259, 146.22981, 144.30066,-158.48357, 147.92548, 147.91372,-149.05643, 147.56284, 148.23685,-153.53276, 147.96201, 147.36609,-156.26787, 148.48061, 145.92980,-157.27817,  99.02924, 160.51768,-129.17286,  84.83875, 166.08991,-134.34879,  96.65538, 151.78704,-155.32008, 119.89714, 158.16806,-145.56798, 119.73289, 159.10657,-142.49898, 120.18996, 160.18520,-138.80845, 120.91904, 160.12295,-136.21988, 120.61919, 160.70375,-142.54361, 123.63961, 163.76424,-138.97857, 125.85244, 164.50036,-135.97072, 127.14230, 164.21353,-134.26457, 121.56130, 160.66585,-143.43109, 125.01754, 163.63144,-140.43429, 128.17605, 164.02231,-137.76626, 129.81826, 162.78056,-136.17352, 122.14710, 160.57484,-144.15077, 125.74146, 163.19137,-142.09285, 128.82187, 163.47050,-140.21394, 130.59486, 162.36176,-138.82387, 122.76180, 160.27581,-145.07626, 126.42657, 162.53703,-143.76104, 129.10418, 162.79658,-142.68333, 130.41774, 161.86959,-141.80708
   4.48342,  95.40395, 109.93425,-133.65689, 101.97948, 108.03900,-125.04467, 111.87946,  64.45113,-130.76059, 100.41175,  24.00359,-129.59291,  88.82841, 111.82950,-142.26911,  97.63980,  67.78762,-145.91005, 106.39202,  26.84331,-149.88964,  95.96900, 117.92512,-132.32980,  97.90877, 135.64876,-130.00816,  99.71844, 148.22542,-128.83751, 102.92254, 167.05177,-127.55621, 103.16618, 171.28425,-127.25741, 102.90951, 175.51326,-126.92257, 104.49892, 160.82587,-126.66004, 116.57244, 159.49005,-116.09332, 136.94272, 143.10252,-126.11832, 144.76303, 144.77022,-150.85820, 141.89186, 143.41272,-151.34822, 138.68305, 141.58698,-152.51551, 137.04994, 139.63285,-153.38178, 141.27120, 144.34945,-152.78900, 137.82316, 143.37909,-157.07485, 135.89497, 141.34569,-159.65031, 135.22881, 139.68946,-160.86278, 142.25643, 144.68957,-153.55729, 139.42614, 143.92789,-158.15407, 138.26214, 141.65112,-161.42651, 138.35922, 139.31536,-162.57125, 143.03265, 144.96616,-153.99360, 141.14609, 144.55504,-158.49610, 140.60439, 142.74737,-161.58416, 140.81512, 140.60912,-162.88362, 144.09299, 145.22763,-154.35570, 142.98705, 145.04761,-158.71666, 142.91578, 143.86035,-161.35933, 143.24753, 142.30500,-162.26674,  99.40429, 161.86777,-129.22893,  84.41836, 166.23986,-133.16806,  93.61653, 149.15850,-153.35768, 118.16410, 154.99256,-147.08228, 118.41529, 156.07164,-144.06582, 119.35995, 157.25024,-140.50059, 120.34387, 157.22015,-137.99717, 119.44918, 157.56256,-144.28200, 123.11759, 160.43306,-141.19946, 125.69390, 161.05649,-138.46823, 127.11831, 160.70667,-136.88531, 120.28532, 157.38764,-145.25508, 124.31633, 160.09373,-142.77531, 127.75811, 160.25960,-140.45712, 129.42275, 158.91896,-138.97144, 120.78098, 157.20480,-146.02338, 124.81581, 159.50991,-144.47185, 128.08706, 159.53982,-142.92419, 129.87351, 158.30892,-141.65984, 121.26281, 156.80358,-146.98809, 125.25423, 158.71694,-146.16281, 128.04173, 158.73634,-145.37044, 129.33863, 157.71307,-144.58080
   4.50009,  96.43421, 110.92006,-131.39423, 104.44776, 109.42183,-124.00922, 115.97560,  66.69340,-132.49296, 105.35209,  26.18878,-128.56964,  88.42066, 112.41829,-138.77923,  97.34361,  68.47652,-143.26095, 105.98775,  27.56732,-147.79874,  96.95527, 118.95313,-130.32993,  98.76825, 136.77576,-128.79792, 100.45666, 149.41468,-128.32390, 103.45211, 168.31861,-128.23279, 103.65831, 172.56202,-128.11695, 103.37647, 176.79576,-127.87497, 105.25233, 162.15651,-127.31750, 118.67279, 160.84198,-118.52129, 136.99802, 142.86125,-129.69623, 141.74218, 141.70635,-155.23364, 138.83539, 140.33741,-155.17753, 135.50628, 138.42710,-155.68756, 133.77912, 136.40485,-156.09193, 138.02822, 141.10334,-156.62678, 134.04995, 139.67291,-160.27730, 131.80601, 137.37168,-162.31562, 130.99110, 135.59129,-163.22286, 138.90304, 141.33647,-157.55251, 135.49573, 140.06807,-161.61484, 133.91853, 137.43208,-164.40973, 133.87107, 134.97527,-165.26848, 139.61444, 141.54889,-158.11658, 137.15408, 140.62752,-162.25159, 136.21665, 138.47119,-165.00271, 136.26098, 136.19051,-166.05230, 140.61729, 141.75147,-158.64294, 138.94871, 141.06631,-162.76845, 138.53436, 139.57298,-165.21726, 138.74850, 137.91622,-165.96685,  99.83646, 163.02378,-129.20330,  84.20695, 165.95543,-131.71996,  91.18831, 146.57089,-150.68045, 116.55393, 151.59708,-147.97445, 117.32656, 152.77928,-145.08793, 118.86614, 154.00073,-141.75174, 120.16320, 153.96872,-139.39533, 118.48868, 154.11933,-145.52640, 122.84177, 156.65895,-143.11807, 125.81238, 157.08919,-140.77799, 127.38382, 156.64211,-139.36815, 119.16236, 153.79651,-146.58402, 123.77333, 156.09976,-144.80774, 127.48795, 155.95006,-142.95664, 129.16793, 154.48661,-141.61069, 119.52713, 153.51759,-147.39553, 123.97219, 155.37872,-146.51335, 127.40096, 155.07861,-145.39503, 129.18423, 153.69837,-144.29048, 119.82688, 153.01455,-148.38593, 124.08740, 154.45816,-148.19253, 126.93860, 154.17134,-147.76037, 128.20113, 153.03470,-147.07727
   4.51676,  97.63629, 111.72683,-129.25838, 106.87773, 110.59223,-123.40103, 118.92705,  68.77956,-135.10994, 110.66940,  28.12228,-128.20545,  88.39486, 112.86143,-135.11573,  97.19559,  68.98253,-140.38576, 105.54082,  28.04825,-145.24547,  98.11627, 119.79255,-128.45329,  99.72131, 137.68488,-127.69902, 101.16178, 150.36151,-127.91280, 103.66262, 169.30524,-129.01740, 103.79623, 173.55257,-129.08715, 103.48481, 177.78868,-128.94273, 105.73002, 163.22433,-128.12389, 120.19847, 161.75904,-121.21543, 136.15483, 142.06272,-133.10867, 138.00530, 137.75219,-158.68200, 135.15413, 136.38242,-158.11538, 131.83135, 134.39868,-157.98761, 130.11427, 132.32894,-157.92519, 134.17188, 136.94570,-159.54940, 129.83910, 135.02057,-162.50234, 127.43026, 132.45603,-163.95365, 126.55729, 130.56628,-164.52262, 134.93125, 137.06123,-160.59182, 131.11558, 135.24656,-164.03693, 129.29095, 132.25538,-166.26649, 129.20062, 129.70677,-166.78808, 135.56958, 137.20261,-161.25660, 132.67876, 135.72896,-164.92705, 131.48410, 133.22344,-167.24918, 131.45955, 130.82499,-167.99212, 136.50190, 137.34121,-161.91643, 134.39351, 136.10844,-165.69908, 133.73807, 134.30349,-167.86955, 133.90241, 132.56413,-168.41746, 100.07957, 163.90511,-129.24145,  84.10873, 165.44922,-130.56740,  88.83677, 143.95081,-147.87244, 114.52420, 147.79853,-149.03479, 115.79058, 149.01515,-146.34357, 117.87606, 150.20408,-143.30554, 119.46020, 150.13202,-141.13266, 117.02144, 150.19335,-147.00339, 121.89882, 152.32911,-145.31558, 125.17958, 152.52514,-143.39626, 126.86566, 151.96703,-142.17044, 117.51220, 149.74849,-148.11600, 122.53559, 151.59171,-147.07234, 126.42360, 151.10551,-145.69598, 128.09981, 149.52342,-144.48646, 117.73547, 149.39343,-148.94875, 122.43086, 150.77611,-148.74338, 125.92494, 150.13981,-148.04790, 127.68015, 148.61764,-147.09535, 117.84727, 148.81520,-149.93716, 122.22585, 149.77318,-150.36587, 125.06208, 149.18450,-150.27828, 126.27475, 147.94407,-149.69233
   4.53342,  99.02480, 112.28805,-127.27382, 109.28228, 111.53429,-123.37306, 120.57398,  70.37706,-137.83556, 116.31481,  29.65537,-128.21899,  88.76732, 113.04180,-131.17458,  97.32364,  69.14264,-136.67337, 105.17522,  28.12057,-141.61478,  99.43354, 120.38297,-126.78443, 100.66863, 138.32010,-126.90524, 101.66839, 151.00538,-127.85481, 103.27034, 169.93256,-130.20752, 103.27290, 174.17428,-130.47256, 102.90828, 178.40844,-130.43417, 105.67464, 163.95889,-129.44293, 120.91905, 162.52951,-124.46550, 134.80982, 141.38173,-136.45790, 133.47682, 133.67184,-161.25267, 130.72678, 132.34001,-160.25766, 127.48070, 130.34097,-159.58003, 125.82846, 128.27014,-159.11329, 129.59917, 132.71887,-161.64455, 125.05363, 130.40478,-163.92098, 122.58115, 127.65660,-164.82650, 121.70450, 125.70193,-165.08677, 130.25293, 132.72188,-162.76223, 126.17252, 130.46684,-165.58821, 124.21785, 127.21179,-167.27089, 124.14069, 124.61874,-167.48467, 130.82152, 132.79308,-163.49778, 127.63172, 130.86260,-166.67570, 126.28332, 128.08738,-168.56702, 126.24689, 125.61845,-169.02329, 131.68321, 132.86598,-164.25671, 129.25551, 131.17197,-167.64936, 128.44101, 129.11731,-169.52376, 128.59500, 127.32819,-169.88139,  99.89515, 164.43521,-129.54623,  83.79783, 164.72219,-129.48479,  86.60995, 141.56624,-144.97331, 112.02576, 143.82732,-149.96572, 113.66450, 145.02290,-147.47340, 116.14925, 146.13222,-144.71880, 117.94223, 145.99923,-142.71789, 114.91171, 146.06672,-148.30611, 120.09890, 147.83069,-147.21961, 123.56861, 147.80929,-145.65555, 125.32281, 147.15062,-144.58508, 115.24420, 145.54272,-149.44255, 120.48414, 146.98039,-148.99838, 124.44229, 146.20839,-148.00618, 126.10074, 144.53048,-146.90629, 115.34849, 145.14096,-150.27748, 120.13713, 146.11926,-150.61287, 123.62078, 145.20816,-150.25060, 125.33538, 143.57414,-149.41677, 115.30754, 144.52121,-151.24599, 119.68045, 145.08196,-152.16072, 122.45201, 144.25393,-152.33751, 123.61348, 142.93455,-151.82490
   4.55009, 100.58205, 112.55868,-125.62192, 111.39040, 112.11081,-123.62716, 120.79742,  71.22293,-140.06716, 121.10617,  30.65273,-128.98389,  89.77371, 113.00655,-127.61667,  97.93888,  69.03828,-133.15793, 105.27426,  27.90004,-137.92367, 100.88584, 120.67110,-125.44654, 101.64684, 138.61569,-126.27897, 102.13500, 151.28404,-127.72539, 102.75641, 170.16167,-130.82191, 102.61480, 174.39182,-131.20697, 102.18891, 178.62030,-131.24094, 105.43849, 164.28399,-130.26585, 121.24134, 162.96969,-127.48149, 133.40341, 140.53104,-138.99631, 129.38678, 129.95906,-162.40785, 126.79391, 128.71136,-160.97717, 123.69418, 126.75532,-159.72899, 122.15928, 124.72865,-158.84992, 125.51835, 128.90332,-162.27124, 120.82988, 126.26022,-163.76498, 118.35686, 123.38375,-164.07439, 117.51446, 121.39804,-164.00916, 126.05253, 128.78325,-163.44464, 121.76789, 126.14060,-165.53734, 119.74378, 122.67644,-166.60970, 119.71938, 120.07552,-166.50867, 126.53962, 128.77520,-164.23967, 123.09469, 126.42710,-166.81251, 121.63795, 123.42413,-168.21153, 121.62538, 120.91809,-168.36880, 127.31565, 128.77078,-165.08911, 124.59938, 126.64410,-167.98264, 123.65452, 124.36711,-169.50612, 123.82195, 122.55080,-169.66590,  99.69771, 164.59837,-129.50129,  83.72931, 163.72184,-127.64335,  84.76180, 139.08321,-140.90502, 109.55745, 139.93650,-148.67980, 111.61500, 141.13003,-146.51912, 114.53414, 142.16967,-144.19746, 116.55588, 141.99458,-142.43166, 112.83241, 141.97930,-147.58456, 118.25860, 143.27408,-147.30347, 121.88764, 143.00705,-146.18792, 123.69938, 142.24889,-145.29363, 112.96174, 141.34535,-148.70617, 118.32482, 142.26579,-149.03967, 122.29075, 141.16368,-148.48817, 123.91749, 139.40608,-147.46828, 112.91704, 140.87729,-149.51135, 117.68912, 141.33338,-150.52124, 121.09059, 140.09760,-150.52185, 122.74163, 138.35909,-149.77566, 112.69116, 140.19844,-150.41242, 116.93768, 140.24210,-151.90862, 119.57282, 139.12387,-152.36032, 120.66464, 137.73167,-151.88887
   4.56676, 102.32736, 112.52327,-124.37676, 113.32600, 112.35601,-124.33315, 120.05095,  71.46129,-142.02440, 125.14470,  31.30856,-130.59254,  91.32872, 112.69053,-124.42037,  99.12381,  68.63022,-129.75980, 105.92468,  27.33328,-133.90540, 102.45122, 120.64171,-124.47673, 102.57592, 138.56547,-125.89226, 102.44601, 151.19417,-127.71340, 101.94210, 169.98274,-131.32939, 101.63655, 174.19580,-131.79765, 101.14301, 178.41621,-131.88183, 104.87135, 164.20344,-131.06634, 120.91208, 163.17458,-130.14640, 131.58605, 139.49575,-140.60488, 125.12488, 126.47509,-162.16214, 122.68610, 125.40426,-160.36431, 119.73077, 123.61077,-158.62024, 118.29942, 121.70054,-157.37993, 121.29389, 125.45404,-161.54660, 116.50570, 122.67547,-162.28940, 114.03553, 119.79057,-162.04185, 113.21733, 117.82748,-161.67607, 121.71699, 125.20135,-162.74400, 117.27492, 122.35471,-164.11721, 115.18469, 118.79878,-164.60065, 115.18870, 116.22570,-164.20714, 122.12775, 125.10257,-163.57521, 118.47471, 122.49200,-165.53502, 116.91549, 119.35585,-166.44638, 116.90647, 116.84804,-166.32015, 122.82107, 125.00035,-164.48771, 119.86192, 122.57144,-166.85779, 118.79545, 120.14104,-168.02150, 118.96040, 118.31773,-167.99184,  99.31824, 164.37503,-129.40093,  83.73241, 162.75844,-125.70248,  83.40553, 137.08862,-136.88072, 106.85143, 135.71719,-148.03458, 109.17582, 136.90629,-146.16113, 112.36222, 137.89436,-144.19570, 114.52939, 137.69769,-142.61430, 110.33519, 137.60055,-147.39091, 115.83239, 138.54103,-147.69975, 119.52846, 138.10208,-146.90476, 121.36775, 137.28268,-146.12851, 110.31735, 136.88802,-148.47193, 115.67001, 137.42027,-149.35896, 119.59560, 136.09061,-149.09591, 121.20194, 134.29680,-148.10722, 110.16710, 136.37290,-149.23448, 114.83933, 136.43900,-150.70641, 118.14301, 134.97867,-150.93067, 119.74842, 133.18450,-150.21742, 109.81475, 135.65395,-150.06077, 113.89296, 135.31348,-151.93847, 116.39923, 133.99278,-152.54900, 117.44393, 132.56341,-152.08201
   4.58343, 104.22635, 112.25097,-123.50211, 115.02122, 112.33836,-125.61471, 119.10789,  71.14527,-143.41956, 129.01357,  31.63771,-132.93601,  93.43148, 112.16358,-121.38951, 100.87772,  67.99841,-126.34688, 107.21876,  26.53632,-129.43904, 104.09129, 120.36210,-123.85670, 103.39715, 138.22654,-125.76987, 102.51962, 150.78093,-127.87580, 100.70205, 169.41715,-131.84156, 100.20895, 173.60607,-132.36335,  99.64415, 177.81685,-132.47666, 103.83245, 163.73952,-131.96444, 119.88102, 163.03875,-133.04258, 129.67413, 138.44763,-142.17341, 120.75941, 123.24260,-161.28713, 118.50281, 122.42872,-159.14893, 115.72493, 120.89837,-156.92771, 114.41493, 119.17030,-155.33593, 117.00304, 122.35703,-160.19012, 112.15797, 119.57835,-160.13286, 109.71546, 116.77912,-159.30575, 108.93111, 114.88554,-158.63041, 117.30781, 121.95735,-161.38343, 112.74615, 119.03098,-161.97402, 110.60937, 115.47298,-161.82500, 110.64440, 112.96539,-161.12759, 117.63608, 121.75429,-162.23220, 113.80374, 118.98108,-163.50620, 112.15528, 115.78121,-163.88118, 112.15170, 113.30673,-163.45448, 118.23772, 121.53410,-163.18789, 115.05689, 118.88240,-164.95542, 113.87640, 116.34605,-165.71160, 114.03851, 114.53712,-165.47914,  98.67320, 163.80010,-129.31520,  83.77064, 161.67564,-123.60465,  82.21354, 135.01908,-132.03101, 103.45647, 131.09144,-146.49862, 106.02453, 132.26529,-144.96445, 109.44764, 133.19324,-143.41087, 111.75549, 132.97641,-142.04598, 107.08342, 132.80089,-146.35384, 112.55979, 133.38342,-147.28605, 116.29046, 132.77814,-146.83731, 118.15513, 131.90502,-146.19106, 106.91437, 132.01724,-147.37067, 112.16485, 132.16178,-148.83105, 116.02037, 130.61868,-148.86598, 117.62442, 128.80417,-147.91192, 106.65777, 131.46033,-148.07310, 111.14639, 131.14114,-150.00986, 114.32620, 129.47163,-150.45557, 115.90036, 127.63765,-149.77464, 106.18297, 130.70824,-148.80298, 110.01753, 129.99190,-151.05164, 112.37228, 128.48276,-151.81059, 113.38307, 127.02880,-151.34490
   4.60009, 106.11522, 111.74492,-122.93958, 116.37603, 112.00388,-126.89541, 118.04216,  70.36344,-144.03839, 131.46607,  31.43514,-135.47910,  95.85440, 111.48596,-118.98374, 102.97184,  67.19539,-123.25817, 109.12925,  25.63339,-125.14556, 105.70632, 119.83722,-123.47045, 104.21433, 137.61735,-125.68889, 102.64775, 150.08035,-127.93323,  99.66531, 168.54184,-132.00975,  99.00979, 172.70547,-132.55473,  98.38986, 176.90779,-132.69126, 102.89186, 162.93930,-132.51072, 118.60141, 162.51342,-136.00908, 128.00367, 137.25154,-143.58767, 117.14048, 120.62370,-160.36581, 115.02009, 120.05533,-158.01901, 112.37422, 118.79229,-155.48989, 111.14750, 117.24394,-153.66400, 113.45297, 119.92179,-158.94895, 108.58051, 117.26416,-158.32030, 106.15623, 114.60431,-157.08188, 105.38992, 112.79690,-156.18577, 113.67085, 119.40925,-160.11790, 109.03543, 116.53983,-160.13794, 106.85902, 113.05654,-159.52363, 106.90220, 110.62224,-158.60281, 113.93832, 119.12318,-160.96409, 109.98701, 116.32873,-161.72492, 108.26814, 113.14411,-161.69607, 108.25515, 110.71909,-161.04474, 114.47107, 118.80451,-161.93281, 111.13850, 116.07239,-163.23778, 109.87113, 113.50386,-163.67918, 110.02063, 111.72035,-163.29277,  98.24631, 162.95560,-129.03817,  84.48820, 160.35635,-121.09031,  82.10731, 133.12654,-127.16229, 100.84456, 126.84707,-144.05855, 103.63933, 128.00906,-142.97891, 107.27259, 128.87965,-141.96213, 109.72539, 128.65837,-140.88004, 104.53275, 128.35309,-144.53517, 109.86332, 128.53415,-146.19384, 113.58980, 127.76118,-146.15485, 115.48133, 126.84650,-145.66245, 104.19879, 127.48996,-145.44077, 109.21772, 127.19980,-147.54963, 112.96336, 125.44284,-147.91115, 114.59429, 123.63554,-146.98956, 103.82888, 126.88621,-146.04744, 108.01078, 126.13457,-148.48618, 111.02832, 124.25258,-149.15680, 112.59349, 122.40245,-148.49923, 103.23054, 126.09834,-146.63484, 106.70642, 124.96041,-149.26101, 108.87337, 123.25600,-150.15417, 109.86967, 121.79592,-149.67657
   4.61676, 107.96183, 111.03188,-122.65947, 117.38123, 111.38194,-128.32978, 116.75952,  69.17655,-144.10642, 132.42034,  30.59098,-138.20995,  98.54243, 110.68182,-116.98916, 105.44734,  66.28193,-120.38856, 111.64029,  24.69190,-121.27848, 107.26849, 119.09575,-123.31341, 104.96701, 136.76637,-125.70769, 102.71360, 149.11670,-127.99003,  98.58600, 167.36937,-132.00781,  97.76936, 171.50405,-132.55559,  97.09302, 175.69691,-132.71373, 101.83506, 161.82754,-132.89192, 116.89660, 161.54927,-138.57368, 126.19975, 135.78842,-144.39007, 113.79269, 118.12513,-158.88396, 111.89335, 117.85340,-156.30613, 109.48435, 116.91947,-153.42224, 108.42296, 115.60276,-151.33039, 110.24717, 117.63984,-157.06966, 105.44099, 115.14062,-155.70819, 103.12846, 112.67143,-153.96437, 102.43938, 110.98677,-152.80503, 110.35497, 116.99687,-158.18841, 105.72457, 114.21132,-157.46644, 103.59818, 110.85063,-156.26995, 103.71469, 108.53397,-155.08880, 110.54266, 116.61424,-159.01773, 106.52608, 113.81047,-159.09906, 104.80307, 110.67448,-158.55686, 104.83904, 108.33779,-157.63835, 110.98318, 116.18166,-159.98861, 107.53324, 113.37002,-160.67132, 106.21954, 110.78710,-160.70458, 106.39591, 109.05588,-160.13507,  97.83851, 161.84899,-128.68868,  85.45023, 158.90441,-118.83627,  82.65632, 131.32639,-122.79187,  98.13071, 122.61040,-141.78068, 101.09864, 123.72462,-141.25486, 104.87423, 124.49596,-140.87758, 107.45021, 124.25662,-140.14060, 101.76314, 123.84747,-142.95247, 106.79017, 123.54958,-145.36892, 110.44755, 122.57842,-145.77636, 112.35385, 121.61828,-145.45836, 101.26433, 122.91127,-143.69499, 105.89784, 122.11429,-146.45480, 109.47579, 120.12200,-147.14506, 111.15341, 118.33698,-146.26477, 100.78472, 122.26693,-144.16849, 104.52391, 121.02290,-147.07909, 107.33149, 118.91369,-147.95420, 108.90312, 117.06121,-147.31902, 100.07503, 121.45469,-144.56898, 103.07351, 119.84638,-147.51787, 105.01450, 117.93681,-148.51010, 106.01260, 116.48375,-148.01516
   4.63343, 109.74010, 110.11484,-122.64155, 117.88800, 110.44829,-130.02400, 115.66985,  67.69991,-144.10379, 132.46569,  29.21477,-141.72285, 101.59221, 109.78139,-115.25910, 108.39251,  65.28807,-117.42342, 114.94321,  23.74952,-116.70752, 108.73655, 118.13805,-123.38677, 105.55693, 135.66484,-125.83259, 102.56245, 147.87347,-128.02346,  97.20192, 165.86887,-131.73425,  96.20532, 169.96725,-132.25638,  95.45482, 174.14652,-132.43775, 100.39600, 160.38053,-133.04797, 114.47097, 160.15033,-140.86158, 123.99453, 134.17755,-145.18785, 110.25936, 115.63565,-157.16879, 108.53192, 115.59508,-154.45939, 106.31826, 114.92271,-151.35455, 105.39960, 113.79694,-149.09075, 106.84060, 115.31826,-155.09290, 102.14233, 112.95725,-153.20851,  99.95709, 110.65517,-151.10833,  99.35102, 109.08022,-149.76327, 106.87825, 114.57924,-156.15547, 102.31511, 111.87646,-154.89300, 100.28363, 108.63788,-153.27064, 100.48531, 106.43381,-151.90060, 107.01335, 114.12484,-156.95838, 103.01080, 111.33218,-156.53261, 101.33864, 108.25917,-155.60650, 101.44303, 106.01220,-154.49056, 107.39177, 113.60778,-157.91402, 103.91578, 110.75336,-158.12206, 102.61268, 108.17994,-157.84309, 102.83224, 106.50517,-157.13635,  97.25663, 160.45091,-128.17156,  86.56553, 157.27366,-116.56056,  83.70654, 129.48684,-118.48901,  94.84211, 117.95923,-138.96127,  97.86606, 119.04655,-138.95966, 101.66459, 119.76143,-139.18885, 104.31682, 119.52720,-138.80556,  98.28247, 119.00987,-140.73836, 102.90938, 118.39431,-143.80622, 106.46082, 117.30952,-144.64058, 108.38297, 116.33690,-144.51288,  97.67306, 118.02559,-141.31839, 101.85631, 116.89265,-144.62565, 105.27817, 114.76848,-145.63864, 107.04581, 113.02705,-144.85220,  97.12410, 117.35443,-141.66129, 100.39608, 115.78364,-144.95179, 103.02791, 113.54476,-146.02792, 104.65493, 111.71773,-145.46232,  96.35612, 116.52742,-141.88503,  98.88580, 114.60728,-145.07677, 100.64530, 112.57696,-146.16322, 101.68880, 111.14889,-145.68963
   4.65009, 111.31327, 108.93345,-122.85623, 118.07206, 109.14318,-131.53234, 114.87038,  65.82065,-143.51115, 131.47370,  27.18777,-144.35095, 104.55448, 108.72372,-114.18013, 111.34885,  64.17961,-114.67286, 118.46438,  22.78905,-112.42211, 110.04377, 116.91399,-123.65227, 106.12856, 134.30144,-126.02462, 102.52545, 146.37950,-128.01353,  96.16147, 164.14181,-131.22906,  95.01124, 168.20580,-131.70179,  94.18515, 172.36990,-131.90272,  99.23662, 158.68810,-132.91738, 111.84540, 158.42342,-142.92531, 121.89360, 132.47767,-146.06400, 107.31545, 113.33836,-155.92121, 105.74211, 113.44827,-153.12138, 103.71876, 112.94573,-149.85858, 102.95113, 111.95749,-147.47735, 104.02455, 113.10021,-153.63842,  99.48918, 110.78812,-151.33978,  97.47312, 108.59325,-148.97256,  96.97614, 107.10112,-147.49490, 104.01893, 112.29276,-154.65064,  99.59124, 109.60061,-152.95684,  97.72208, 106.44230,-151.01293,  98.04618, 104.33837,-149.51492, 104.11893, 111.78827,-155.42839, 100.20638, 108.96048,-154.59402,  98.65379, 105.92723,-153.37500,  98.86760, 103.76185,-152.12179, 104.45470, 111.21534,-156.36797, 101.03395, 108.29292,-156.19085,  99.80328, 105.72138,-155.67022, 100.09722, 104.10157,-154.86875,  96.94327, 158.83049,-127.59194,  88.45423, 155.52225,-114.31784,  85.86556, 127.64217,-114.32699,  94.02835, 114.57911,-135.27276,  97.01248, 115.57811,-135.92354, 100.71233, 116.16340,-136.90381, 103.38751, 115.89336,-136.98497,  97.09695, 115.36274,-137.73600, 101.08005, 114.33406,-141.51433, 104.40866, 113.07821,-142.86668, 106.31208, 112.06938,-142.99407,  96.38218, 114.34539,-138.09757,  99.88026, 112.79151,-141.97958, 103.03855, 110.48805,-143.38195, 104.90261, 108.78036,-142.76172,  95.77322, 113.66031,-138.26852,  98.37408, 111.69734,-141.92679, 100.74298, 109.29552,-143.23704, 102.42765, 107.48574,-142.79920,  94.96913, 112.83737,-138.26808,  96.85474, 110.55646,-141.66152,  98.36619, 108.38525,-142.84463,  99.46434, 106.97990,-142.43034
   4.66676, 112.67721, 107.46034,-123.31471, 117.86746, 107.48482,-133.01320, 114.16626,  63.61232,-142.60947, 129.66654,  24.68412,-146.24431, 107.48696, 107.43585,-113.61621, 114.38863,  62.92256,-112.38418, 122.31005,  21.81609,-108.33639, 111.15754, 115.39732,-124.10793, 106.55560, 132.64378,-126.26720, 102.39197, 144.58850,-127.94214,  95.11685, 162.10882,-130.48195,  93.82126, 166.13730,-130.87603,  92.91529, 170.28461,-131.07977,  98.01861, 156.68142,-132.52478, 109.03189, 156.36613,-144.26438, 119.83811, 130.63294,-146.50676, 104.73712, 111.00449,-154.42409, 103.27147, 111.23146,-151.57331, 101.39867, 110.86001,-148.20478, 100.76422, 109.99514,-145.73788, 101.54997, 110.78883,-151.99643,  97.20231, 108.45994,-149.37476,  95.36817, 106.34486,-146.79638,  94.98837, 104.93084,-145.21106, 101.53644, 109.91997,-152.95638,  97.28753, 107.17814,-150.91916,  95.62132, 104.08107,-148.71024,  96.08614, 102.08832,-147.10136, 101.62565, 109.37183,-153.70537,  97.86277, 106.45987,-152.53834,  96.47936, 103.45382,-151.07309,  96.82689, 101.38041,-149.70002, 101.94661, 108.75397,-154.62135,  98.65278, 105.72458,-154.12441,  97.54532, 103.14716,-153.39719,  97.93376, 101.59257,-152.51124,  96.62426, 156.91784,-126.89984,  90.30682, 153.60245,-112.46696,  88.33851, 125.71602,-110.89451,  93.08598, 111.01106,-131.80445,  95.90965, 111.94097,-133.02459,  99.38888, 112.42821,-134.65245, 102.01626, 112.14329,-135.15423,  95.69446, 111.57163,-134.80104,  99.00614, 110.21136,-139.08840, 102.07759, 108.83370,-140.86432, 103.94433, 107.81132,-141.22067,  94.94071, 110.52957,-134.95133,  97.76263, 108.63878,-139.21546, 100.66924, 106.21363,-140.92357, 102.62887, 104.55879,-140.47977,  94.31932, 109.83444,-134.96005,  96.29811, 107.55814,-138.82055,  98.44269, 105.04548,-140.29856, 100.19627, 103.27398,-139.99547,  93.53546, 109.01723,-134.75628,  94.85639, 106.44911,-138.21075,  96.17405, 104.17992,-139.44077,  97.34097, 102.81134,-139.09749
   4.68343, 113.89968, 105.70533,-124.02312, 117.19150, 105.48744,-134.51676, 113.49644,  61.21475,-142.05728, 127.18327,  21.89658,-148.02616, 110.60787, 105.92322,-113.52949, 117.52591,  61.50996,-110.33788, 126.70649,  20.94451,-104.08996, 112.10789, 113.59184,-124.74896, 106.77374, 130.67193,-126.50897, 102.02751, 142.45539,-127.70942,  93.82977, 159.67725,-129.30441,  92.37977, 163.66306,-129.57516,  91.37958, 167.78978,-129.75506,  96.49221, 154.27583,-131.70982, 105.73308, 153.89098,-144.88815, 117.32847, 128.47184,-146.73587, 101.85838, 108.42495,-152.63488, 100.49947, 108.78863,-149.74565,  98.78016, 108.57514,-146.28288,  98.28199, 107.85700,-143.73883,  98.78276, 108.25022,-150.06428,  94.64596, 105.93623,-147.10940,  93.00761, 103.93194,-144.31937,  92.75173, 102.61601,-142.62826,  98.76775, 107.31773,-150.96254,  94.72369, 104.55594,-148.56687,  93.27985, 101.55407,-146.08664,  93.89265,  99.69628,-144.36945,  98.85013, 106.72349,-151.67632,  95.26373, 103.75169,-150.15749,  94.06865, 100.80076,-148.43676,  94.55835,  98.84176,-146.94423,  99.16015, 106.05748,-152.56182,  96.02021, 102.94125,-151.72316,  95.05297, 100.37793,-150.77858,  95.54206,  98.90434,-149.80807,  96.13566, 154.64118,-125.93233,  92.07602, 151.41096,-110.69111,  90.79647, 123.55928,-108.11303,  91.86549, 107.14466,-128.24802,  94.41102, 108.00265,-130.01173,  97.53947, 108.39383,-132.25943, 100.04333, 108.09270,-133.19545,  93.89507, 107.49963,-131.69080,  96.43035, 105.84804,-136.38587,  99.17045, 104.36533,-138.57197, 100.96660, 103.33378,-139.17753,  93.14861, 106.44337,-131.62981,  95.21701, 104.26069,-136.17719,  97.82868, 101.73725,-138.19185,  99.86996, 100.13568,-137.98262,  92.55001, 105.74470,-131.47833,  93.86750, 103.20122,-135.45270,  95.77136, 100.60179,-137.10056,  97.58757,  98.87175,-136.98462,  91.83137, 104.93893,-131.08074,  92.57873, 102.12973,-134.51923,  93.70715,  99.78517,-135.79521,  94.94457,  98.45532,-135.56535
   4.70009, 114.93115, 104.04892,-124.91324, 116.45341, 103.58839,-135.79766, 112.84036,  59.05751,-141.67394, 124.66573,  19.36691,-149.00146, 113.40889, 104.50945,-114.02882, 120.30857,  60.31721,-108.54945, 131.31420,  20.59695,-100.17972, 112.91651, 111.89106,-125.52681, 107.00225, 128.82304,-126.79565, 101.81362, 140.46112,-127.46718,  92.94693, 157.41331,-128.05399,  91.37517, 161.35974,-128.18716,  90.28679, 165.46556,-128.32934,  95.34467, 152.02555,-130.75080, 102.44190, 151.51776,-145.19315, 114.91646, 126.54604,-147.38372,  99.29024, 106.19668,-151.59385,  98.02086, 106.63181,-148.67394,  96.43145, 106.50183,-145.14559,  96.04726, 105.87124,-142.55892,  96.31380, 106.02416,-148.90890,  92.36494, 103.69563,-145.71774,  90.89506, 101.75274,-142.79365,  90.74391, 100.49867,-141.04396,  96.29988, 105.05604,-149.76866,  92.43973, 102.26074,-147.12165,  91.18793,  99.31555,-144.47472,  91.92409,  97.55029,-142.70906,  96.37793, 104.43643,-150.46103,  92.95167, 101.41108,-148.69789,  91.92015,  98.49422,-146.82036,  92.52906,  96.61470,-145.27061,  96.67986, 103.74574,-151.33027,  93.68087, 100.56343,-150.25678,  92.83648,  98.00977,-149.17777,  93.40980,  96.59380,-148.16837,  95.92294, 152.52702,-125.00153,  94.40545, 149.43440,-109.27439,  94.12954, 121.67397,-105.62990,  92.09554, 103.87180,-124.46990,  94.24366, 104.61406,-126.74173,  96.87806, 104.85913,-129.56879,  99.16064, 104.50036,-130.94618,  93.42333, 103.99858,-128.25393,  95.03711, 102.04020,-133.22982,  97.32959, 100.41905,-135.79926,  98.99155,  99.35241,-136.66939,  92.71787, 102.94745,-127.98174,  93.90949, 100.46825,-132.68862,  96.12397,  97.81999,-134.99734,  98.19078,  96.23974,-135.07931,  92.16962, 102.25946,-127.67275,  92.73922,  99.45738,-131.65076,  94.33036,  96.75665,-133.45949,  96.16031,  95.04154,-133.58119,  91.55221, 101.48090,-127.09270,  91.66874,  98.44863,-130.41915,  92.56629,  96.02576,-131.73159,  93.84416,  94.71655,-131.65688
   4.71676, 115.72437, 102.54037,-125.96650, 115.48026, 101.81842,-136.94007, 112.00595,  57.09162,-141.18575, 122.21620,  17.04778,-149.00351, 115.96849, 103.26233,-114.99293, 122.85734,  59.40219,-107.28475, 135.71595,  20.63079, -97.26928, 113.50951, 110.33869,-126.43028, 107.10239, 127.12504,-127.09918, 101.56422, 138.62042,-127.15037,  92.21262, 155.31051,-126.57747,  90.54739, 159.22054,-126.54417,  89.38586, 163.30794,-126.62511,  94.30630, 149.93382,-129.53682,  99.36212, 149.25371,-144.80725, 112.74802, 124.87222,-148.02610,  97.11473, 104.25799,-150.60563,  95.98274, 104.71831,-147.63355,  94.57571, 104.61775,-144.02765,  94.33728, 104.02763,-141.41403,  94.28166, 104.06569,-147.77109,  90.55653, 101.70482,-144.34343,  89.28357,  99.78353,-141.31460,  89.25139,  98.55982,-139.53740,  94.24873, 103.08129,-148.61162,  90.59651, 100.24561,-145.72349,  89.55228,  97.32240,-142.96454,  90.41950,  95.60924,-141.20709,  94.30737, 102.45062,-149.29588,  91.04981,  99.37849,-147.30816,  90.18628,  96.47419,-145.32914,  90.91847,  94.63966,-143.77882,  94.58244, 101.75088,-150.16679,  91.72084,  98.51891,-148.88651,  90.99516,  95.96687,-147.72081,  91.65326,  94.58452,-146.71654,  95.78658, 150.57199,-123.96533,  96.52189, 147.66185,-108.14760,  97.18236, 120.00931,-103.80005,  92.33503, 101.05635,-120.92572,  94.06056, 101.66861,-123.56661,  96.17294, 101.75301,-126.81054,  98.18886, 101.31242,-128.53624,  92.99732, 100.97763,-124.88213,  93.74824,  98.75257,-129.95009,  95.57672,  96.98840,-132.78382,  97.07108,  95.87033,-133.86722,  92.35373,  99.94532,-124.43855,  92.73710,  97.21614,-129.14235,  94.53818,  94.44041,-131.65210,  96.56836,  92.84933,-132.00198,  91.86956,  99.27691,-124.00473,  91.76592,  96.26640,-127.86825,  93.03833,  93.46728,-129.77693,  94.82901,  91.74044,-130.11840,  91.36393,  98.53266,-123.28764,  90.92610,  95.32858,-126.42064,  91.59840,  92.83606,-127.73735,  92.87662,  91.52724,-127.81278
   4.73343, 116.20786, 100.77815,-127.21250, 114.03367,  99.76653,-137.94793, 110.54149,  54.93729,-140.90215, 119.86134,  14.67874,-148.72937, 118.38205, 101.78977,-116.47707, 125.20899,  58.48352,-106.05855, 140.24498,  20.87468, -94.72853, 113.81314, 108.53310,-127.45828, 107.02300, 125.18122,-127.33794, 101.26340, 136.54448,-126.61603,  91.68037, 152.99494,-124.64437,  89.95762, 156.87256,-124.40210,  88.73706, 160.94350,-124.39090,  93.36927, 147.61415,-127.84511,  96.20916, 146.63758,-143.66255, 110.23636, 122.86053,-148.34118,  94.77551, 101.96840,-149.03451,  93.85314, 102.43879,-145.99239,  92.71420, 102.34996,-142.29275,  92.67857, 101.78408,-139.66319,  92.16045, 101.75086,-145.99937,  88.74392,  99.35405,-142.28700,  87.73447,  97.44126,-139.15524,  87.85684,  96.23684,-137.36881,  92.08695, 100.75678,-146.82582,  88.71375,  97.88078,-143.65229,  87.93352,  94.96792,-140.79678,  88.96144,  93.29193,-139.09090,  92.10877, 100.11989,-147.50648,  89.06859,  97.00545,-145.25742,  88.41149,  94.10650,-143.19308,  89.29223,  92.30418,-141.68278,  92.33428,  99.41621,-148.38840,  89.64084,  96.14207,-146.87219,  89.05481,  93.58907,-145.63238,  89.81263,  92.23130,-144.66556,  95.79937, 148.40575,-122.63858,  98.76962, 145.71945,-107.04462, 100.52423, 118.20911,-102.13517,  92.64517,  98.07504,-116.57607,  93.87436,  98.55692,-119.50582,  95.38170,  98.48196,-123.07159,  97.06507,  97.95562,-125.10268,  92.60074,  97.80543,-120.57898,  92.46230,  95.33846,-125.58837,  93.77498,  93.43723,-128.61291,  95.06269,  92.26591,-129.88835,  92.05236,  96.79670,-119.98035,  91.61969,  93.84430,-124.54294,  92.96932,  90.94825,-127.19602,  94.91687,  89.33875,-127.82225,  91.65671,  96.15070,-119.43670,  90.89458,  92.95844,-123.07392,  91.82985,  90.06879,-125.04175,  93.54405,  88.32450,-125.61103,  91.29035,  95.44258,-118.60716,  90.32925,  92.09261,-121.45802,  90.77600,  89.53863,-122.75263,  92.02980,  88.22551,-122.98988
   4.75009, 116.37923,  98.92680,-128.71240, 112.56132,  97.66795,-138.95149, 108.81273,  52.77984,-140.21203, 118.35676,  12.59759,-148.16022, 120.19713, 100.18566,-118.47331, 127.31910,  57.90497,-104.60950, 144.29557,  21.38657, -92.48182, 113.85901, 106.64580,-128.72169, 106.87978, 123.19136,-127.81885, 101.08040, 134.46461,-126.37020,  91.57853, 150.75930,-123.12412,  89.84273, 154.61383,-122.68583,  88.57790, 158.66993,-122.58225,  92.85804, 145.36166,-126.48244,  93.03249, 143.90120,-142.51512, 107.33529, 120.78188,-149.21787,  92.23311,  99.64169,-148.20961,  91.57582, 100.08868,-145.09597,  90.76359,  99.97130,-141.31194,  90.96048,  99.39056,-138.69277,  89.89343,  99.38899,-144.95999,  86.82835,  96.94773,-140.97947,  86.10753,  95.01054,-137.78364,  86.39262,  93.79707,-136.02205,  89.75476,  98.39904,-145.78303,  86.68908,  95.48192,-142.34600,  86.17906,  92.54783,-139.45145,  87.36230,  90.86958,-137.85175,  89.72142,  97.76611,-146.46691,  86.90862,  94.61804,-143.98126,  86.45235,  91.70312,-141.88549,  87.47278,  89.89861,-140.46859,  89.87391,  97.06895,-147.36941,  87.34383,  93.76768,-145.64495,  86.88440,  91.20378,-144.37462,  87.73222,  89.84598,-143.48572,  96.05773, 146.28137,-121.73312, 101.51748, 143.91225,-106.77356, 104.36183, 116.55952,-101.50688,  94.39608,  95.74945,-113.49123,  94.98313,  96.10218,-116.63089,  95.71301,  95.87063,-120.42642,  96.93846,  95.25348,-122.74018,  93.51839,  95.30857,-117.38137,  92.35290,  92.62943,-122.14193,  93.01732,  90.59699,-125.29048,  94.01786,  89.36883,-126.75592,  93.11371,  94.32780,-116.63911,  91.75695,  91.18358,-120.88106,  92.54156,  88.17307,-123.63218,  94.32583,  86.53333,-124.58258,  92.84454,  93.70670,-115.99788,  91.36040,  90.36335,-119.25671,  91.88288,  87.38965,-121.25203,  93.45171,  85.61826,-122.09232,  92.66412,  93.03572,-115.08080,  91.15067,  89.56901,-117.52310,  91.33381,  86.96076,-118.77285,  92.51893,  85.63555,-119.21086
   4.76676, 116.01717,  97.08298,-130.30475, 110.69712,  95.68172,-139.83016, 106.89531,  50.78156,-139.50587, 117.76212,  11.04583,-147.98288, 121.33722,  98.48423,-120.77933, 129.10572,  57.51698,-103.69371, 147.77789,  22.03899, -90.98396, 113.38316, 104.75625,-129.96241, 106.38802, 121.22104,-128.15711, 100.75454, 132.46616,-126.00566,  91.71291, 148.76556,-121.65614,  90.02777, 152.61867,-121.04266,  88.75778, 156.66964,-120.84450,  92.52296, 143.31727,-125.07812,  90.22903, 141.35375,-140.89243, 104.20954, 118.91001,-150.10244,  89.82525,  97.43907,-147.25796,  89.53297,  97.85540,-144.08498,  89.16924,  97.70067,-140.23321,  89.67500,  97.10041,-137.66028,  87.88313,  97.14069,-143.75981,  85.32195,  94.64197,-139.47078,  84.99357,  92.67307,-136.23022,  85.49136,  91.44780,-134.52496,  87.65648,  96.15631,-144.56991,  85.03469,  93.18615,-140.82485,  84.88774,  90.22461,-137.91708,  86.26197,  88.54335,-136.48165,  87.54810,  95.52869,-145.25089,  85.06799,  92.33738,-142.48227,  84.88096,  89.40192,-140.37389,  86.07307,  87.59454,-139.10213,  87.59920,  94.84014,-146.17126,  85.31205,  91.50415,-144.19298,  85.02289,  88.92633,-142.90083,  85.97864,  87.56847,-142.12927,  96.38263, 144.33543,-120.87023, 103.99757, 142.29813,-106.83199, 108.10724, 115.13395,-101.42662,  96.28472,  93.90461,-110.67556,  96.26528,  94.15669,-113.87910,  96.25615,  93.80351,-117.73494,  97.01283,  93.10144,-120.21902,  94.67780,  93.36216,-114.31170,  92.60388,  90.56116,-118.67660,  92.63895,  88.42797,-121.82840,  93.33153,  87.14330,-123.41804,  94.41396,  92.40943,-113.47545,  92.24731,  89.16152,-117.28043,  92.46804,  86.06075,-120.03432,  94.02473,  84.36876,-121.25478,  94.26686,  91.81129,-112.77547,  92.16097,  88.39501,-115.58527,  92.26879,  85.35693,-117.54883,  93.63390,  83.53964,-118.61609,  94.25905,  91.17014,-111.82013,  92.27905,  87.65496,-113.81927,  92.19895,  85.00881,-114.99820,  93.26780,  83.65469,-115.61178
   4.78343, 115.18457,  95.07107,-132.24480, 108.40992,  93.56702,-140.77955, 104.25270,  48.82467,-137.39978, 117.14373,   9.92786,-146.87265, 121.95922,  96.57513,-123.71005, 130.66577,  57.28807,-103.42934, 150.98676,  22.87199, -90.33482, 112.54720, 102.71446,-131.49829, 105.74159, 119.11399,-128.66642, 100.38828, 130.31752,-125.72691,  91.92774, 146.56214,-120.17072,  90.31430, 150.41045,-119.36463,  89.05701, 154.45910,-119.06438,  92.25969, 141.08098,-123.61988,  87.57394, 138.60183,-138.82210, 100.54556, 116.60661,-150.30892,  87.39371,  94.68104,-145.58679,  87.53218,  95.03750,-142.39613,  87.70111,  94.81016,-138.53451,  88.56284,  94.17439,-136.06685,  85.95299,  94.28908,-141.86273,  84.03953,  91.67315,-137.31360,  84.18643,  89.64331,-134.09742,  84.93072,  88.39755,-132.50021,  85.63210,  93.31507,-142.65328,  83.59109,  90.23618,-138.64381,  83.88671,  87.22285,-135.80130,  85.46888,  85.54093,-134.59984,  85.44077,  92.69751,-143.32515,  83.40976,  89.41682,-140.30643,  83.55596,  86.44266,-138.24970,  84.93719,  84.63435,-137.18794,  85.37557,  92.02592,-144.25709,  83.42968,  88.61753,-142.05031,  83.35781,  86.01323,-140.78111,  84.42992,  84.65887,-140.17377,  96.72339, 142.19807,-120.08894, 106.36528, 140.52624,-107.30423, 111.62011, 113.52245,-102.09060,  98.25993,  91.98204,-107.87993,  97.55858,  92.14068,-111.01194,  96.72273,  91.67518,-114.76388,  96.92508,  90.88944,-117.32859,  95.90858,  91.35803,-111.07049,  92.92592,  88.46248,-114.80125,  92.26840,  86.23783,-117.81857,  92.59426,  84.89691,-119.47770,  95.82135,  90.43424,-110.16736,  92.86392,  87.10979,-113.31740,  92.46449,  83.92690,-115.95502,  93.70986,  82.17656,-117.42504,  95.82209,  89.85911,-109.43345,  93.13522,  86.39454,-111.61935,  92.79490,  83.29910,-113.46315,  93.88480,  81.43091,-114.73873,  96.01310,  89.24634,-108.47856,  93.62157,  85.70469,-109.89658,  93.26871,  83.02675,-110.94659,  94.17011,  81.63922,-111.73069
   4.80010, 113.82559,  92.76980,-134.15683, 105.95671,  91.21345,-141.68401, 101.69717,  46.83119,-135.15296, 117.12593,   9.28195,-146.14767, 121.69448,  94.32614,-126.62965, 131.31220,  56.99902,-103.28936, 152.91038,  23.41021, -90.09141, 111.23599, 100.38190,-133.02357, 104.71995, 116.70247,-129.22087,  99.71373, 127.84632,-125.53712,  91.91818, 143.98999,-118.83258,  90.38441, 147.82705,-117.83909,  89.13591, 151.86947,-117.43586,  91.81613, 138.49061,-122.26717,  84.69635, 135.48043,-136.39011,  95.82696, 113.58580,-149.83388,  84.11753,  91.21782,-143.62400,  84.67388,  91.49958,-140.47160,  85.35881,  91.18215,-136.67391,  86.55108,  90.50332,-134.36009,  83.19156,  90.70872,-139.75343,  81.94150,  87.94782,-135.06154,  82.54669,  85.84394,-131.94817,  83.51622,  84.57423,-130.49737,  82.78348,  89.74821,-140.51993,  81.34238,  86.53521,-136.35809,  82.06051,  83.46015,-133.66073,  83.81446,  81.77992,-132.72474,  82.51406,  89.14358,-141.17661,  80.95413,  85.75300,-138.00307,  81.41898,  82.73327,-136.06340,  82.95718,  80.92628,-135.24252,  82.33584,  88.49360,-142.10911,  80.75419,  84.99663,-139.75473,  80.89237,  82.36151,-138.55664,  82.05669,  81.01339,-138.13297,  96.74480, 139.70533,-119.46135, 108.35717, 138.45735,-108.37958, 114.94011, 111.63770,-103.75670, 100.82968,  89.93363,-106.17108,  99.34838,  90.00463,-109.02192,  97.57458,  89.43445,-112.41616,  97.10734,  88.56681,-114.91916,  97.73455,  89.24326,-108.62903,  93.87852,  86.27457,-111.37074,  92.45640,  83.96661,-114.04216,  92.33814,  82.57050,-115.68346,  97.87728,  88.34923,-107.70330,  94.19249,  84.96955,-109.87615,  93.11222,  81.71214,-112.21488,  93.92902,  79.90010,-113.89564,  98.06341,  87.79719,-106.97529,  94.88696,  84.30368,-108.28151,  94.06815,  81.15748,-109.87153,  94.78399,  79.23582,-111.32064,  98.48999,  87.21178,-106.08136,  95.79576,  83.66100,-106.71900,  95.17088,  80.95687,-107.55302,  95.83332,  79.53344,-108.49514
   4.81676, 111.94553,  90.74375,-135.80301, 103.37866,  89.17523,-142.52226,  99.81969,  45.28157,-132.96903, 117.50669,   9.38513,-145.91086, 120.51241,  92.31228,-129.08375, 131.03293,  56.76951,-103.45927, 153.60417,  23.78573, -90.36404, 109.42352,  98.32558,-134.35739, 103.22344, 114.57575,-129.79984,  98.57517, 125.67292,-125.54968,  91.45775, 141.74032,-117.96544,  90.00949, 145.56990,-116.82555,  88.77692, 149.60810,-116.33952,  91.00016, 136.21952,-121.33610,  82.00271, 132.78109,-134.23700,  90.47649, 110.67823,-149.19223,  80.33358,  87.91239,-141.78697,  81.34914,  88.06325,-138.74191,  82.58861,  87.58889,-135.10445,  84.11135,  86.82168,-133.02389,  79.99107,  87.22934,-137.84818,  79.45458,  84.25853,-133.14866,  80.51813,  82.02815,-130.25385,  81.69435,  80.70577,-129.01903,  79.47637,  86.29914,-138.58739,  78.67363,  82.89776,-134.40321,  79.78961,  79.71602,-131.97865,  81.66648,  78.01249,-131.38625,  79.11423,  85.72095,-139.22296,  78.04829,  82.18362,-136.00555,  78.80164,  79.08749,-134.28985,  80.44841,  77.26039,-133.78490,  78.80162,  85.11012,-140.14652,  77.59336,  81.50152,-137.73995,  77.91314,  78.81865,-136.69194,  79.13037,  77.46378,-136.50419,  96.22892, 137.52331,-119.19129, 109.30321, 136.64978,-109.83661, 116.99962, 109.99886,-106.02957, 102.81276,  88.24036,-104.88908, 100.68251,  88.25801,-107.29497,  98.13196,  87.62472,-110.13856,  97.06360,  86.69946,-112.42736,  99.20779,  87.52864,-106.50016,  94.78040,  84.54246,-108.13723,  92.73519,  82.18595,-110.31659,  92.21152,  80.74990,-111.83990,  99.56556,  86.65683,-105.61215,  95.43997,  83.27214,-106.72773,  93.80092,  79.97054,-108.64093,  94.17174,  78.10519,-110.41817,  99.91960,  86.12121,-104.93601,  96.49725,  82.63816,-105.33174,  95.29481,  79.46344,-106.58572,  95.62336,  77.49582,-108.11072, 100.54701,  85.55327,-104.15653,  97.75474,  82.02368,-104.01967,  96.92742,  79.30765,-104.60025,  97.33096,  77.85177,-105.63473
   4.83343, 109.65630,  88.95969,-137.13886, 100.34859,  87.33286,-142.77091,  97.78312,  43.96413,-130.80617, 117.32986,   9.76626,-145.54749, 118.96400,  90.58653,-131.50680, 130.50020,  56.63736,-104.21295, 153.82318,  24.04166, -91.46799, 107.25695,  96.50905,-135.35428, 101.50196, 112.67587,-129.98822,  97.29445, 123.70766,-125.14943,  90.97050, 139.67352,-116.69728,  89.62290, 143.49088,-115.40337,  88.41283, 147.52264,-114.81759,  90.16417, 134.13227,-119.96750,  79.64259, 130.36091,-131.55557,  85.41354, 107.80006,-147.10241,  77.03305,  84.64517,-138.75863,  78.50673,  84.67136,-135.90308,  80.28841,  84.04860,-132.52223,  82.10798,  83.19613,-130.73378,  77.29661,  83.80317,-134.84461,  77.46925,  80.64460,-130.24106,  78.95005,  78.29757,-127.63639,  80.29293,  76.92504,-126.65160,  76.66747,  82.90422,-135.53215,  76.49455,  79.33662,-131.41349,  77.94783,  76.05803,-129.31915,  79.88125,  74.33007,-129.09187,  76.20757,  82.35265,-136.12684,  75.62466,  78.68868,-132.92743,  76.61105,  75.52476,-131.47354,  78.30276,  73.67710,-131.30204,  75.75200,  81.78010,-137.01478,  74.90302,  78.07797,-134.59675,  75.36113,  75.35447,-133.71863,  76.58296,  73.99194,-133.77516,  95.60953, 135.53850,-118.54958, 109.82299, 134.99207,-111.00710, 118.60323, 108.55329,-108.19666, 105.08954,  86.83891,-103.52059, 102.44630,  86.82019,-105.34800,  99.28246,  86.14511,-107.47563,  97.68682,  85.16619,-109.40741, 101.19563,  86.14841,-104.19777,  96.46950,  83.20132,-104.61905,  93.93428,  80.81609,-106.15820,  93.04432,  79.34109,-107.45793, 101.74475,  85.29953,-103.38875,  97.43150,  81.96543,-103.36105,  95.34283,  78.63634,-104.70344,  95.25547,  76.70541,-106.44685, 102.24366,  84.77959,-102.79702,  98.78410,  81.35673,-102.23477,  97.27847,  78.16742,-103.04629,  97.20914,  76.14359,-104.53103, 103.03230,  84.22517,-102.16897, 100.31126,  80.76057,-101.23841,  99.33638,  78.04433,-101.50304,  99.46330,  76.54668,-102.54875
   4.85010, 107.17256,  87.44440,-138.32652,  97.37100,  85.74037,-143.01967,  96.15795,  43.13066,-128.40719, 116.90208,  10.39417,-144.74361, 116.97413,  89.14842,-133.63338, 129.81814,  56.83797,-104.96894, 153.43854,  24.26274, -92.72940, 104.91183,  94.98706,-136.34366,  99.58822, 111.09463,-130.38667,  95.80680, 122.04555,-125.03916,  90.28911, 137.83767,-115.73843,  89.04145, 141.62958,-114.27992,  87.84245, 145.64460,-113.56962,  89.18512, 132.29519,-118.91840,  77.25444, 128.19782,-128.92241,  80.29015, 105.07146,-144.41292,  73.32698,  81.63650,-135.56325,  75.15942,  81.54073,-132.92516,  77.35417,  80.77359,-129.82888,  79.37558,  79.83390,-128.32323,  74.08217,  80.65047,-131.74810,  74.79652,  77.32584,-127.31689,  76.56214,  74.86757,-125.00927,  77.99751,  73.44331,-124.25550,  73.35350,  79.78505,-132.37795,  73.65514,  76.07362,-128.39607,  75.31097,  72.70324,-126.62232,  77.22718,  70.94359,-126.70831,  72.81070,  79.26124,-132.92603,  72.58478,  75.49194,-129.80480,  73.69653,  72.26524,-128.60083,  75.36378,  70.39108,-128.71463,  72.23373,  78.72699,-133.76596,  71.64185,  74.95116,-131.38557,  72.16273,  72.19210,-130.66816,  73.34298,  70.81697,-130.93006,  94.73715, 133.80916,-118.19528, 109.88233, 133.65207,-112.73552, 119.78022, 107.50777,-111.15198, 107.67366,  85.96167,-103.07752, 104.65329,  85.91163,-104.17362, 101.04743,  85.20290,-105.39340,  99.00542,  84.16593,-106.80442, 103.72937,  85.32453,-102.71068,  99.02507,  82.46484,-101.76688,  96.16138,  80.06341,-102.48666,  94.95786,  78.54649,-103.43926, 104.45820,  84.50440,-102.02307, 100.26372,  81.27114,-100.72944,  97.87352,  77.92703,-101.32213,  97.32976,  75.91551,-102.88217, 105.08626,  84.00320,-101.55006, 101.85231,  80.68871, -99.95118, 100.16196,  77.49735,-100.18582,  99.70042,  75.40533,-101.49561, 106.00348,  83.46298,-101.11341, 103.57692,  80.10862, -99.34323, 102.54282,  77.40474, -99.20875, 102.38711,  75.85532,-100.17186
   4.86676, 104.50213,  86.04126,-139.08646,  94.33705,  84.22232,-142.87626,  95.06084,  42.04644,-127.02524, 116.39729,  10.54261,-144.94564, 114.66721,  87.86020,-135.29665, 128.73671,  56.85416,-105.77957, 152.31985,  23.99601, -94.24471, 102.34625,  93.56227,-136.91366,  97.42215, 109.61044,-130.47241,  94.06336, 120.51169,-124.75412,  89.37085, 136.22652,-114.88680,  88.22905, 140.00036,-113.30031,  87.04434, 143.99628,-112.46869,  88.00368, 130.67302,-117.94286,  75.02906, 126.35228,-126.43995,  75.13051, 102.64464,-141.33750,  69.16726,  79.11472,-132.02178,  71.27215,  78.93435,-129.60033,  73.76795,  78.06701,-126.76994,  75.91377,  77.05323,-125.50352,  70.30457,  78.05762,-128.32219,  71.40240,  74.65580,-124.03016,  73.33843,  72.12022,-121.95454,  74.80654,  70.64792,-121.37663,  69.48767,  77.22063,-128.87783,  70.11567,  73.44929,-124.99147,  71.85889,  70.01213,-123.44404,  73.70407,  68.20296,-123.75676,  68.87398,  76.71899,-129.36889,  68.88257,  72.91555,-126.28110,  70.02727,  69.64427,-125.23920,  71.61882,  67.72770,-125.55362,  68.19432,  76.21176,-130.14644,  67.75856,  72.42157,-127.75519,  68.27641,  69.64013,-127.12764,  69.38199,  68.23743,-127.53097,  93.58196, 132.25588,-117.81093, 109.27720, 132.44292,-114.22844, 120.10263, 106.62400,-113.78878, 110.09434,  85.38912,-102.61228, 106.90779,  85.33080,-103.02341, 103.11995,  84.61775,-103.39257, 100.81560,  83.54192,-104.26928, 106.32120,  84.83527,-101.36544, 101.92176,  82.10427, -99.27124,  98.95954,  79.71504, -99.22228,  97.57112,  78.17027, -99.80791, 107.17839,  84.04030,-100.80877, 103.35095,  80.94625, -98.46386, 100.87435,  77.61471, -98.34263,  99.99576,  75.53398, -99.63657, 107.89200,  83.55429,-100.45671, 105.06810,  80.37953, -98.01803, 103.35308,  77.20785, -97.70772, 102.60877,  75.05840, -98.77120, 108.87979,  83.02278,-100.20063, 106.88102,  79.80414, -97.76780, 105.88892,  77.12783, -97.26630, 105.52085,  75.53324, -98.08749
   4.88343, 101.76739,  84.94309,-139.71812,  91.30358,  83.02683,-142.51752,  94.07876,  41.26653,-125.81544, 115.57868,  10.74908,-145.18847, 112.23120,  86.85935,-136.91873, 128.01359,  57.16088,-106.92706, 151.51495,  23.98052, -96.17413,  99.76548,  92.45658,-137.37841,  95.35704, 108.49675,-130.55498,  92.49193, 119.40080,-124.57917,  88.69677, 135.13408,-114.36152,  87.68192, 138.90153,-112.67662,  86.53474, 142.88246,-111.72863,  87.06735, 129.56426,-117.25499,  73.27211, 125.13720,-124.27655,  70.90028, 100.99770,-138.26437,  65.69950,  77.48162,-128.46917,  68.04368,  77.23317,-126.28522,  70.79483,  76.28541,-123.73076,  73.02528,  75.19755,-122.69259,  67.18707,  76.39887,-124.90368,  68.61272,  72.97714,-120.72536,  70.66552,  70.37996,-118.84752,  72.13200,  68.85628,-118.41761,  66.28512,  75.59062,-125.36178,  67.18693,  71.81545,-121.53347,  68.95842,  68.32225,-120.15263,  70.69174,  66.44392,-120.64571,  65.60433,  75.11017,-125.78021,  65.80397,  71.32261,-122.67937,  66.93272,  68.01536,-121.73854,  68.40990,  66.03920,-122.20530,  64.82709,  74.62534,-126.47636,  64.51108,  70.86461,-124.02065,  64.99062,  68.06850,-123.42885,  65.99432,  66.62365,-123.93635,  92.62628, 131.16857,-117.66057, 108.62482, 131.66872,-115.92663, 120.40596, 106.27406,-116.48893, 113.45610,  85.54602,-102.41599, 110.25147,  85.46822,-102.19047, 106.47240,  84.74148,-101.76286, 104.05272,  83.61509,-102.09830, 110.00569,  85.08629,-100.42066, 106.13004,  82.51261, -97.32963, 103.26024,  80.13939, -96.54368, 101.80069,  78.56233, -96.74263, 110.96362,  84.32826, -99.99126, 107.70178,  81.40770, -96.74290, 105.33240,  78.09792, -95.91899, 104.24005,  75.93741, -96.87533, 111.73744,  83.86514, -99.75437, 109.47891,  80.86784, -96.60541, 107.89163,  77.72833, -95.75620, 106.97675,  75.51435, -96.50879, 112.76185,  83.34952, -99.66206, 111.31181,  80.30599, -96.67748, 110.46554,  77.67174, -95.81551, 109.96107,  76.02666, -96.44143
   4.90010,  99.10020,  84.15311,-140.34987,  88.42135,  82.13685,-142.05185,  93.06474,  40.85281,-124.59760, 114.56211,  11.03052,-145.02722, 109.77906,  86.16938,-138.64789, 127.53104,  57.75383,-108.51472, 150.89476,  24.26244, -98.44800,  97.28365,  91.66088,-137.84628,  93.45541, 107.68981,-130.65613,  91.11499, 118.58688,-124.44372,  88.23277, 134.31037,-113.91737,  87.35501, 138.06813,-112.13656,  86.25963, 142.03253,-111.06595,  86.35860, 128.73724,-116.65190,  71.86460, 124.25431,-122.04053,  67.22483,  99.76785,-134.80320,  62.43210,  76.32142,-124.63979,  64.92678,  76.05475,-122.63180,  67.83386,  75.08595,-120.26480,  70.10249,  73.95387,-119.36601,  64.15255,  75.28586,-121.16623,  65.78644,  71.93170,-117.00943,  67.89575,  69.31974,-115.21662,  69.34345,  67.76099,-114.85411,  63.19415,  74.49558,-121.53169,  64.26857,  70.79608,-117.67417,  66.03240,  67.28487,-116.32967,  67.66508,  65.33854,-116.89692,  62.46918,  74.02665,-121.88371,  62.78814,  70.31835,-118.69820,  63.88363,  67.00220,-117.74939,  65.26005,  64.96718,-118.26834,  61.62685,  73.54911,-122.50518,  61.38369,  69.86729,-119.92476,  61.82123,  67.07375,-119.28990,  62.73889,  65.58393,-119.82927,  91.85374, 130.35412,-117.56244, 107.92980, 131.19017,-117.82945, 120.78169, 106.36893,-119.48330, 117.06240,  86.26902,-103.41593, 113.97348,  86.15837,-102.53680, 110.38389,  85.40812,-101.29409, 107.98376,  84.21968,-101.04288, 114.10247,  85.91686,-100.73027, 111.01537,  83.53969, -96.72803, 108.44106,  81.19209, -95.19592, 107.02281,  79.58094, -94.97297, 115.15120,  85.21146,-100.44884, 112.70785,  82.51115, -96.39181, 110.66114,  79.24127, -94.85356, 109.46816,  76.99330, -95.40042, 115.97138,  84.78146,-100.34018, 114.49255,  82.01271, -96.57883, 113.21105,  78.92709, -95.18819, 112.23464,  76.64514, -95.56829, 117.00934,  84.29146,-100.41973, 116.29023,  81.47631, -96.98008, 115.72045,  78.90714, -95.76636, 115.15308,  77.20897, -96.14963
   4.91677,  96.41822,  83.60912,-140.86618,  85.65469,  81.52680,-141.76635,  92.29655,  40.72245,-123.83663, 113.62047,  11.39586,-145.14664, 107.18175,  85.69143,-139.96601, 126.62483,  58.18774,-110.03112, 150.00201,  24.50495,-100.65814,  94.74789,  91.11368,-138.25354,  91.41148, 107.13225,-130.80008,  89.55680, 118.01863,-124.40753,  87.59048, 133.71679,-113.63530,  86.85670, 137.46714,-111.77549,  85.83118, 141.42138,-110.60299,  85.48589, 128.15285,-116.21664,  70.54012, 123.67685,-120.19146,  63.60728,  98.96271,-131.37839,  58.84938,  75.67500,-120.84062,  61.45640,  75.37204,-118.98639,  64.47151,  74.36260,-116.77674,  66.74932,  73.17008,-115.98582,  60.74988,  74.67982,-117.45010,  62.52126,  71.39342,-113.29549,  64.64235,  68.75670,-111.55354,  66.05102,  67.15392,-111.23152,  59.74104,  73.91711,-117.72783,  60.92231,  70.29867,-113.82493,  62.63636,  66.76365,-112.47843,  64.15514,  64.73784,-113.08258,  58.97787,  73.46654,-118.01758,  59.36219,  69.84843,-114.73699,  60.39158,  66.52242,-113.74947,  61.65461,  64.41964,-114.28630,  58.08000,  73.00370,-118.56841,  57.86580,  69.41560,-115.85675,  58.23843,  66.62784,-115.15821,  59.06306,  65.08706,-115.70460,  90.88679, 129.76669,-117.58259, 106.83086, 130.88649,-119.51715, 120.63595, 106.67165,-122.17443, 120.83499,  87.41231,-104.70909, 117.94650,  87.26094,-103.30901, 114.65582,  86.48175,-101.42309, 112.38985,  85.23347,-100.68602, 118.38863,  87.15794,-101.53914, 116.13238,  84.97805, -96.91784, 113.96411,  82.66297, -94.81434, 112.67979,  81.02497, -94.24478, 119.50130,  86.51161,-101.39477, 117.90312,  84.03577, -96.80814, 116.29812,  80.82002, -94.72720, 115.13560,  78.49824, -94.91030, 120.34710,  86.11918,-101.39953, 119.65206,  83.58639, -97.26401, 118.76717,  80.56965, -95.47142, 117.84753,  78.23374, -95.52538, 121.37846,  85.66054,-101.62256, 121.37951,  83.08382, -97.93014, 121.14172,  80.59317, -96.46777, 120.59726,  78.85290, -96.63388
   4.93343,  93.81486,  83.03867,-141.20245,  83.02887,  80.88042,-141.26838,  91.56282,  40.47674,-123.23237, 112.62295,  11.47463,-145.23746, 104.60086,  85.19692,-141.13653, 125.64004,  58.29122,-111.74231, 149.30309,  24.60038,-103.14798,  92.29697,  90.54172,-138.49420,  89.46119, 106.54302,-130.80023,  88.08572, 117.40271,-124.24335,  86.99708, 133.03561,-113.25394,  86.41208, 136.77802,-111.32661,  85.47618, 140.72864,-110.06993,  84.68631, 127.49138,-115.69767,  69.43297, 123.06465,-118.33390,  60.65812,  98.29083,-127.99099,  55.73712,  75.22759,-117.04245,  58.43438,  74.85763,-115.33527,  61.52650,  73.77407,-113.27200,  63.78884,  72.49707,-112.57401,  57.79018,  74.25282,-113.73598,  59.65198,  71.02274,-109.57673,  61.74710,  68.34355,-107.86849,  63.09497,  66.68451,-107.57222,  56.73127,  73.53224,-113.92602,  57.97369,  69.99160,-109.97110,  59.59634,  66.42273,-108.60086,  60.97778,  64.30512,-109.21972,  55.93141,  73.11066,-114.15381,  56.34154,  69.58915,-110.77277,  57.26975,  66.25091,-109.72788,  58.39661,  64.07140,-110.26174,  54.98084,  72.67484,-114.63367,  54.76118,  69.19401,-111.78603,  55.04262,  66.41600,-111.01023,  55.75850,  64.81890,-111.54812,  89.96763, 129.10536,-117.47045, 105.64520, 130.43636,-120.88399, 120.50511, 106.98048,-124.49019, 124.74188,  88.65301,-106.54155, 122.11810,  88.43728,-104.69879, 119.21225,  87.60594,-102.27861, 117.17034,  86.28765,-101.12587, 122.83233,  88.47411,-103.01741, 121.45554,  86.48167, -97.98416, 119.78759,  84.19493, -95.43968, 118.71276,  82.53050, -94.58447, 123.99281,  87.89975,-103.01364, 123.27844,  85.64577, -98.10137, 122.21976,  82.49060, -95.61712, 121.19300,  80.10232, -95.48483, 124.85108,  87.55420,-103.12921, 124.96167,  85.26290, -98.80043, 124.55617,  82.32616, -96.72478, 123.78963,  79.94537, -96.50254, 125.86304,  87.13846,-103.48544, 126.59482,  84.81213, -99.70045, 126.74326,  82.41305, -98.08156, 126.29158,  80.63874, -98.06223
   4.95010,  91.32643,  82.61587,-141.37497,  80.56422,  80.40459,-140.84099,  90.85213,  40.34639,-122.95010, 111.66355,  11.57030,-145.48222, 102.08864,  84.82715,-141.90895, 124.84841,  58.29121,-113.47621, 149.00873,  24.77910,-105.59631,  89.92143,  90.12108,-138.61232,  87.49533, 106.11129,-130.75692,  86.54978, 116.94667,-124.08472,  86.30318, 132.50986,-112.94623,  85.87196, 136.24417,-110.96345,  85.04128, 140.19247,-109.62800,  83.80909, 126.98381,-115.24673,  68.36128, 122.60740,-116.43929,  57.89626,  97.92960,-124.53185,  52.67097,  75.11815,-113.20338,  55.41779,  74.66935,-111.59711,  58.54025,  73.49961,-109.62878,  60.76764,  72.13622,-108.98380,  54.81424,  74.14412,-109.95444,  56.69683,  70.95297,-105.77455,  58.73427,  68.22774,-104.06939,  60.01406,  66.51512,-103.77607,  53.71555,  73.47016,-110.07805,  54.95674,  69.99276,-106.06703,  56.46655,  66.39203,-104.65188,  57.71950,  64.19277,-105.25931,  52.88783,  73.08109,-110.25945,  53.27498,  69.64591,-106.78809,  54.08878,  66.29929,-105.67676,  55.08837,  64.05303,-106.18691,  51.89836,  72.67758,-110.68596,  51.63628,  69.29757,-107.72281,  51.81953,  66.53349,-106.87149,  52.43615,  64.88842,-107.38733,  88.94673, 128.60367,-117.39633, 104.20767, 130.13485,-122.29216, 120.09668, 107.54257,-126.88872, 127.85716,  90.15010,-109.18909, 125.58359,  89.84839,-106.93822, 123.17564,  88.94797,-104.04282, 121.45998,  87.55102,-102.51274, 126.54743,  90.04277,-105.39818, 126.15341,  88.26391,-100.11808, 125.10685,  86.01715, -97.22976, 124.32539,  84.33124, -96.13249, 127.73870,  89.55993,-105.55421, 127.99969,  87.56390,-100.48777, 127.61703,  84.49566, -97.71524, 126.83087,  82.04866, -97.30325, 128.59441,  89.27441,-105.79012, 129.57855,  87.26835,-101.43032, 129.75574,  84.44224, -99.17669, 129.23912,  82.02806, -98.71846, 129.56947,  88.91600,-106.28467, 131.08231,  86.88907,-102.55957, 131.68699,  84.61225,-100.87172, 131.39664,  82.81320,-100.69375
   4.96677,  89.03205,  82.30494,-141.48047,  78.34001,  79.98705,-140.33696,  90.42241,  40.33081,-122.67394, 110.84256,  11.58207,-145.59559,  99.72409,  84.62283,-142.62398, 123.93420,  58.14627,-115.35776, 148.71200,  24.91993,-108.22011,  87.71232,  89.79543,-138.63700,  85.63721, 105.74017,-130.59091,  85.07280, 116.53130,-123.80486,  85.58217, 132.00904,-112.55677,  85.29361, 135.73527,-110.53328,  84.56825, 139.68447,-109.14038,  82.93685, 126.50036,-114.72624,  67.43306, 122.15966,-114.69611,  55.23697,  97.73427,-120.91348,  49.53835,  75.19815,-109.26664,  52.30143,  74.66468,-107.71509,  55.41410,  73.40425,-105.78766,  57.58889,  71.95339,-105.15407,  51.71650,  74.22137,-106.04181,  53.55122,  71.07317,-101.80841,  55.49812,  68.30524,-100.06664,  56.70055,  66.54154, -99.74964,  50.58352,  73.59892,-106.11628,  51.75950,  70.19134,-102.02646,  53.12945,  66.56640,-100.53300,  54.25779,  64.29011,-101.09955,  49.73341,  73.24570,-106.26443,  50.04451,  69.90557,-102.69407,  50.72386,  66.55918,-101.49521,  51.59949,  64.25151,-101.95677,  48.71465,  72.87840,-106.65302,  48.36683,  69.60953,-103.57618,  48.43802,  66.86769,-102.64042,  48.96030,  65.17890,-103.11770,  87.91878, 128.13728,-117.20431, 102.74131, 129.79765,-123.26616, 119.76381, 108.26732,-128.80501, 130.80824,  91.79816,-111.98872, 128.88426,  91.40588,-109.44491, 126.96302,  90.43236,-106.22723, 125.58800,  88.96500,-104.44053, 130.02234,  91.73833,-108.05467, 130.47827,  90.14665,-102.72010, 130.01471,  87.94086, -99.65330, 129.52994,  86.24314, -98.41246, 131.21931,  91.34653,-108.35530, 132.31246,  89.58240,-103.31407, 132.55896,  86.60695,-100.42733, 132.04384,  84.12335, -99.84252, 132.05762,  91.12120,-108.69568, 133.77293,  89.37665,-104.45128, 134.48364,  86.66636,-102.16078, 134.23804,  84.23889,-101.56734, 132.98598,  90.82246,-109.30616, 135.14177,  89.07401,-105.76089, 136.15377,  86.92235,-104.10419, 136.04273,  85.11441,-103.83663
   4.98343,  87.00000,  81.95189,-141.53523,  76.39852,  79.53237,-139.87557,  89.91775,  40.24590,-122.42889, 109.83416,  11.40049,-145.67012,  97.60148,  84.37140,-143.19490, 123.25065,  57.75065,-117.42593, 148.72931,  24.88310,-111.14599,  85.74955,  89.42809,-138.62368,  83.99672, 105.33063,-130.41897,  83.80760, 116.08204,-123.54954,  85.09215, 131.47456,-112.24645,  84.94879, 135.19192,-110.19141,  84.33135, 139.14138,-108.74815,  82.30551, 125.97907,-114.26740,  66.84056, 121.64697,-113.13688,  53.27139,  97.56046,-117.57736,  46.88253,  75.35940,-105.64861,  49.64604,  74.73208,-104.13334,  52.72920,  73.37269,-102.22584,  54.83962,  71.83167,-101.58748,  49.07370,  74.37155,-102.43600,  50.83181,  71.26515, -98.13968,  52.67018,  68.45548, -96.34753,  53.78725,  66.64265, -95.99716,  47.90913,  73.80647,-102.46912,  48.99330,  70.47076, -98.29553,  50.20675,  66.82778, -96.71325,  51.20553,  64.47980, -97.22805,  47.03924,  73.49324,-102.58981,  47.25262,  70.25350, -98.92113,  47.78469,  66.91514, -97.62907,  48.53170,  64.55213, -98.03319,  45.99529,  73.16724,-102.94714,  45.54425,  70.01741, -99.76145,  45.49456,  67.30580, -98.74013,  45.92003,  65.57833, -99.17302,  87.10028, 127.64125,-117.07585, 101.47093, 129.40021,-124.11860, 119.66819, 109.12031,-130.56729, 134.02877,  93.75235,-115.28333, 132.47500,  93.24072,-112.51735, 131.05867,  92.16301,-109.07862, 130.05025,  90.61455,-107.12377, 133.74122,  93.69744,-111.28180, 134.98997,  92.25171,-106.03303, 135.10574,  90.07149,-102.91552, 134.93063,  88.36132,-101.61106, 134.92226,  93.40639,-111.72570, 136.78014,  91.83922,-106.84581, 137.64421,  88.95121,-103.98920, 137.42851,  86.44341,-103.32586, 135.72907,  93.24899,-112.16580, 138.10212,  91.74090,-108.15395, 139.32803,  89.14650,-105.94864, 139.37477,  86.71836,-105.31063, 136.59821,  93.02132,-112.88452, 139.32098,  91.53485,-109.62102, 140.71690,  89.51137,-108.08631, 140.80130,  87.70597,-107.79313
   5.00010,  85.18056,  81.62331,-141.56935,  74.70346,  79.09196,-139.37329,  89.47042,  40.17226,-122.11705, 108.88993,  11.13661,-145.54115,  95.65765,  84.15467,-143.76541, 122.93776,  57.33180,-119.95547, 149.05276,  24.82597,-114.45517,  84.00729,  89.07861,-138.57329,  82.56513, 104.93090,-130.21233,  82.70272, 115.64382,-123.28183,  84.61963, 130.97305,-111.98228,  84.59830, 134.68016,-109.90397,  84.07188, 138.62294,-108.40735,  81.72729, 125.48518,-113.87110,  66.38452, 121.14974,-111.63204,  51.60247,  97.50822,-114.19516,  44.45723,  75.64334,-102.07605,  47.19464,  74.89983,-100.56597,  50.21261,  73.41840, -98.64515,  52.23640,  71.77603, -97.97956,  46.61924,  74.62195, -98.85419,  48.23691,  71.54271, -94.48378,  49.92705,  68.68324, -92.62570,  50.94060,  66.81921, -92.23187,  45.42361,  74.12492, -98.86121,  46.35400,  70.85258, -94.60125,  47.36992,  67.19192, -92.92350,  48.22578,  64.77600, -93.37786,  44.53587,  73.85954, -98.96554,  44.59752,  70.71921, -95.20587,  44.94802,  67.39388, -93.82148,  45.55277,  64.98080, -94.16268,  43.47128,  73.58478, -99.30460,  42.87009,  70.55903, -96.02484,  42.67347,  67.88525, -94.92453,  42.99378,  66.12426, -95.31038,  86.35020, 127.17048,-116.94167, 100.19494, 129.04093,-124.94384, 119.58369, 110.27744,-132.42765, 136.54677,  95.95699,-118.89329, 135.43714,  95.32957,-115.94344, 134.60823,  94.15908,-112.34688, 134.02636,  92.54281,-110.27681, 136.80891,  95.91834,-114.88983, 138.88804,  94.65533,-109.86180, 139.63247,  92.53005,-106.79347, 139.80007,  90.82523,-105.48104, 137.94160,  95.73644,-115.49028, 140.58327,  94.40664,-110.91050, 142.09835,  91.64537,-108.20360, 142.21585,  89.13577,-107.52261, 138.69293,  95.65194,-116.03596, 141.71974,  94.42066,-112.38590, 143.47551,  91.97907,-110.37266, 143.84077,  89.57352,-109.75216, 139.47483,  95.50040,-116.86630, 142.74338,  94.31587,-114.00502, 144.52146,  92.45151,-112.67799, 144.81752,  90.66567,-112.40287
   5.01677,  83.53227,  81.50751,-141.58041,  73.19693,  78.88496,-138.87802,  89.24983,  40.33972,-121.93244, 108.22456,  11.14233,-145.51945,  93.86762,  84.13005,-144.28281, 122.61217,  57.14677,-122.45996, 149.30531,  24.97999,-117.80699,  82.44648,  88.94712,-138.51324,  81.31578, 104.76512,-130.04016,  81.75709, 115.45452,-123.08607,  84.23123, 130.74909,-111.84799,  84.31323, 134.44892,-109.75824,  83.86056, 138.38486,-108.22009,  81.25538, 125.26121,-113.60225,  66.07163, 120.90601,-110.48841,  50.14408,  97.88202,-110.94534,  42.06370,  76.39719, -98.73429,  44.74364,  75.52654, -97.18947,  47.65625,  73.91325, -95.21303,  49.57179,  72.16736, -94.49283,  44.14513,  75.33040, -95.47430,  45.55121,  72.27461, -91.01513,  47.05354,  69.36672, -89.07276,  47.94818,  67.45482, -88.62418,  42.92107,  74.90813, -95.47510,  43.62970,  71.69918, -91.12521,  44.41027,  68.02874, -89.34588,  45.11685,  65.55335, -89.73156,  42.01905,  74.69539, -95.57751,  41.87084,  71.65847, -91.73618,  42.00921,  68.35589, -90.26275,  42.46489,  65.90184, -90.53684,  40.94090,  74.47796, -95.91532,  40.14018,  71.58351, -92.56056,  39.77397,  68.95722, -91.39140,  39.98629,  67.17017, -91.72891,  85.70761, 126.96754,-116.90468,  99.08478, 128.95095,-125.64124, 119.41064, 111.61388,-134.02489, 138.56125,  98.32237,-122.51014, 137.86582,  97.60602,-119.45567, 137.56995,  96.37218,-115.79747, 137.37401,  94.71399,-113.68841, 139.29959,  98.30752,-118.56646, 142.05887,  97.22444,-113.83229, 143.33602,  95.16997,-110.89398, 143.79894,  93.48565,-109.62682, 140.36404,  98.22036,-119.29856, 143.63219,  97.11738,-115.07674, 145.68156,  94.49318,-112.59459, 146.08651,  92.00242,-111.95606, 141.04959,  98.19850,-119.93018, 144.58019,  97.22537,-116.67617, 146.75881,  94.93949,-114.90826, 147.39311,  92.57302,-114.35816, 141.73712,  98.11226,-120.84869, 145.40930,  97.20550,-118.40607, 147.48067,  95.49638,-117.31669, 147.95415,  93.74155,-117.09548
   5.03343,  82.00091,  81.40670,-141.56062,  71.87547,  78.67183,-138.24459,  88.95529,  40.40414,-121.67814, 107.44140,  10.96010,-145.34642,  92.12634,  84.14157,-144.87666, 122.34783,  57.10073,-125.22878, 149.62368,  25.28807,-121.64299,  81.02514,  88.82999,-138.41784,  80.26145, 104.61534,-129.84347,  81.03918, 115.28461,-122.88794,  84.09931, 130.55475,-111.76149,  84.28309, 134.24952,-109.66926,  83.89657, 138.18020,-108.09992,  81.04413, 125.06355,-113.36230,  66.03457, 120.71013,-109.49309,  49.24780,  98.34130,-108.13671,  40.03839,  77.34783, -95.87046,  42.62491,  76.35046, -94.24512,  45.38611,  74.61028, -92.16188,  47.16763,  72.76505, -91.35108,  41.98230,  76.24652, -92.53785,  43.09782,  73.24243, -87.96291,  44.36688,  70.30271, -85.90544,  45.12407,  68.35072, -85.38260,  40.73317,  75.90580, -92.55195,  41.14481,  72.79145, -88.09633,  41.64634,  69.13366, -86.19464,  42.19437,  66.60656, -86.49301,  39.82112,  75.74978, -92.66696,  39.39902,  72.84781, -88.74254,  39.29008,  69.58979, -87.17073,  39.58710,  67.10387, -87.36345,  38.73753,  75.59348, -93.02077,  37.68314,  72.86165, -89.60041,  37.12144,  70.30202, -88.36299,  37.22112,  68.49541, -88.64366,  85.29987, 126.79132,-116.90398,  98.22087, 128.88029,-126.27915, 119.37934, 113.12556,-135.66571, 140.54351, 101.06060,-126.58193, 140.26613, 100.29099,-123.47431, 140.49366,  99.03464,-119.81888, 140.67004,  97.36424,-117.71775, 141.73819, 101.09698,-122.75187, 145.10627, 100.21865,-118.38339, 146.86813,  98.26253,-115.63474, 147.60022,  96.61628,-114.44694, 142.71298, 101.09054,-123.60415, 146.52640, 100.23102,-119.80414, 149.04183,  97.76508,-117.60432, 149.70268,  95.31098,-117.04195, 143.31946, 101.12075,-124.31173, 147.26968, 100.41137,-121.50224, 149.80424,  98.29322,-120.02352, 150.67262,  95.98033,-119.57455, 143.89905, 101.08720,-125.30508, 147.88941, 100.45545,-123.31728, 150.19537,  98.90513,-122.49422, 150.82051,  97.19045,-122.34707
   5.05010,  80.59974,  81.32599,-141.43668,  70.65261,  78.52801,-137.66496,  88.63200,  40.44116,-121.64257, 106.66091,  10.79288,-145.40838,  90.54687,  84.12397,-145.20839, 122.27813,  57.07537,-128.11792, 150.01299,  25.55950,-125.58750,  79.72198,  88.74265,-138.24966,  79.26888, 104.51620,-129.63163,  80.32539, 115.17902,-122.70302,  83.86344, 130.44264,-111.71013,  84.13356, 134.13421,-109.62164,  83.80526, 138.05909,-108.02475,  80.75143, 124.94505,-113.17367,  65.96233, 120.61418,-108.51147,  48.44710,  98.97040,-105.55116,  38.17602,  78.46994, -93.29408,  40.65410,  77.37955, -91.56298,  43.25156,  75.55160, -89.34844,  44.90256,  73.63552, -88.43250,  39.95713,  77.36129, -89.87407,  40.76870,  74.43565, -85.18567,  41.81058,  71.49201, -83.00965,  42.44172,  69.51741, -82.40999,  38.69182,  77.08968, -89.91717,  38.79823,  74.08932, -85.36661,  39.03846,  70.46676, -83.34999,  39.45262,  67.90563, -83.56139,  37.77622,  76.98088, -90.05584,  37.07794,  74.22288, -86.06754,  36.74093,  71.02329, -84.41037,  36.90380,  68.52020, -84.52506,  36.69636,  76.87426, -90.43837,  35.39130,  74.30614, -86.97787,  34.65130,  71.81875, -85.68803,  34.65782,  70.00194, -85.91545,  84.83118, 126.68954,-116.90896,  97.22818, 128.89453,-126.94203, 118.96545, 114.63181,-137.33748, 141.53257, 103.67249,-130.50971, 141.70663, 102.89104,-127.39754, 142.48623, 101.66467,-123.80858, 143.05252, 100.01787,-121.75835, 143.19103, 103.81023,-126.85889, 147.13718, 103.20547,-122.95233, 149.37483, 101.39805,-120.45998, 150.37457,  99.81619,-119.38517, 144.04901, 103.87725,-127.82637, 148.36304, 103.32437,-124.53933, 151.31663, 101.06569,-122.68946, 152.22987,  98.67141,-122.23221, 144.55797, 103.95264,-128.60397, 148.87172, 103.55771,-126.31566, 151.72714, 101.64556,-125.18104, 152.82057,  99.40787,-124.86120, 145.00947, 103.96171,-129.66221, 149.25405, 103.64535,-128.19357, 151.75750, 102.28008,-127.67668, 152.52643, 100.61928,-127.62147
   5.06677,  79.28501,  81.35077,-141.25333,  69.59223,  78.46983,-136.92317,  88.50696,  40.52136,-121.66765, 106.07219,  10.70393,-145.56866,  88.97779,  84.23170,-145.58349, 121.91286,  57.22167,-130.87556, 150.03659,  25.97796,-129.54821,  78.52704,  88.76063,-138.02008,  78.42483, 104.52670,-129.37711,  79.76858, 115.19001,-122.49919,  83.75825, 130.46756,-111.68168,  84.10894, 134.16092,-109.60837,  83.83557, 138.08527,-107.99987,  80.59847, 124.96083,-113.00140,  66.01851, 120.67746,-107.68278,  47.81658,  99.90147,-103.09496,  36.48510,  79.95417, -90.85965,  38.82957,  78.79289, -88.99380,  41.23338,  76.90618, -86.61589,  42.73848,  74.93696, -85.57044,  38.06752,  78.87208, -87.33503,  38.53236,  76.07416, -82.52311,  39.32367,  73.15705, -80.21010,  39.82031,  71.17356, -79.52014,  36.79171,  78.66811, -87.42065,  36.55422,  75.82897, -82.77264,  36.51419,  72.27219, -80.62902,  36.79330,  69.68651, -80.73839,  35.87756,  78.60427, -87.59284,  34.87256,  76.03074, -83.54716,  34.29411,  72.91464, -81.80002,  34.32197,  70.40392, -81.82500,  34.80914,  78.54289, -88.01533,  33.22983,  76.17310, -84.52774,  32.30316,  73.77658, -83.18744,  32.21756,  71.95519, -83.35410,  84.50005, 126.71517,-116.91802,  96.42245, 129.02244,-127.48888, 118.48628, 116.01529,-138.80263, 142.09973, 106.15408,-134.20246, 142.64902, 105.40912,-131.12515, 143.87748, 104.26171,-127.63706, 144.75894, 102.66947,-125.65618, 144.12090, 106.42356,-130.74700, 148.48621, 106.09719,-127.27761, 151.08303, 104.45269,-125.03312, 152.28801, 102.94487,-124.06800, 144.86644, 106.53668,-131.79961, 149.52843, 106.28034,-128.98515, 152.79671, 104.22533,-127.45455, 153.90212, 101.89652,-127.09355, 145.28504, 106.63777,-132.62663, 149.83176, 106.53134,-130.80546, 152.90554, 104.81050,-129.97615, 154.16547, 102.64818,-129.77095, 145.62127, 106.66692,-133.72658, 150.00821, 106.62824,-132.71330, 152.63323, 105.42639,-132.46176, 153.50689, 103.81745,-132.48614
   5.08344,  78.12080,  81.39876,-140.92142,  68.68272,  78.45052,-136.10163,  88.33644,  40.56737,-121.63848, 105.27736,  10.59254,-145.79195,  87.55889,  84.34700,-145.74121, 121.47364,  57.32299,-133.49064, 149.94121,  26.36407,-133.62453,  77.46704,  88.80984,-137.66829,  77.68779, 104.59054,-129.05427,  79.31377, 115.27258,-122.26694,  83.77628, 130.58826,-111.69078,  84.21332, 134.28901,-109.64725,  84.00345, 138.21938,-108.04394,  80.57743, 125.06599,-112.84050,  66.22945, 120.83513,-106.88691,  47.49947, 100.86467,-101.02443,  35.03372,  81.61308, -88.77775,  37.23889,  80.41736, -86.76926,  39.44703,  78.51430, -84.22076,  40.81105,  76.51935, -83.03935,  36.41161,  80.59460, -85.14979,  36.53791,  77.96369, -80.22420,  37.09064,  75.10360, -77.77471,  37.46269,  73.12713, -76.99233,  35.13234,  80.44628, -85.28439,  34.56276,  77.80022, -80.55205,  34.26266,  74.33329, -78.28538,  34.42300,  71.73524, -78.28894,  34.22434,  80.41795, -85.49446,  32.92705,  78.04930, -81.40702,  32.12742,  75.03188, -79.57592,  32.03700,  72.52340, -79.50905,  33.17315,  80.38962, -85.96134,  31.33613,  78.22943, -82.46386,  30.24049,  75.93079, -81.08031,  30.07561,  74.11022, -81.18478,  84.27057, 126.82830,-116.95085,  95.68717, 129.25828,-128.03987, 117.90908, 117.40673,-140.27619, 142.34488, 108.79031,-138.11999, 143.22701, 108.11132,-135.10547, 144.84630, 107.07334,-131.74498, 146.00234, 105.55516,-129.84898, 144.66786, 109.21120,-134.87583, 149.35581, 109.16952,-131.83933, 152.24472, 107.69874,-129.84516, 153.62050, 106.27192,-128.99172, 145.30185, 109.35461,-135.99570, 150.21815, 109.39236,-133.63993, 153.72967, 107.54176,-132.41847, 154.99578, 105.28307,-132.15227, 145.63315, 109.47005,-136.85960, 150.33154, 109.64006,-135.48230, 153.56374, 108.10442,-134.94209, 154.95902, 106.01894,-134.84671, 145.86066, 109.50602,-137.98687, 150.31929, 109.72580,-137.39878, 153.02071, 108.67666,-137.39350, 153.97859, 107.11936,-137.49264
   5.10010,  77.13156,  81.42020,-140.47852,  67.94213,  78.40859,-135.23594,  88.27503,  40.55649,-121.65743, 104.62236,  10.45349,-146.05926,  86.32099,  84.43181,-145.72110, 121.07814,  57.33578,-136.32273, 149.76396,  26.61603,-137.83796,  76.56420,  88.83356,-137.21439,  77.04583, 104.63154,-128.64279,  78.89074, 115.33391,-121.94404,  83.70388, 130.69222,-111.58568,  84.21095, 134.40010,-109.57149,  84.05831, 138.33523,-107.97337,  80.48353, 125.15538,-112.59699,  66.43272, 120.97831,-105.93840,  47.26099, 101.81000, -98.93693,  33.85228,  83.23346, -86.64391,  35.93729,  82.03011, -84.51524,  37.97929,  80.13927, -81.82315,  39.22406,  78.13906, -80.52476,  35.05948,  82.29422, -82.93467,  34.90957,  79.83576, -77.92144,  35.26604,  77.04566, -75.35748,  35.53525,  75.08581, -74.49521,  33.78123,  82.18774, -83.11176,  32.94276,  79.73256, -78.31694,  32.43136,  76.36088, -75.94680,  32.49411,  73.76021, -75.85629,  32.88096,  82.18497, -83.35445,  31.34939,  80.01049, -79.24024,  30.37168,  77.09049, -77.33897,  30.18484,  74.59086, -77.19051,  31.84693,  82.17832, -83.85896,  29.80542,  80.21083, -80.36114,  28.57519,  78.00364, -78.94226,  28.34598,  76.18769, -78.99102,  84.00717, 126.92100,-116.85217,  94.81189, 129.50705,-128.50465, 117.04445, 118.86535,-141.78877, 141.93712, 111.35865,-141.72457, 143.15602, 110.76714,-138.81065, 145.16274, 109.86352,-135.62491, 146.58988, 108.43659,-133.84636, 144.54634, 111.95025,-138.73459, 149.51049, 112.21279,-136.18757, 152.66589, 110.93342,-134.48690, 154.20109, 109.59785,-133.76832, 145.05503, 112.11632,-139.91369, 150.17288, 112.46311,-138.06747, 153.89099, 110.83096,-137.19619, 155.30649, 108.65166,-137.04569, 145.29047, 112.24021,-140.80735, 150.08574, 112.69493,-139.91334, 153.43960, 111.35312,-139.69346, 154.95615, 109.35209,-139.72701, 145.40093, 112.27571,-141.95204, 149.87577, 112.75700,-141.81924, 152.62036, 111.86414,-142.08082, 153.65222, 110.36308,-142.26687
   5.11677,  76.32704,  81.71287,-139.93108,  67.40123,  78.64614,-134.28085,  88.44554,  40.81876,-121.75846, 104.07356,  10.56729,-146.44628,  85.25285,  84.77961,-145.58130, 120.52072,  57.55916,-138.81311, 149.35435,  27.08475,-141.78084,  75.84709,  89.13073,-136.66313,  76.58501, 104.95967,-128.16721,  78.64360, 115.70102,-121.59430,  83.80304, 131.13856,-111.52444,  84.37740, 134.85955,-109.55293,  84.28028, 138.80411,-107.97384,  80.57850, 125.57632,-112.36932,  66.83089, 121.42979,-105.08787,  47.25055, 103.17501, -96.87975,  33.01890,  85.30665, -84.46276,  34.99653,  84.11035, -82.23019,  36.89033,  82.24921, -79.41201,  38.02496,  80.25579, -78.00667,  34.08239,  84.46124, -80.68755,  33.69818,  82.19200, -75.59815,  33.88029,  79.48575, -72.92819,  34.05466,  77.55027, -71.98987,  32.80695,  84.39222, -80.89995,  31.74146,  82.14193, -76.05000,  31.04180,  78.87751, -73.57989,  31.01007,  76.28119, -73.39635,  31.91468,  84.41149, -81.16992,  30.18679,  82.44068, -77.03096,  29.05107,  79.62641, -75.05937,  28.77186,  77.14162, -74.82915,  30.89638,  84.42201, -81.70540,  28.68455,  82.65311, -78.20507,  27.33594,  80.54198, -76.74810,  27.04433,  78.73436, -76.74016,  83.90065, 127.34472,-116.78250,  94.11954, 130.08548,-128.91809, 116.22518, 120.44713,-143.14632, 141.32757, 113.94930,-145.05638, 142.81342, 113.44334,-142.25232, 145.12047, 112.66335,-139.24208, 146.75541, 111.32000,-137.58121, 144.15052, 114.68759,-142.30251, 149.29504, 115.19673,-140.18739, 152.63709, 114.07647,-138.75165, 154.28603, 112.81790,-138.15670, 144.54990, 114.86348,-143.52160, 149.78447, 115.45614,-142.11835, 153.63255, 113.99958,-141.55430, 155.15237, 111.88682,-141.50944, 144.70326, 114.98818,-144.43282, 149.53152, 115.66425,-143.95172, 152.94897, 114.47468,-144.00781, 154.54582, 112.54253,-144.15613, 144.71501, 115.01637,-145.58298, 149.15888, 115.69671,-145.83333, 151.90901, 114.92353,-146.32055, 152.98802, 113.46774,-146.58315
   5.13344,  75.63964,  82.11437,-139.31190,  67.02684,  78.98529,-133.22680,  88.66496,  41.18005,-121.68816, 103.59324,  10.82438,-146.67925,  84.25244,  85.24344,-145.39701, 119.83526,  57.89118,-141.35966, 148.74487,  27.70133,-146.01620,  75.25232,  89.53726,-136.04312,  76.25844, 105.40411,-127.64602,  78.53800, 116.19451,-121.22820,  84.05286, 131.73281,-111.50775,  84.69483, 135.47009,-109.58860,  84.65261, 139.42619,-108.03618,  80.83800, 126.13952,-112.16330,  67.41920, 122.01687,-104.27980,  47.57521, 104.55740, -95.03949,  32.54509,  87.49328, -82.43350,  34.41392,  86.31459, -80.10010,  36.15813,  84.49764, -77.15922,  37.17887,  82.52095, -75.64697,  33.47025,  86.75722, -78.59941,  32.86004,  84.70168, -73.44175,  32.86754,  82.09597, -70.66760,  32.94431,  80.19325, -69.65235,  32.19961,  86.72548, -78.84660,  30.91628,  84.70385, -73.94893,  30.02810,  81.56440, -71.37941,  29.89596,  78.97990, -71.09929,  31.31660,  86.76604, -79.14331,  29.40182,  85.01958, -74.98589,  28.10859,  82.32590, -72.94413,  27.73201,  79.86339, -72.62887,  30.31483,  86.79208, -79.70862,  27.94201,  85.23977, -76.21098,  26.47638,  83.23593, -74.71600,  26.11853,  81.44150, -74.64862,  83.92538, 127.90896,-116.74338,  93.52641, 130.80892,-129.33784, 115.38353, 122.10523,-144.52047, 140.49543, 116.55769,-148.34371, 142.21803, 116.13249,-145.66446, 144.78513, 115.46489,-142.84370, 146.59548, 114.19715,-141.31022, 143.50053, 117.42332,-145.83015, 148.77557, 118.13699,-144.13790, 152.26030, 117.15119,-142.96722, 153.99634, 115.95835,-142.49790, 143.79455, 117.60160,-147.07851, 149.09937, 118.39506,-146.10360, 153.03080, 117.08289,-145.84008, 154.62546, 115.02650,-145.90292, 143.86997, 117.72288,-147.99992, 148.69333, 118.57620,-147.91216, 152.13651, 117.50939,-148.23405, 153.78586, 115.63437,-148.49684, 143.78876, 117.74033,-149.14748, 148.17061, 118.57706,-149.75800, 150.89941, 117.89827,-150.45894, 152.00640, 116.47961,-150.79733
   5.15010,  75.04689,  82.59006,-138.62337,  66.72369,  79.40695,-132.17417,  88.90538,  41.62378,-121.63906, 103.20743,  11.13231,-146.83027,  83.37009,  85.77316,-145.07257, 119.08120,  58.30717,-144.11347, 147.96245,  28.37070,-150.32286,  74.73968,  90.01660,-135.35436,  75.96948, 105.91747,-127.05193,  78.42799, 116.75419,-120.77985,  84.22471, 132.38970,-111.38473,  84.92404, 136.14196,-109.51552,  84.93179, 140.10762,-107.98711,  81.03136, 126.76707,-111.87310,  68.00532, 122.67833,-103.33995,  48.00571, 105.95313, -93.12803,  32.38274,  89.60007, -80.30227,  34.16556,  88.44135, -77.89282,  35.79154,  86.66840, -74.85881,  36.71911,  84.71161, -73.26297,  33.20527,  88.96065, -76.42767,  32.42528,  87.09236, -71.22189,  32.29477,  84.57867, -68.36708,  32.29157,  82.70831, -67.29064,  31.93964,  88.95945, -76.70117,  30.49341,  87.13703, -71.77082,  29.45553,  84.11065, -69.12295,  29.23763,  81.54175, -68.76401,  31.06462,  89.01714, -77.01805,  29.01120,  87.46482, -72.84978,  27.59325,  84.87898, -70.75217,  27.13414,  82.44050, -70.36727,  30.07602,  89.05523, -77.60544,  27.58452,  87.68942, -74.11252,  26.02697,  85.78029, -72.58687,  25.61238,  84.00065, -72.47044,  83.90490, 128.53626,-116.59037,  92.80323, 131.59584,-129.65440, 114.26416, 123.90208,-145.90968, 139.19877, 119.15090,-151.53923, 141.15955, 118.80334,-149.01712, 143.98191, 118.24390,-146.42603, 145.96117, 117.05000,-145.05009, 142.37664, 120.13703,-149.29723, 147.74927, 121.04517,-148.06874, 151.35447, 120.18911,-147.19964, 153.16550, 119.06060,-146.87774, 142.55563, 120.31739,-150.56690, 147.89334, 121.30169,-150.05592, 151.87674, 120.12919,-150.12801, 153.53168, 118.12932,-150.32112, 142.54712, 120.43529,-151.49179, 147.32698, 121.45689,-151.82332, 150.76518, 120.50879,-152.43736, 152.45096, 118.69079,-152.83502, 142.36686, 120.44249,-152.62812, 146.64760, 121.42761,-153.61719, 149.32819, 120.83991,-154.54856, 150.45135, 119.45857,-154.97632
   5.16677,  74.49584,  83.09391,-137.96648,  66.47381,  79.83839,-131.18057,  89.18563,  42.07834,-121.75000, 103.02929,  11.47212,-147.05786,  82.51788,  86.34943,-144.75238, 118.15884,  58.83229,-146.51662, 146.88255,  29.12403,-154.34243,  74.25575,  90.51885,-134.68821,  75.67724, 106.44501,-126.46524,  78.29113, 117.32509,-120.33263,  84.33670, 133.05804,-111.26263,  85.08604, 136.82567,-109.44439,  85.13719, 140.80153,-107.94359,  81.17594, 127.40541,-111.59016,  68.51781, 123.35262,-102.50408,  48.44038, 107.40283, -91.25682,  32.37119,  91.70298, -78.16882,  34.08731,  90.56308, -75.70263,  35.62114,  88.83044, -72.59816,  36.47269,  86.89367, -70.93687,  33.12028,  91.14706, -74.26654,  32.21539,  89.44158, -69.02521,  31.97623,  87.01037, -66.10671,  31.90726,  85.17056, -64.98096,  31.85915,  91.17197, -74.55904,  30.29353,  89.52251, -69.60432,  29.13664,  86.59740, -66.89273,  28.84464,  84.04581, -66.46878,  30.99066,  91.24420, -74.89056,  28.83638,  89.86011, -70.71395,  27.31936,  87.37039, -68.56986,  26.78940,  84.95622, -68.12709,  30.01202,  91.29255, -75.49365,  27.43461,  90.08815, -72.00368,  25.80448,  88.26289, -70.45143,  25.34059,  86.49864, -70.29389,  83.83349, 129.17556,-116.43206,  92.10477, 132.36480,-129.87173, 113.10954, 125.52323,-147.07616, 137.71708, 121.43936,-154.41039, 139.86537, 121.14873,-152.03828, 142.88340, 120.66970,-149.66036, 144.98939, 119.53182,-148.43312, 141.02223, 122.51442,-152.40584, 146.44361, 123.56933,-151.57233, 150.12448, 122.81237,-150.96909, 151.98405, 121.73373,-150.78076, 141.10313, 122.69765,-153.68510, 146.43529, 123.82668,-153.56460, 150.43309, 122.76219,-153.92779, 152.12306, 120.80751,-154.24213, 141.02396, 122.81388,-154.60685, 145.73747, 123.96385,-155.28587, 149.14610, 123.10813,-156.14967, 150.84698, 121.33578,-156.67017, 140.76113, 122.81450,-155.72699, 144.93004, 123.91351,-157.02539, 147.55045, 123.39711,-158.15020, 148.67638, 122.04600,-158.65946
   5.18344,  73.95953,  83.32398,-137.25903,  66.27927,  79.98166,-130.12864,  89.41859,  42.24830,-121.68177, 102.91370,  11.57807,-147.10016,  81.63978,  86.66631,-144.38943, 117.07761,  59.17983,-148.77553, 145.48543,  29.71067,-158.44196,  73.79062,  90.74314,-133.96328,  75.41757, 106.69159,-125.82200,  78.20214, 117.61928,-119.85129,  84.52902, 133.46237,-111.17336,  85.33409, 137.24773,-109.41682,  85.43317, 141.23645,-107.95300,  81.41773, 127.77465,-111.31349,  69.13074, 123.77188,-101.71049,  49.06507, 108.45731, -89.59302,  32.60679,  93.43386, -76.19821,  34.26497,  92.30962, -73.68563,  35.71767,  90.61459, -70.52194,  36.49702,  88.69782, -68.80301,  33.30066,  92.95733, -72.27528,  32.29515,  91.41313, -67.00238,  31.95762,  89.06534, -64.02588,  31.82498,  87.25770, -62.85463,  32.04374,  93.01032, -72.58182,  30.38227,  91.53340, -67.60394,  29.11541,  88.71266, -64.83158,  28.74659,  86.18205, -64.34621,  31.18102,  93.09851, -72.92436,  28.94650,  91.88342, -68.73734,  27.33778,  89.49337, -66.54718,  26.73483,  87.10728, -66.04903,  30.21024,  93.15898, -73.53895,  27.56477,  92.11779, -70.04741,  25.86784,  90.37970, -68.46693,  25.35231,  88.63388, -68.26968,  83.80584, 129.54822,-116.29258,  91.46764, 132.84943,-130.06243, 111.93010, 126.82653,-148.20114, 136.08874, 123.37019,-157.16852, 138.39900, 123.11849,-154.94908, 141.58138, 122.69825,-152.78386, 143.79081, 121.60345,-151.70870, 139.49728, 124.51176,-155.38621, 144.93766, 125.68645,-154.91569, 148.66704, 125.01103,-154.56754, 150.55886, 123.97428,-154.51186, 139.48708, 124.70225,-156.66693, 144.78842, 125.95204,-156.90129, 148.77526, 124.98055,-157.54059, 150.48349, 123.06627,-157.98002, 139.34296, 124.82059,-157.58051, 143.97253, 126.08062,-158.57053, 147.33306, 125.30654,-159.66816, 149.03408, 123.57567,-160.31295, 139.00480, 124.82000,-158.68025, 143.05028, 126.01931,-160.25162, 145.59927, 125.56760,-161.55431, 146.71812, 124.24470,-162.14650
   5.20010,  73.42432,  83.32661,-136.60472,  66.04722,  79.90220,-129.19852,  89.53257,  42.18875,-121.66736, 102.79468,  11.42665,-147.09736,  80.80143,  86.75102,-144.01092, 115.85092,  59.36924,-151.24660, 143.85859,  30.10317,-162.55778,  73.31014,  90.73890,-133.29123,  75.09441, 106.69847,-125.20488,  78.00560, 117.65725,-119.35272,  84.53227, 133.57613,-110.96635,  85.38269, 137.37325,-109.25721,  85.52653, 141.37010,-107.81950,  81.46606, 127.86226,-110.97128,  69.60311, 123.92533,-100.82333,  49.63410, 109.17329, -87.87669,  32.91965,  94.69552, -74.20111,  34.54321,  93.57821, -71.66295,  35.94586,  91.90709, -68.46416,  36.67436,  90.00399, -66.70814,  33.59039,  94.27415, -70.26785,  32.53287,  92.85043, -64.97127,  32.13086,  90.56585, -61.95387,  31.95185,  88.78348, -60.75052,  32.33599,  94.35133, -70.57957,  30.62518,  93.00503, -65.58139,  29.28347,  90.26603, -62.76269,  28.85321,  87.75412, -62.23278,  31.47663,  94.45369, -70.92657,  29.20149,  93.36830, -66.72582,  27.52997,  91.05729, -64.49817,  26.86904,  88.69562, -63.95891,  30.50938,  94.52595, -71.54544,  27.82960,  93.61145, -68.04459,  26.08719,  91.94312, -66.43864,  25.52975,  90.21389, -66.21153,  83.64291, 129.64220,-116.04407,  90.63394, 133.05606,-130.13950, 110.40320, 127.89236,-149.28401, 134.01494, 124.99471,-159.77637, 136.48557, 124.78123,-157.73261, 139.82577, 124.42045,-155.80769, 142.13227, 123.37043,-154.90570, 137.51657, 126.20354,-158.23520, 142.94804, 127.50383,-158.14922, 146.70752, 126.91479,-158.07853, 148.62193, 125.92299,-158.16973, 137.40892, 126.40346,-159.50998, 142.64880, 127.78088,-160.11623, 146.60011, 126.90949,-161.05176, 148.31584, 125.03982,-161.63161, 137.19610, 126.52527,-160.40957, 141.71101, 127.90267,-161.72068, 144.99995, 127.21720,-163.06610, 146.68932, 125.53228,-163.84854, 136.77903, 126.52499,-161.48188, 140.67072, 127.83220,-163.33103, 143.12811, 127.45123,-164.81915, 144.23136, 126.15989,-165.50314
   5.21677,  72.84822,  83.29840,-135.96701,  65.76091,  79.79832,-128.31721,  89.54189,  42.08662,-121.76918, 102.64869,  11.19709,-147.12512,  79.93553,  86.79848,-143.61681, 114.47726,  59.52928,-153.30409, 142.02093,  30.49450,-166.23480,  72.78720,  90.70326,-132.63554,  74.72044, 106.66793,-124.59362,  77.74820, 117.64928,-118.84383,  84.45189, 133.62606,-110.71102,  85.34333, 137.43201,-109.04290,  85.52902, 141.43524,-107.62793,  81.43164, 127.88882,-110.60067,  69.95192, 124.01764, -99.99690,  50.17637, 109.84081, -86.14247,  33.30718,  95.83138, -72.17228,  34.91411,  94.71180, -69.62456,  36.28994,  93.05276, -66.40788,  36.98103,  91.15760, -64.62831,  33.98282,  95.44859, -68.23592,  32.91273,  94.12237, -62.91661,  32.46957,  91.88924, -59.86663,  32.25410,  90.12813, -58.63820,  32.72937,  95.55041, -68.54435,  31.00682,  94.31257, -63.52223,  29.61302,  91.64413, -60.66143,  29.12703,  89.15032, -60.09546,  31.87129,  95.66781, -68.88977,  29.58758,  94.69286, -64.66664,  27.87168,  92.45178, -62.40160,  27.15858,  90.11360, -61.82756,  30.90364,  95.75387, -69.50625,  28.21670,  94.94951, -65.98392,  26.44240,  93.34399, -64.34913,  25.84615,  91.63136, -64.09628,  83.40929, 129.68041,-115.75034,  89.81889, 133.18419,-130.09783, 108.90692, 128.73899,-150.09501, 131.80208, 126.43267,-162.19843, 134.39769, 126.25056,-160.31264, 137.85649, 125.93898,-158.60033, 140.23362, 124.92658,-157.85175, 135.36874, 127.69660,-160.86450, 140.76971, 129.10113,-161.10085, 144.53681, 128.58448,-161.26709, 146.46029, 127.63072,-161.48512, 135.17889, 127.90471,-162.12833, 140.34450, 129.38824,-163.04307, 144.24628, 128.60116,-164.22800, 145.95788, 126.76984,-164.92964, 134.90872, 128.02965,-163.01196, 139.30738, 129.50483,-164.58557, 142.51937, 128.89412,-166.13712, 144.18868, 127.24863,-167.03762, 134.42636, 128.02997,-164.05653, 138.17123, 129.42726,-166.12944, 140.53886, 129.10603,-167.76942, 141.62194, 127.84188,-168.53195
   5.23344,  72.21671,  83.25306,-135.31984,  65.45109,  79.67281,-127.41996,  89.40552,  41.94193,-121.66234, 102.38961,  10.99385,-147.01001,  78.98234,  86.83331,-143.21972, 112.82314,  59.65769,-155.33870, 139.81003,  30.93986,-170.03119,  72.20922,  90.65138,-131.97331,  74.29521, 106.62397,-123.98549,  77.44263, 117.62989,-118.34803,  84.32535, 133.66722,-110.48851,  85.26020, 137.48076,-108.86203,  85.49247, 141.48842,-107.46661,  81.35920, 127.90536,-110.25847,  70.25766, 124.10284, -99.23547,  50.72409, 110.39381, -84.58958,  33.74811,  96.77772, -70.36220,  35.34868,  95.65454, -67.81207,  36.71099,  94.00618, -64.58415,  37.37204,  92.11891, -62.78491,  34.44557,  96.43082, -66.42632,  33.38687,  95.19940, -61.08200,  32.91617,  93.01720, -57.99945,  32.66971,  91.27776, -56.74622,  33.19243,  96.55766, -66.72661,  31.48117,  95.42585, -61.67570,  30.04857,  92.82808, -58.76938,  29.50955,  90.35382, -58.16679,  32.33461,  96.69041, -67.06708,  30.06217,  95.82399, -62.81432,  28.31277,  93.65311, -60.50693,  27.55036,  91.33981, -59.89661,  31.36441,  96.79085, -67.67733,  28.68730,  96.09515, -64.12451,  26.88925,  94.55273, -62.45527,  26.25560,  92.85784, -62.17527,  83.12016, 129.70948,-115.48189,  88.96461, 133.29775,-130.04818, 107.32189, 129.49040,-150.84516, 129.50437, 127.67968,-164.28611, 132.21105, 127.53667,-162.55985, 135.77120, 127.28089,-161.05908, 138.20680, 126.30897,-160.45966, 133.12101, 129.00286,-163.16049, 138.47186, 130.50763,-163.71111, 142.23099, 130.06117,-164.10509, 144.15491, 129.14398,-164.44310, 132.85214, 129.21327,-164.40951, 137.92605, 130.79583,-165.62278, 141.76352, 130.08616,-167.04321, 143.46292, 128.28991,-167.85631, 132.52735, 129.33730,-165.27468, 136.79654, 130.90043,-167.09987, 139.92044, 130.35610,-168.84403, 141.56237, 128.74578,-169.85204, 131.98341, 129.33356,-166.28854, 135.57161, 130.80909,-168.57351, 137.84228, 130.53905,-170.35383, 138.90048, 129.29858,-171.18692
   5.25011,  71.55134,  83.23605,-134.63661,  65.06665,  79.58914,-126.53422,  89.14293,  41.82883,-121.52664, 102.03271,  10.78285,-146.80264,  78.03603,  86.88296,-142.73901, 110.85724,  59.76282,-157.49875, 137.32679,  31.37835,-173.70246,  71.58982,  90.62891,-131.27827,  73.80615, 106.60734,-123.33735,  77.05457, 117.63223,-117.79505,  84.08527, 133.71657,-110.16596,  85.06216, 137.53366,-108.57285,  85.34514, 141.54099,-107.18588,  81.16718, 127.93491,-109.83849,  70.40274, 124.19477, -98.46536,  51.21205, 110.87091, -83.03189,  34.22449,  97.63572, -68.46300,  35.82867,  96.51061, -65.91598,  37.19170,  94.87161, -62.68361,  37.83611,  92.99150, -60.87088,  34.95230,  97.31694, -64.53023,  33.92181,  96.15938, -59.16393,  33.44143,  94.01761, -56.05464,  33.17604,  92.29576, -54.78115,  33.69885,  97.46286, -64.82040,  32.01496,  96.41342, -59.74257,  30.56391,  93.87140, -56.79639,  29.98703,  91.41339, -56.16315,  32.84037,  97.60728, -65.15440,  30.59266,  96.82492, -60.87230,  28.82683,  94.70915, -58.52655,  28.02951,  92.41610, -57.88522,  31.86645,  97.71861, -65.75680,  29.21066,  97.10691, -62.17266,  27.40132,  95.61379, -60.47111,  26.74055,  93.93334, -60.16770,  82.74232, 129.75014,-115.11712,  87.96454, 133.42867,-129.89571, 105.55094, 130.21594,-151.44558, 126.97066, 128.87096,-166.12164, 129.78800, 128.78107,-164.57857, 133.44406, 128.59540,-163.31717, 135.93271, 127.67170,-162.88183, 130.62709, 130.26515,-165.23581, 135.89900, 131.87567,-166.13705, 139.63187, 131.50379,-166.77972, 141.54691, 130.62495,-167.24579, 130.27200, 130.47054,-166.46396, 135.22224, 132.15353,-168.00794, 138.97048, 131.52033,-169.68040, 140.64741, 129.75828,-170.60705, 129.88825, 130.58835,-167.30554, 133.99555, 132.23615,-169.40685, 137.00724, 131.75422,-171.35483, 138.61026, 130.17699,-172.47187, 129.27856, 130.57412,-168.28117, 132.67778, 132.12099,-170.79631, 134.83046, 131.89642,-172.72347, 135.85544, 130.67737,-173.62674
   5.26677,  70.89698,  83.55190,-134.05846,  64.69890,  79.83465,-125.76594,  88.85904,  42.03286,-121.53556, 101.53864,  10.76658,-146.64577,  77.09506,  87.26916,-142.35097, 108.81632,  60.17369,-159.38567, 134.73978,  32.16616,-177.06131,  70.97612,  90.93891,-130.68796,  73.30753, 106.92425,-122.79404,  76.64344, 117.97045,-117.34696,  83.79839, 134.10789,-109.94903,  84.81254, 137.92860,-108.38820,  85.14257, 141.93456,-107.00767,  80.93300, 128.30600,-109.52764,  70.53800, 124.62714, -97.79648,  51.81633, 111.68263, -81.48885,  34.91187,  98.80502, -66.50866,  36.53217,  97.69037, -63.96726,  37.91350,  96.07189, -60.73232,  38.55800,  94.20468, -58.90633,  35.67983,  98.52099, -62.58087,  34.69670,  97.43265, -57.19125,  34.22814,  95.32990, -54.05365,  33.95864,  93.62488, -52.75858,  34.42486,  98.67720, -62.85884,  32.78635,  97.70087, -57.75167,  31.34118,  95.20656, -54.76213,  30.74531,  92.76187, -54.09576,  33.56431,  98.82720, -63.18496,  31.35605,  98.11536, -58.87016,  29.59400,  96.04415, -56.48218,  28.77956,  93.76685, -55.80711,  32.58500,  98.94246, -63.77781,  29.96278,  98.39809, -60.15827,  28.15669,  96.94295, -58.42075,  27.48154,  95.27307, -58.09175,  82.32745, 130.12952,-114.85401,  87.00550, 133.88495,-129.79465, 103.78126, 131.19652,-152.05102, 124.28986, 130.35827,-168.01018, 127.19298, 130.32435,-166.63278, 130.91869, 130.20848,-165.58490, 133.44456, 129.33080,-165.29198, 127.96582, 131.82057,-167.34169, 133.14693, 133.52101,-168.55151, 136.84240, 133.21304,-169.40843, 138.74271, 132.36657,-169.98227, 127.53658, 132.01491,-168.54776, 132.35809, 133.77963,-170.38079, 136.01396, 133.20671,-172.26593, 137.66579, 131.47119,-173.28330, 127.10269, 132.12266,-169.36601, 131.05117, 133.83510,-171.70647, 133.95317, 133.39928,-173.82440, 135.51688, 131.84650,-175.02806, 126.43788, 132.09387,-170.30461, 129.65743, 133.69122,-173.01688, 131.69859, 133.49755,-175.06495, 132.69127, 132.29344,-176.02269
   5.28344,  70.20690,  83.87909,-133.36769,  64.33270,  80.08387,-124.87711,  88.54974,  42.25139,-121.29635, 100.96500,  10.81530,-146.32651,  76.08111,  87.67431,-141.85828, 106.59184,  60.60613,-161.01534, 131.80251,  33.02972,-180.32438,  70.33450,  91.25805,-129.98108,  72.79090, 107.24938,-122.13738,  76.21438, 118.32032,-116.79587,  83.48444, 134.52153,-109.65398,  84.53374, 138.34724,-108.12906,  84.90875, 142.35218,-106.75706,  80.68560, 128.69537,-109.13217,  70.65720, 125.07103, -97.06961,  52.43404, 112.40451, -79.99695,  35.70710,  99.93237, -64.48389,  37.34981,  98.83705, -61.94847,  38.75833,  97.24806, -58.71064,  39.41153,  95.39856, -56.86978,  36.51991,  99.69047, -60.56231,  35.59363,  98.67451, -55.14854,  35.14789,  96.61331, -51.98020,  34.88197,  94.92606, -50.66132,  35.26282,  99.85224, -60.82727,  33.67864,  98.94954, -55.68950,  32.25189,  96.50199, -52.65285,  31.64695,  94.06986, -51.94970,  34.39951, 100.00442, -61.14497,  32.23802,  99.36064, -56.79592,  30.49019,  97.33112, -54.36214,  29.66798,  95.06803, -53.64974,  33.41403, 100.11946, -61.72753,  30.83148,  99.63768, -58.07078,  29.03614,  98.21660, -56.29435,  28.35331,  96.55569, -55.93703,  81.87718, 130.52878,-114.50421,  86.02080, 134.36208,-129.58221, 101.95423, 132.15189,-152.50034, 121.61475, 131.73909,-169.50897, 124.58887, 131.76705,-168.29225, 128.36773, 131.72579,-167.44909, 130.92160, 130.89605,-167.28977, 125.29409, 133.27226,-169.05089, 130.36913, 135.05824,-170.55196, 134.01737, 134.81161,-171.60797, 135.89884, 133.99592,-172.28006, 124.79613, 133.45070,-170.23276, 129.47697, 135.29025,-172.33680, 133.03445, 134.77111,-174.41580, 134.66006, 133.05906,-175.51209, 124.31631, 133.54508,-171.02665, 128.09883, 135.31312,-173.58931, 130.88846, 134.91583,-175.86028, 132.41256, 133.38364,-177.13881, 123.60190, 133.49795,-171.92731, 126.63854, 135.13522,-174.82068, 128.56809, 134.96488,-176.97619, 129.52909, 133.77258,-177.97993
   5.30011,  69.50990,  84.16537,-132.56317,  63.92725,  80.29938,-123.90937,  88.22842,  42.46853,-120.93211, 100.33010,  10.81582,-145.84255,  75.09254,  88.03136,-141.21697, 104.18575,  61.07250,-162.60362, 128.67482,  33.88555,-183.34080,  69.67711,  91.53690,-129.16215,  72.23244, 107.53463,-121.36323,  75.72180, 118.62971,-116.11526,  83.07232, 134.89254,-109.19934,  84.15098, 138.72298,-107.70713,  84.56705, 142.72601,-106.34143,  80.33929, 129.04346,-108.59207,  70.73877, 125.46942, -96.17167,  53.08011, 113.03525, -78.35137,  36.58308, 100.92932, -62.31097,  38.25917,  99.87209, -59.78124,  39.71009,  98.33294, -56.53805,  40.38600,  96.51214, -54.67689,  37.44984, 100.74909, -58.39763,  36.59722,  99.82187, -52.95591,  36.19240,  97.81263, -49.74893,  35.94228,  96.14725, -48.39952,  36.18945, 100.90874, -58.64773,  34.67533, 100.09145, -53.47467,  33.28718,  97.69547, -50.37955,  32.68844,  95.27600, -49.62903,  35.32204, 101.05726, -58.95586,  33.22012, 100.48718, -54.56751,  31.50318,  98.50004, -52.07742,  30.68756,  96.25010, -51.31737,  34.32874, 101.16462, -59.52650,  31.79644, 100.74610, -55.82707,  30.02380,  99.35683, -54.00331,  29.34352,  97.70305, -53.60989,  81.35049, 130.88536,-113.99807,  84.89515, 134.80176,-129.20686,  99.85716, 133.08849,-152.81201, 118.66095, 133.08240,-170.76798, 121.69900, 133.17853,-169.72512, 125.52020, 133.22001,-169.10134, 128.09583, 132.44410,-169.08613, 122.32765, 134.69377,-170.52970, 127.26924, 136.57590,-172.32896, 130.85493, 136.39886,-173.59274, 132.71121, 135.61852,-174.36879, 121.75879, 134.85536,-171.68162, 126.27104, 136.77957,-174.06030, 129.71290, 136.32256,-176.33894, 131.30813, 134.63842,-177.51983, 121.23214, 134.93541,-172.44689, 124.82284, 136.76704,-175.23125, 127.48467, 136.41492,-177.65774, 128.96432, 134.90751,-179.01548, 120.46816, 134.86855,-173.30459, 123.29807, 136.55221,-176.37549, 125.10334, 136.40986,-178.63804, 126.02966, 135.23215,-179.69041
   5.31677,  68.80119,  84.41466,-131.66832,  63.51209,  80.47842,-122.86313,  87.89749,  42.65411,-120.57016,  99.63575,  10.69275,-145.25944,  74.09029,  88.35090,-140.47351, 101.88554,  61.53047,-163.68284, 125.53405,  34.70352,-185.81738,  69.00706,  91.77849,-128.25276,  71.65554, 107.78129,-120.49543,  75.20348, 118.89891,-115.33517,  82.61834, 135.22042,-108.62936,  83.71989, 139.05657,-107.16887,  84.16774, 143.05953,-105.81305,  79.95516, 129.34765,-107.94524,  70.74526, 125.80946, -95.22247,  53.76557, 113.62530, -76.58818,  37.62709, 101.96906, -59.86450,  39.34642, 100.96262, -57.34308,  40.85305,  99.48819, -54.09523,  41.56182,  97.70463, -52.21039,  38.55964, 101.86608, -55.96351,  37.79942, 101.04517, -50.49110,  37.45040,  99.09893, -47.23904,  37.22453,  97.46016, -45.85325,  37.29507, 102.02004, -56.19546,  35.86883, 101.30338, -50.98265,  34.53511,  98.96769, -47.81829,  33.95131,  96.56303, -47.01058,  36.42247, 102.16198, -56.49180,  34.39510, 101.67674, -52.05841,  32.72209,  99.73776, -49.50136,  31.92145,  97.50266, -48.68379,  35.41963, 102.25753, -57.04765,  32.95023, 101.91007, -53.29868,  31.20977, 100.55576, -51.41852,  30.53773,  98.90959, -50.98140,  80.78766, 131.20137,-113.37761,  83.80036, 135.19108,-128.68172,  97.87906, 133.88415,-152.84952, 115.70183, 134.30407,-171.77496, 118.78377, 134.45943,-170.87828, 122.62891, 134.57351,-170.43745, 125.21636, 133.84557,-170.54358, 119.34500, 135.98384,-171.71476, 124.15931, 137.95234,-173.75106, 127.68342, 137.83836,-175.18400, 129.51487, 137.09045,-176.04619, 118.71901, 136.13166,-172.83856, 123.07616, 138.13267,-175.43324, 126.41351, 137.73330,-177.87249, 127.98185, 136.07579,-179.12492, 118.15511, 136.19982,-173.57800, 121.57432, 138.09005,-176.53379, 124.12367, 137.78067,-179.08374, 125.56485, 136.29721,-180.50765, 117.35253, 136.11643,-174.39818, 120.00105, 137.84380,-177.60364, 121.69887, 137.72872,-179.94940, 122.59583, 136.56549,-181.04252
   5.33344,  68.06660,  84.62154,-130.68974,  63.11153,  80.60764,-121.72672,  87.54124,  42.78108,-120.01671,  98.84156,  10.60772,-144.63484,  73.02168,  88.63544,-139.65277,  99.48576,  62.03088,-164.60139, 122.09835,  35.59608,-188.23923,  68.31842,  91.97596,-127.25702,  71.07082, 107.98306,-119.54486,  74.67926, 119.12551,-114.48103,  82.15217, 135.51353,-108.00583,  83.27366, 139.35718,-106.58066,  83.74862, 143.36165,-105.23859,  79.57048, 129.61444,-107.24058,  70.86818, 126.11529, -94.15487,  54.52256, 114.15312, -74.82285,  38.84330, 102.88000, -57.41372,  40.62125, 101.92685, -54.91233,  42.20370, 100.52093, -51.67017,  42.95722,  98.77728, -49.76544,  39.86591, 102.85871, -53.53407,  39.23311, 102.15200, -48.02960,  38.96086, 100.27397, -44.73043,  38.76833,  98.66443, -43.30590,  38.59621, 103.00746, -53.73985,  37.29147, 102.39938, -48.48161,  36.03305, 100.12990, -45.23920,  35.46988,  97.74247, -44.36820,  37.71688, 103.14295, -54.01882,  35.79297, 102.74983, -49.53053,  34.18101, 100.86420, -46.89555,  33.40116,  98.64644, -46.01322,  36.70138, 103.22662, -54.55318,  34.31962, 102.95684, -50.74163,  32.62413, 101.64161, -48.79384,  31.96361, 100.00475, -48.30704,  80.20483, 131.48049,-112.69544,  82.67840, 135.53876,-128.07796,  95.76799, 134.66514,-152.81456, 112.70994, 135.44501,-172.52147, 115.82458, 135.65668,-171.75941, 119.68250, 135.84138,-171.48600, 122.27584, 135.16128,-171.70545, 116.32078, 137.19158,-172.61753, 121.00497, 139.24946,-174.85864, 124.46493, 139.20114,-176.44356, 126.27059, 138.48753,-177.38552, 115.64390, 137.32840,-173.71285, 119.84655, 139.41063,-176.49190, 123.08146, 139.07402,-179.07444, 124.62406, 137.44631,-180.39601, 115.04722, 137.38652,-174.42699, 118.29932, 139.34088,-177.52619, 120.74062, 139.07978,-180.18495, 122.14555, 137.62384,-181.67207, 114.21140, 137.28876,-175.21162, 116.68581, 139.06621,-178.52695, 118.28183, 138.98359,-180.94444, 119.15164, 137.83762,-182.07703
   5.35011,  67.21772,  84.84565,-129.55924,  62.55473,  80.76640,-120.46988,  86.97174,  42.91024,-119.32804,  97.86513,  10.65325,-144.02007,  71.88071,  88.92490,-138.64859,  96.74836,  62.56943,-165.43614, 118.35338,  36.45361,-190.33720,  67.50711,  92.19260,-126.11351,  70.34449, 108.20464,-118.44252,  74.00141, 119.36886,-113.46208,  81.51737, 135.81369,-107.18375,  82.65739, 139.66320,-105.78944,  83.16028, 143.66765,-104.45752,  79.00973, 129.89170,-106.35207,  70.79115, 126.41279, -92.95198,  55.12437, 114.64367, -72.95099,  39.93048, 103.68711, -54.92048,  41.76943, 102.77729, -52.44721,  43.43123, 101.42762, -49.22088,  44.23174,  99.71716, -47.30526,  41.04771, 103.73293, -51.06721,  40.55001, 103.12168, -45.53750,  40.35922, 101.30106, -42.20065,  40.20218,  99.71644, -40.74418,  39.77330, 103.87818, -51.24441,  38.59781, 103.36132, -45.94609,  37.41989, 101.14840, -42.63506,  36.87906,  98.77645, -41.70934,  38.88736, 104.00888, -51.50409,  37.07397, 103.69365, -46.96394,  35.52762, 101.85403, -44.25806,  34.77038,  99.65194, -43.31866,  37.85906, 104.08335, -52.01481,  35.57136, 103.87976, -48.14203,  33.92449, 102.59856, -46.13087,  33.27667, 100.97042, -45.59979,  79.46988, 131.76913,-111.82048,  81.33281, 135.89849,-127.27000,  93.45711, 135.43141,-152.50457, 109.53084, 136.54739,-172.91020, 112.67265, 136.82098,-172.29318, 116.53461, 137.08327,-172.19887, 119.12810, 136.45601,-172.54007, 113.09742, 138.36671,-173.17000, 117.62998, 140.52175,-175.62168, 121.01279, 140.54542,-177.36573, 122.78671, 139.86967,-178.39214, 112.36773, 138.49124,-174.23239, 116.39388, 140.66158,-177.19901, 119.51134, 140.39377,-179.92978, 121.02329, 138.79928,-181.32521, 111.73745, 138.53821,-174.91790, 114.80195, 140.56191,-178.16045, 117.12178, 140.35365,-180.93033, 118.48507, 138.92833,-182.48435, 110.86819, 138.42459,-175.66307, 113.14952, 140.25598,-179.08579, 114.63277, 140.20876,-181.57500, 115.47188, 139.08208,-182.74932
   5.36677,  66.28970,  85.08646,-128.42795,  61.92409,  80.94122,-119.22151,  86.26935,  43.02474,-118.73971,  96.81080,  10.62704,-143.40025,  70.65532,  89.23169,-137.63438,  93.99487,  63.09854,-165.97001, 114.55779,  37.28220,-192.03835,  66.61489,  92.42578,-124.96919,  69.53264, 108.44335,-117.33999,  73.23417, 119.63035,-112.44435,  80.78656, 136.13403,-106.36741,  81.94241, 139.99025,-105.00501,  82.46953, 143.99593,-103.68625,  78.35534, 130.18977,-105.47027,  70.58188, 126.72522, -91.80352,  55.72539, 115.13963, -71.08978,  41.09572, 104.45423, -52.44052,  43.01251, 103.58354, -50.01269,  44.77636, 102.28463, -46.81988,  45.63835, 100.60435, -44.90423,  42.33381, 104.56015, -48.62557,  42.01119, 104.03441, -43.07412,  41.92728, 102.26561, -39.70516,  41.81761, 100.70367, -38.22013,  41.05432, 104.70214, -48.76472,  40.04688, 104.26694, -43.42461,  38.97585, 102.10511, -40.04426,  38.46654,  99.74757, -39.06538,  40.16052, 104.82846, -48.99832,  38.49142, 104.58288, -44.39893,  37.03274, 102.78479, -41.61751,  36.30742, 100.59721, -40.62075,  39.11657, 104.89462, -49.47746,  36.95226, 104.75014, -45.53179,  35.37073, 103.49960, -43.45013,  34.74139, 101.87963, -42.87377,  78.64057, 132.07607,-110.94754,  79.95455, 136.25753,-126.43944,  91.33624, 136.09908,-152.02131, 106.43344, 137.57090,-173.13785, 109.59211, 137.89832,-172.64576, 113.44962, 138.22769,-172.70463, 116.03797, 137.64617,-173.15004, 109.95475, 139.45242,-173.53557, 114.34803, 141.68944,-176.16118, 117.65780, 141.77443,-178.03838, 119.40090, 141.13109,-179.13596, 109.18129, 139.56568,-174.56783, 113.04787, 141.80990,-177.68779, 116.05831, 141.60019,-180.54097, 117.54093, 140.03419,-181.99875, 108.52349, 139.60261,-175.22763, 111.42089, 141.68385,-178.58534, 113.63186, 141.51984,-181.44574, 114.95671, 140.12062,-183.05573, 107.62736, 139.47490,-175.93786, 109.73848, 141.35046,-179.44483, 111.12204, 141.33252,-181.99117, 111.93315, 140.22224,-183.20028
   5.38344,  65.26382,  85.33880,-127.30469,  61.24096,  81.12380,-117.97461,  85.46280,  43.12543,-118.07523,  95.64638,  10.65191,-142.78637,  69.28668,  89.55380,-136.63477,  91.03160,  63.61364,-166.38120, 110.38303,  38.13078,-193.67628,  65.63209,  92.67034,-123.83377,  68.64016, 108.69688,-116.25869,  72.38701, 119.91236,-111.46372,  79.96737, 136.48752,-105.62062,  81.13813, 140.35267,-104.29683,  81.68999, 144.36170,-102.99852,  77.62750, 130.51812,-104.65044,  70.30180, 127.07939, -90.73213,  56.21254, 115.62405, -69.41857,  42.26885, 105.22543, -50.09392,  44.26145, 104.38086, -47.71846,  46.12550, 103.11590, -44.56925,  47.04847, 101.45594, -42.66432,  43.62568, 105.37137, -46.32090,  43.47747, 104.90279, -40.75695,  43.50058, 103.16882, -37.36897,  43.43879, 101.62224, -35.86523,  42.34234, 105.51125, -46.42137,  41.50295, 105.13067, -41.04813,  40.54012, 103.00328, -37.61381,  40.06370, 100.65570, -36.59523,  41.44156, 105.63469, -46.62816,  39.91749, 105.43571, -41.97646,  38.54814, 103.66566, -39.13236,  37.85623, 101.48810, -38.09089,  40.38306, 105.69534, -47.07502,  38.34347, 105.59047, -43.06223,  36.82895, 104.36065, -40.91929,  36.21934, 102.74638, -40.30685,  77.71308, 132.41137,-110.13207,  78.46404, 136.64018,-125.64862,  89.01279, 136.80947,-151.58499, 103.24366, 138.57084,-173.27323, 106.41287, 138.95078,-172.90138, 110.25932, 139.34457,-173.10670, 112.83817, 138.80656,-173.65093, 106.71540, 140.51109,-173.80272, 110.96760, 142.82230,-176.59130, 114.20160, 142.96336,-178.59303, 115.91214, 142.34969,-179.75684, 105.90141, 140.61185,-174.80466, 109.60842, 142.92167,-178.06717, 112.51111, 142.76347,-181.03310, 113.96306, 141.22308,-182.54792, 105.21845, 140.63806,-175.43891, 107.95077, 142.76883,-178.90227, 110.05364, 142.64298,-181.84494, 111.33938, 141.26676,-183.50566, 104.29817, 140.49570,-176.11464, 106.24265, 142.40774,-179.69745, 107.52835, 142.41398,-182.29463, 108.31124, 141.31791,-183.53491
   5.40011,  64.15615,  85.60206,-126.18195,  60.44046,  81.32821,-116.75179,  84.52843,  43.25059,-117.42145,  94.41887,  10.76124,-142.23066,  67.87184,  89.87591,-135.61210,  87.80637,  64.12217,-166.75601, 106.05578,  38.93842,-195.06879,  64.56418,  92.92695,-122.70145,  67.65255, 108.96267,-115.17829,  71.43729, 120.20483,-110.47644,  79.03626, 136.84575,-104.84841,  80.22027, 140.72005,-103.56371,  80.79576, 144.73344,-102.28934,  76.78042, 130.85489,-103.81366,  69.96985, 127.45553, -89.62668,  56.69373, 116.08033, -67.75547,  43.40010, 105.92014, -47.85447,  45.47188, 105.10253, -45.53805,  47.44179, 103.87101, -42.44044,  48.43183, 102.23071, -40.55224,  44.87881, 106.10346, -44.12918,  44.91371, 105.68363, -38.55948,  45.05299, 103.97975, -35.15904,  45.04534, 102.44634, -33.64063,  43.59242, 106.23862, -44.18892,  42.93001, 105.90303, -38.78802,  42.08668, 103.80322, -35.30564,  41.65141, 101.46332, -34.25158,  42.68498, 106.35753, -44.36726,  41.31412, 106.19514, -39.66672,  40.04406, 104.44621, -36.76407,  39.39362, 102.27589, -35.68159,  41.61227, 106.41108, -44.77984,  39.70502, 106.33559, -40.70183,  38.26524, 105.12025, -38.49993,  37.68121, 103.50965, -37.85383,  76.68667, 132.75121,-109.29409,  76.80017, 137.02700,-124.81552,  86.38858, 137.54697,-151.11746,  99.75745, 139.59261,-173.32306, 102.93252, 140.02676,-173.08435, 106.75954, 140.48719,-173.45081, 109.32202, 139.99448,-174.10430, 103.16988, 141.59320,-173.99453, 107.26031, 143.98100,-176.95524, 110.40412, 144.18041,-179.09121, 112.07436, 143.59784,-180.32728, 102.31275, 141.68114,-174.96109, 105.83860, 144.05874,-178.37233, 108.61593, 143.95443,-181.45826, 110.02898, 142.44125,-183.03597, 101.60330, 141.69636,-175.56593, 104.15009, 143.87834,-179.13713, 106.12884, 143.79253,-182.16605, 107.36689, 142.44081,-183.88221, 100.65793, 141.53897,-176.20256, 102.41641, 143.48881,-179.86034, 103.59115, 143.52052,-182.50937, 104.33977, 142.43970,-183.78372
   5.41678,  62.94206,  85.88387,-125.06962,  59.52481,  81.55851,-115.55050,  83.46083,  43.40163,-116.85548,  93.16702,  10.82201,-141.61903,  66.35931,  90.20923,-134.58874,  84.87143,  64.57493,-166.69432, 101.98866,  39.67524,-195.94975,  63.38915,  93.20363,-121.58312,  66.55518, 109.25094,-114.11716,  70.37536, 120.52055,-109.51068,  77.98870, 137.22656,-104.09903,  79.18251, 141.11136,-102.85578,  79.77555, 145.13168,-101.61168,  75.81807, 131.21535,-103.00192,  69.47481, 127.85681, -88.59035,  57.15685, 116.55754, -66.12717,  44.53574, 106.62590, -45.68041,  46.68302, 105.84237, -43.42170,  48.75508, 104.65218, -40.37500,  49.81248, 103.03600, -38.50257,  46.12839, 106.85409, -42.00491,  46.33864, 106.48985, -36.43515,  46.59303, 104.82062, -33.02420,  46.64114, 103.30237, -31.49138,  44.84003, 106.98183, -42.02591,  44.34759, 106.69645, -36.60399,  43.62463, 104.62692, -33.07670,  43.23545, 102.29534, -31.98679,  43.92683, 107.09415, -42.17708,  42.70357, 106.97123, -37.43480,  41.53412, 105.24453, -34.47709,  40.92980, 103.08167, -33.35373,  42.84155, 107.13790, -42.55659,  41.06234, 107.09285, -38.42067,  39.69848, 105.89184, -36.16326,  39.14385, 104.28467, -35.48360,  75.54520, 133.11292,-108.47593,  75.08994, 137.42558,-123.98089,  83.80240, 138.23483,-150.57860,  96.18920, 140.59008,-173.31667,  99.36419, 141.07057,-173.19375, 103.16797, 141.58815,-173.69948, 105.71162, 141.13462,-174.44798,  99.54489, 142.64215,-174.10806, 103.48813, 145.09598,-177.21107, 106.54794, 145.34603,-179.46066, 108.17994, 144.79064,-180.75878,  98.65158, 142.71937,-175.04222, 102.01424, 145.15555,-178.57473, 104.67737, 145.09840,-181.76094, 106.05346, 143.60940,-183.39337,  97.92020, 142.72532,-175.62053, 100.30156, 144.95178,-179.27740, 102.16857, 144.90124,-182.37722, 103.36233, 143.57137,-184.14116,  96.95446, 142.55527,-176.22238,  98.54835, 144.53816,-179.93736,  99.62422, 144.59249,-182.62771, 100.34123, 143.52538,-183.93145
   5.43344,  61.62396,  86.17269,-123.96081,  58.53645,  81.79415,-114.35375,  82.32872,  43.56958,-116.19615,  91.84420,  10.87464,-140.88161,  64.71146,  90.55124,-133.56788,  81.63526,  65.04178,-166.63503,  97.59233,  40.42686,-196.77392,  62.12123,  93.48611,-120.46782,  65.38129, 109.54425,-113.06590,  69.24111, 120.84296,-108.56494,  76.86475, 137.61965,-103.39171,  78.06639, 141.51663,-102.19502,  78.67368, 145.54579,-100.98688,  74.78870, 131.58743,-102.22883,  68.92661, 128.26054, -87.60770,  57.49813, 117.01857, -64.65104,  45.64908, 107.32456, -43.63614,  47.86743, 106.57733, -41.43452,  50.03658, 105.43111, -38.43897,  51.15938, 103.84072, -36.58261,  47.34869, 107.60019, -40.01215,  47.72655, 107.29453, -34.44772,  48.09273, 105.66204, -31.02916,  48.19601, 104.15995, -29.48320,  46.05948, 107.71989, -39.99608,  45.73009, 107.48730, -34.55931,  45.12538, 105.44981, -30.99135,  44.78358, 103.12725, -29.86685,  45.14151, 107.82511, -40.12114,  44.06041, 107.74355, -35.34356,  42.99032, 106.04031, -32.33507,  42.43340, 103.88549, -31.17244,  44.04517, 107.85838, -40.46861,  42.38988, 107.84508, -36.28133,  41.10134, 106.65910, -33.97232,  40.57737, 105.05567, -33.26026,  74.32042, 133.48418,-107.68988,  73.30308, 137.81777,-123.16228,  81.10756, 138.90213,-150.03074,  92.61128, 141.52592,-173.19926,  95.78182, 142.04948,-173.19199,  99.55698, 142.62028,-173.83600, 102.07722, 142.20340,-174.67904,  95.90732, 143.62561,-174.10773,  99.69975, 146.14067,-177.34671, 102.67084, 146.43801,-179.70676, 104.26124, 145.90815,-181.06574,  94.97920, 143.69287,-175.00811,  98.17591, 146.18339,-178.65496, 100.72024, 146.17041,-181.93728, 102.05529, 144.70433,-183.62365,  94.22698, 143.69022,-175.55906,  96.44140, 145.95792,-179.29464,  98.19333, 145.94044,-182.46128,  99.33917, 144.63131,-184.27190,  93.24209, 143.50843,-176.12542,  94.67082, 145.52195,-179.89078,  95.64591, 145.59753,-182.61876,  96.32876, 144.54350,-183.95116
   5.45011,  60.19643,  86.45334,-122.85318,  57.39433,  82.03053,-113.17914,  81.02911,  43.73889,-115.57316,  90.37166,  11.00715,-140.27590,  62.99853,  90.87615,-132.52722,  78.51850,  65.48957,-166.36856,  93.30133,  41.14756,-197.31706,  60.74055,  93.76081,-119.35472,  64.08577, 109.82710,-112.00870,  67.97976, 121.15016,-107.59928,  75.60865, 137.98688,-102.63297,  76.81842, 141.89413,-101.47870,  77.44216, 145.93020,-100.30241,  73.61501, 131.93766,-101.41548,  68.29959, 128.64132, -86.58004,  57.79357, 117.46368, -63.15603,  46.64444, 107.96128, -41.67578,  48.92755, 107.24906, -39.52946,  51.18607, 106.14467, -36.58467,  52.37060, 104.57873, -34.74597,  48.44073, 108.28105, -38.10240,  48.97312, 108.02791, -32.54799,  49.44445, 106.42870, -29.12659,  49.60072, 104.94128, -27.57091,  47.15164, 108.39205, -38.05199,  46.97303, 108.20598, -32.60638,  46.48082, 106.19647, -29.00541,  46.18649, 103.88179, -27.85160,  46.22985, 108.48984, -38.15270,  45.28071, 108.44372, -33.34669,  44.30560, 106.76023, -30.29511,  43.79608, 104.61215, -29.09875,  45.12419, 108.51247, -38.47020,  43.58443, 108.52537, -34.23907,  42.36811, 107.35134, -31.88522,  41.87526, 105.75080, -31.14499,  72.97872, 133.83203,-106.86034,  71.34410, 138.17738,-122.27643,  78.22856, 139.52438,-149.38344,  89.06212, 142.34644,-172.84980,  92.22227, 142.91626,-172.97366,  95.95850, 143.54346,-173.77337,  98.44706, 143.16517,-174.72211,  92.28647, 144.49592,-173.88966,  95.90319, 147.07272,-177.27763,  98.76834, 147.41826,-179.75900, 100.30803, 146.91447,-181.18467,  91.32062, 144.55144,-174.75029,  94.32550, 147.09585,-178.52094,  96.73024, 147.12675,-181.90674,  98.01472, 145.68378,-183.65133,  90.54612, 144.53893,-175.26932,  92.56921, 146.84637,-179.08816,  94.18722, 146.86096,-182.32529,  95.27521, 145.57241,-184.18568,  89.54116, 144.34393,-175.79450,  90.78176, 146.38580,-179.61093,  91.64069, 146.48118,-182.37707,  92.28244, 145.43997,-183.73964
   5.46678,  58.69831,  86.70920,-121.75404,  56.16650,  82.23869,-112.02755,  79.60784,  43.87299,-115.05415,  88.78953,  11.07948,-139.73528,  61.23011,  91.17970,-131.48052,  75.15024,  65.85921,-166.05922,  88.76655,  41.75838,-197.72342,  59.29257,  94.00761,-118.24484,  62.72762, 110.07469,-110.94213,  66.65779, 121.41720,-106.61559,  74.29426, 138.30726,-101.84594,  75.51176, 142.22338,-100.73051,  76.15063, 146.26505, -99.58191,  72.37849, 132.24305,-100.57902,  67.55443, 128.96727, -85.57210,  58.09579, 117.87465, -61.66628,  47.66477, 108.53098, -39.75990,  50.01798, 107.85528, -37.67847,  52.37427, 106.79332, -34.79532,  53.62784, 105.25196, -32.98180,  49.56521, 108.89385, -36.24499,  50.26735, 108.68789, -30.70751,  50.85618, 107.11909, -27.29023,  51.07276, 105.64505, -25.72907,  48.27727, 108.99389, -36.15640,  48.26490, 108.84793, -30.70666,  47.89979, 106.86178, -27.07770,  47.66129, 104.55350, -25.89846,  47.35202, 109.08282, -36.22988,  46.54891, 109.06513, -31.39714,  45.68161, 107.39653, -28.30509,  45.22783, 105.25328, -27.07804,  46.23712, 109.09331, -36.51393,  44.82579, 109.12505, -32.23835,  43.69173, 107.95842, -29.84016,  43.23591, 106.35933, -29.07355,  71.58187, 134.13508,-106.00356,  69.41287, 138.48266,-121.35295,  75.34413, 140.07425,-148.67121,  85.15709, 143.17151,-172.54824,  88.30310, 143.78058,-172.78952,  91.99869, 144.45503,-173.72768,  94.45438, 144.10880,-174.76971,  88.31341, 145.36207,-173.70455,  91.76844, 147.98777,-177.22130,  94.53401, 148.37191,-179.80775,  96.02523, 147.88903,-181.29101,  87.31534, 145.40672,-174.52826,  90.14506, 147.99291,-178.40453,  92.42052, 148.05788,-181.87806,  93.65635, 146.63314,-183.67207,  86.52214, 145.38527,-175.01792,  88.37193, 147.72242,-178.90593,  89.86707, 147.76114,-182.20142,  90.90030, 146.48852,-184.10352,  85.50065, 145.17850,-175.50538,  86.57195, 147.24040,-179.36211,  87.32526, 147.34991,-182.15834,  87.92824, 146.31845,-183.54581
   5.48344,  57.13560,  86.92778,-120.67087,  54.90400,  82.40397,-110.89564,  78.14454,  43.96748,-114.51465,  87.13240,  11.07696,-139.13796,  59.36720,  91.45159,-130.44610,  71.66840,  66.14705,-165.64474,  83.97752,  42.28376,-198.01610,  57.79063,  94.21487,-117.14899,  61.33170, 110.27946,-109.89157,  65.30267, 121.64106,-105.65329,  72.94384, 138.58680,-101.09323,  74.17031, 142.51110,-100.01708,  74.82786, 146.55696, -98.89405,  71.11492, 132.50628, -99.77704,  66.77823, 129.24586, -84.61878,  58.26403, 118.25067, -60.31623,  48.65958, 109.08242, -37.96231,  51.07271, 108.43478, -35.94143,  53.51336, 107.40438, -33.11763,  54.82728, 105.88104, -31.33181,  50.64962, 109.47579, -34.50066,  51.50019, 109.29931, -28.98302,  52.19243, 107.75003, -25.57623,  52.46250, 106.28450, -24.01538,  49.36371, 109.56576, -34.37827,  49.49722, 109.44309, -28.92958,  49.24493, 107.46964, -25.28414,  49.05683, 105.16459, -24.08958,  48.43614, 109.64685, -34.42750,  47.76178, 109.64339, -29.57509,  46.99063, 107.98110, -26.45430,  46.58723, 105.83952, -25.20690,  47.31404, 109.64707, -34.68185,  46.01649, 109.68571, -30.37043,  44.95615, 108.52022, -27.93821,  44.53401, 106.92078, -27.15324,  70.14175, 134.39717,-105.17310,  67.44983, 138.74848,-120.43841,  72.42422, 140.56427,-147.93311,  81.31458, 143.88387,-172.13934,  84.44108, 144.53435,-172.49772,  88.08982, 145.25740,-173.57300,  90.50921, 144.94352,-174.70620,  84.39635, 146.11579,-173.41181,  87.68268, 148.78660,-177.05404,  90.34438, 149.20702,-179.74184,  91.78536, 148.74375,-181.27999,  83.36770, 146.14722,-174.19764,  86.01629, 148.77028,-178.17579,  88.15933, 148.86504,-181.73189,  89.34593, 147.45661,-183.57143,  82.55710, 146.11529,-174.65733,  84.22939, 148.47640,-178.61072,  85.59971, 148.53464,-181.95975,  86.57783, 147.27564,-183.89968,  81.52094, 145.89505,-175.10637,  82.42012, 147.97067,-178.99954,  83.06692, 148.08994,-181.82192,  83.63118, 147.06644,-183.23139
   5.50011,  55.52811,  87.29572,-119.59978,  53.55838,  82.72518,-109.79008,  76.58785,  44.22308,-114.01093,  85.36953,  11.29181,-138.65416,  57.49784,  91.86626,-129.40949,  67.75449,  66.56678,-165.26087,  78.91251,  42.89192,-198.18312,  56.24177,  94.57175,-116.06644,  59.88360, 110.63065,-108.84640,  63.89289, 122.00608,-104.68192,  71.53821, 138.99608,-100.29690,  72.77508, 142.92651, -99.25554,  73.45510, 146.97482, -98.15499,  69.78457, 132.90175, -98.94274,  65.99695, 129.66386, -83.63326,  58.43698, 118.76184, -58.97575,  49.58250, 109.75311, -36.25041,  52.05631, 109.13480, -34.29477,  54.58337, 108.13638, -31.53624,  55.96052, 106.63110, -29.78304,  51.66275, 110.17593, -32.84574,  52.66593, 110.02400, -27.35306,  53.46635, 108.49158, -23.96239,  53.79336, 107.03335, -22.40560,  50.37987, 110.25383, -32.68836,  50.66387, 110.14859, -27.24507,  50.53084, 108.18359, -23.58878,  50.39801, 105.88037, -22.38330,  49.45055, 110.32582, -32.71234,  48.90952, 110.33020, -27.84325,  48.24043, 108.66978, -24.69802,  47.89225, 106.52810, -23.43425,  48.32195, 110.31444, -32.93580,  47.14276, 110.35330, -28.59052,  46.16088, 109.18483, -26.12699,  45.77601, 107.58372, -25.32643,  68.65833, 134.79345,-104.30865,  65.38507, 139.14691,-119.45933,  69.29204, 141.19792,-147.10945,  77.25347, 144.71247,-171.60973,  80.35347, 145.40349,-172.09860,  83.94418, 146.17396,-173.32561,  86.31772, 145.89163,-174.55959,  80.24992, 146.98434,-173.00894,  83.34557, 149.69803,-176.78410,  85.88640, 150.15330,-179.58098,  87.26742, 149.70897,-181.17858,  79.18887, 147.00254,-173.75087,  81.63390, 149.66025,-177.83492,  83.62435, 149.78327,-181.47778,  84.75081, 148.39060,-183.36647,  78.36017, 146.96015,-174.17614,  79.83427, 149.34328,-178.19465,  81.06191, 149.41973,-181.59821,  81.97395, 148.17379,-183.57834,  77.30900, 146.72655,-174.58144,  78.01698, 148.81418,-178.50752,  78.54312, 148.94221,-181.35448,  79.06091, 147.92629,-182.78709
   5.51678,  53.85570,  87.71349,-118.52150,  52.13904,  83.09752,-108.68555,  74.94226,  44.53893,-113.56743,  83.49003,  11.57110,-138.24399,  55.57236,  92.32947,-128.35745,  64.17847,  66.95891,-164.59077,  74.05064,  43.45071,-198.03894,  54.62825,  94.97824,-114.97735,  58.37473, 111.02926,-107.79340,  62.42727, 122.41530,-103.70040,  70.08623, 139.44205, -99.48501,  71.33446, 143.37747, -98.47659,  72.03666, 147.42771, -97.39727,  68.40450, 133.33506, -98.09708,  65.10372, 130.12561, -82.66937,  58.63610, 119.32232, -57.66020,  50.54971, 110.48340, -34.58459,  53.08995, 109.90126, -32.70446,  55.71267, 108.94314, -30.02198,  57.16057, 107.46098, -28.30649,  52.72991, 110.94424, -31.24807,  53.90504, 110.82747, -25.78873,  54.82774, 109.31887, -22.41851,  55.21944, 107.87119, -20.86681,  51.45174, 111.00851, -31.05113,  51.90602, 110.93018, -25.61895,  51.90893, 108.97978, -21.95243,  51.83965, 106.68050, -20.73418,  50.52137, 111.07001, -31.04644,  50.13198, 111.08959, -26.16293,  49.57980, 109.43554, -22.99176,  49.29528, 107.29564, -21.70918,  49.38657, 111.04507, -31.23461,  48.34270, 111.08972, -26.85491,  47.45114, 109.92112, -24.35733,  47.10945, 108.31932, -23.53876,  67.12616, 135.22981,-103.42772,  63.34196, 139.58522,-118.45837,  66.31021, 141.83197,-146.20979,  73.44905, 145.50546,-170.93917,  76.52182, 146.22714,-171.54235,  80.05670, 147.03349,-172.90133,  82.38534, 146.77517,-174.22300,  76.36903, 147.80742,-172.44671,  79.29541, 150.55354,-176.33183,  81.72587, 151.03533,-179.22084,  83.05078, 150.60550,-180.86912,  75.28098, 147.81565,-173.14864,  77.54629, 150.49959,-177.31829,  79.39854, 150.64425,-181.03254,  80.46753, 149.26379,-182.96314,  74.43749, 147.76538,-173.54284,  75.73771, 150.16519,-177.61114,  76.83707, 150.25567,-181.05793,  77.68696, 149.01988,-183.07179,  73.37431, 147.52172,-173.90899,  73.91530, 149.61848,-177.85670,  74.33388, 149.75332,-180.72114,  74.80793, 148.74337,-182.17297
   5.53344,  52.13726,  88.09760,-117.42197,  50.71268,  83.42605,-107.56565,  73.31693,  44.82641,-113.01539,  81.57635,  11.76421,-137.66389,  53.56183,  92.76916,-127.27830,  60.10661,  67.34707,-163.90434,  68.70767,  43.91700,-197.75591,  52.97657,  95.34823,-113.86412,  56.84479, 111.38764,-106.71887,  60.95000, 122.78360,-102.70676,  68.62925, 139.84841, -98.68672,  69.89038, 143.78920, -97.71602,  70.61631, 147.84238, -96.66375,  67.02686, 133.72856, -97.26203,  64.21585, 130.55194, -81.73086,  58.73040, 119.82467, -56.45566,  51.53164, 111.17763, -33.01624,  54.12963, 110.63245, -31.20521,  56.83657, 109.71638, -28.59261,  58.34784, 108.25872, -26.91113,  53.79920, 111.67910, -29.74444,  55.12778, 111.60334, -24.31967,  56.16066, 110.12226, -20.96926,  56.61125, 108.68695, -19.42207,  52.52642, 111.73075, -29.51207,  53.13330, 111.68558, -24.09444,  53.25987, 109.75445, -20.41991,  53.24958, 107.46095, -19.18891,  51.59594, 111.78234, -29.48161,  51.34312, 111.82321, -24.58926,  50.89778, 110.17990, -21.39577,  50.67242, 108.04380, -20.09523,  50.45666, 111.74430, -29.63778,  49.53528, 111.80062, -25.23081,  48.72663, 110.63560, -22.70352,  48.42532, 109.03453, -21.86784,  65.57756, 135.62595,-102.54780,  61.28605, 139.97822,-117.44246,  63.09250, 142.45254,-145.27435,  69.06800, 146.32888,-170.27970,  72.11185, 147.07254,-170.99278,  75.58939, 147.90548,-172.47780,  77.87002, 147.66552,-173.88396,  71.91563, 148.65352,-171.88748,  74.68009, 151.42702,-175.87052,  77.00040, 151.93092,-178.84505,  78.26724, 151.51331,-180.54143,  70.80271, 148.65576,-172.54931,  72.89659, 151.36315,-176.79275,  74.61129, 151.52764,-180.57166,  75.61846, 150.15825,-182.54295,  69.94577, 148.60056,-172.91264,  71.08082, 151.01709,-177.02028,  72.05326, 151.12178,-180.50461,  72.83747, 149.89573,-182.55081,  68.87161, 148.35042,-173.24037,  69.25437, 150.45853,-177.20052,  69.56742, 150.60183,-180.07800,  69.99502, 149.59796,-181.54836
   5.55011,  50.34973,  88.41789,-116.28759,  49.15341,  83.70502,-106.42059,  71.57427,  45.07318,-112.37624,  79.51498,  11.96184,-137.06349,  51.54605,  93.13077,-126.15459,  56.26565,  67.64303,-163.01492,  63.73007,  44.21834,-197.13884,  51.24193,  95.65802,-112.72124,  55.20726, 111.69060,-105.61398,  59.35434, 123.09690,-101.67500,  67.05026, 140.19447, -97.82979,  68.32526, 144.13963, -96.89570,  69.07844, 148.19540, -95.87297,  65.51831, 134.06384, -96.37430,  63.26500, 130.92490, -80.74485,  58.76962, 120.25904, -55.24914,  52.38004, 111.77968, -31.51575,  55.03398, 111.27180, -29.77644,  57.82350, 110.39867, -27.23703,  59.39724, 108.96628, -25.59151,  54.73403, 112.32306, -28.31241,  56.21666, 112.29142, -22.92726,  57.35981, 110.83992, -19.59980,  57.86931, 109.41804, -18.05849,  53.46788, 112.36269, -28.04424,  54.22861, 112.35405, -22.64588,  54.47983, 110.44486, -18.96630,  54.52880, 108.15827, -17.72344,  52.53814, 112.40471, -27.98762,  52.42375, 112.47019, -23.09035,  52.08663, 110.84013, -19.87687,  51.92093, 108.70907, -18.55921,  51.39535, 112.35389, -28.11114,  50.59878, 112.42512, -23.68013,  49.87455, 111.26580, -21.12477,  49.61407, 109.66635, -20.27244,  63.91802, 135.96294,-101.61572,  59.05809, 140.30542,-116.33760,  59.95836, 142.95745,-144.19718,  65.02561, 146.97744,-169.37977,  68.03346, 147.74368,-170.21178,  71.44315, 148.60429,-171.83220,  73.66721, 148.38371,-173.32920,  67.79106, 149.32578,-171.09310,  70.37533, 152.12900,-175.17508,  72.57132, 152.65688,-178.23851,  73.77199, 152.25257,-179.98548,  66.65255, 149.32231,-171.70987,  68.55682, 152.05561,-176.02541,  70.11775, 152.24221,-179.86938,  71.05431, 150.88515,-181.88354,  65.78214, 149.26231,-172.03879,  66.73574, 151.69788,-176.18117,  67.56722, 151.81883,-179.70128,  68.27705, 150.60381,-181.78094,  64.69742, 149.00581,-172.32404,  64.90731, 151.12746,-176.28989,  65.10396, 151.28086,-179.17714,  65.47904, 150.28400,-180.66648
   5.56678,  48.47382,  88.67010,-115.09904,  47.54927,  83.89988,-105.23039,  69.82209,  45.26330,-111.68949,  77.38003,  12.14369,-136.48555,  49.39837,  93.44032,-124.96768,  52.70874,  67.91108,-161.95259,  59.00496,  44.40431,-196.25514,  49.42929,  95.89460,-111.51741,  53.51288, 111.91095,-104.44059,  57.71328, 123.32232,-100.57346,  65.43219, 140.44879, -96.90710,  66.71961, 144.39814, -96.00839,  67.49487, 148.45656, -95.01306,  63.96927, 134.30835, -95.42221,  62.21736, 131.20450, -79.72167,  58.82711, 120.60404, -54.02855,  53.27468, 112.28473, -30.02939,  55.97518, 111.80919, -28.35377,  58.83423, 110.97363, -25.87990,  60.46091, 109.56356, -24.26692,  55.70197, 112.86507, -26.88783,  57.31718, 112.87362, -21.54086,  58.55508, 111.44904, -18.23574,  59.11523, 110.03949, -16.70069,  54.44251, 112.89478, -26.58865,  55.33619, 112.91998, -21.21075,  55.69528, 111.03157, -17.52940,  55.79548, 108.75177, -16.27717,  53.51410, 112.92883, -26.50928,  53.51995, 113.01784, -21.61104,  53.27689, 111.40099, -18.38244,  53.16294, 109.27517, -17.05089,  52.36912, 112.86723, -26.60428,  51.68147, 112.95360, -22.15534,  51.03096, 111.80071, -19.57733,  50.80600, 110.20331, -18.71117,  62.21699, 136.20955,-100.61403,  56.85816, 140.53711,-115.16618,  56.87041, 143.36168,-143.02334,  60.92675, 147.54285,-168.36232,  63.90008, 148.32618,-169.29626,  67.24706, 149.20820,-171.03182,  69.41857, 149.00292,-172.60614,  63.61959, 149.90973,-170.16356,  66.04659, 152.73774,-174.32422,  68.13187, 153.28549,-177.46065,  69.27278, 152.89227,-179.24969,  62.46028, 149.90260,-170.74026,  64.19989, 152.65809,-175.11086,  65.62490, 152.86383,-179.00629,  66.49706, 151.51741,-181.05619,  61.57923, 149.83937,-171.03883,  62.37621, 152.29200,-175.20417,  63.08382, 152.42758,-178.75073,  63.72644, 151.22229,-180.85772,  60.48644, 149.57846,-171.28690,  60.54782, 151.71304,-175.25089,  60.64292, 151.87610,-178.14274,  60.97055, 150.88556,-179.64742
   5.58345,  46.51815,  88.71495,-113.84933,  45.91282,  83.88021,-103.98734,  68.08318,  45.25336,-110.84485,  75.18806,  12.04099,-135.65079,  47.12348,  93.54969,-123.71132,  48.90842,  67.94585,-160.74969,  53.86929,  44.30829,-195.18123,  47.54638,  95.92213,-110.25297,  51.76562, 111.92031,-103.21475,  56.02651, 123.33653, -99.42894,  63.76847, 140.49331, -95.95814,  65.06915, 144.44726, -95.09966,  65.86833, 148.50943, -94.13913,  62.38424, 134.34145, -94.44533,  61.13901, 131.26639, -78.69086,  58.72491, 120.72738, -52.86255,  54.12581, 112.58571, -28.60227,  56.87942, 112.14365, -27.00578,  59.81875, 111.34655, -24.61469,  61.50642, 109.95931, -23.04515,  56.63947, 113.20311, -25.53661,  58.41257, 113.25032, -20.24011,  59.76202, 111.85204, -16.96758,  60.38136, 110.45462, -15.44423,  55.38922, 113.22186, -25.20024,  56.44190, 113.27884, -19.85143,  56.92871, 111.40984, -16.17485,  57.08849, 109.13651, -14.91704,  54.46329, 113.24721, -25.09344,  54.61370, 113.35732, -20.19793,  54.48254, 111.75205, -16.95709,  54.42911, 109.63097, -15.61423,  53.31666, 113.17408, -25.15411,  52.76059, 113.27287, -20.68706,  52.19829, 112.12479, -18.08626,  52.01489, 110.52901, -17.20740,  60.46060, 136.24712, -99.57446,  54.60825, 140.56373,-113.93855,  53.73772, 143.54254,-141.76603,  56.90760, 147.86522,-167.20746,  59.84227, 148.67279,-168.23804,  63.12278, 149.58403,-170.08201,  65.24173, 149.39901,-171.72881,  59.52151, 150.25671,-169.09059,  61.78736, 153.11406,-173.32149,  63.76237, 153.68584,-176.52431,  64.84547, 153.30601,-178.35176,  58.34361, 150.24278,-169.62816,  59.91596, 153.02322,-174.04608,  61.20810, 153.25035,-177.98640,  62.02070, 151.91612,-180.06849,  57.45352, 150.17399,-169.89724,  58.09284, 152.64414,-174.07938,  58.68020, 152.79491,-177.64721,  59.26047, 151.60030,-179.77825,  56.35494, 149.90585,-170.10937,  56.26811, 152.05204,-174.06662,  56.26507, 152.22397,-176.95951,  56.54918, 151.24011,-178.47736
   5.60011,  44.49427,  88.60799,-112.54964,  44.18858,  83.71455,-102.70277,  66.30656,  45.11976,-109.90145,  72.96564,  11.80170,-134.68933,  44.79996,  93.50144,-122.39650,  44.91586,  67.79930,-159.40961,  48.68097,  44.01444,-193.89120,  45.59299,  95.79906,-108.94189,  49.94059, 111.77935,-101.94125,  54.25660, 123.19850, -98.22741,  62.01485, 140.38089, -94.92369,  63.32805, 144.33874, -94.10304,  64.15148, 148.40459, -93.17930,  60.70162, 134.21837, -93.39112,  60.02928, 131.16353, -77.59789,  58.58023, 120.69292, -51.66979,  54.83973, 112.71262, -27.20914,  57.63262, 112.29492, -25.67557,  60.63217, 111.52534, -23.35117,  62.36602, 110.15435, -21.81812,  57.41846, 113.35573, -24.20339,  59.31250, 113.42792, -18.94921,  60.74749, 112.04704, -15.70581,  61.41233, 110.65767, -14.19432,  56.17617, 113.36574, -23.83837,  57.35112, 113.44234, -18.51533,  57.93660, 111.58510, -14.84719,  58.14261, 109.31579, -13.58885,  55.25277, 113.38431, -23.71034,  55.51489, 113.50621, -18.81982,  55.47055, 111.90706, -15.57361,  55.46421, 109.78856, -14.22563,  54.10564, 113.30236, -23.74445,  53.65172, 113.40665, -19.26600,  53.15816, 112.26001, -16.65066,  53.00720, 110.66480, -15.76461,  58.62611, 136.12984, -98.45852,  52.23044, 140.44139,-112.59061,  50.37288, 143.57171,-140.35300,  52.44523, 148.06656,-165.87753,  55.33236, 148.90506,-167.01243,  58.53419, 149.85310,-168.97250,  60.59274, 149.69335,-170.69672,  54.96573, 150.48861,-167.84697,  57.04769, 153.38074,-172.14814,  58.89812, 153.98138,-175.41935,  59.91674, 153.61763,-177.28672,  53.76903, 150.46529,-168.34093,  55.15182, 153.27458,-172.80376,  56.29595, 153.52651,-176.78810,  57.04378, 152.20668,-178.90337,  52.87032, 150.38898,-168.57735,  53.33232, 152.87844,-172.77137,  53.78659, 153.04617,-176.35783,  54.29915, 151.86392,-178.51298,  51.76721, 150.11118,-168.74990,  51.51489, 152.26912,-172.69364,  51.40381, 152.45029,-175.58384,  51.64103, 151.47401,-177.11458
   5.61678,  42.38172,  88.47143,-111.20077,  42.37741,  83.52754,-101.37438,  64.48002,  44.99290,-108.93343,  70.66329,  11.60879,-133.75567,  42.38604,  93.41531,-121.02717,  41.06902,  67.58152,-157.92519,  43.63925,  43.65216,-192.41657,  43.55857,  95.64830,-107.58941,  48.04437, 111.61181,-100.63784,  52.41795, 123.03235, -96.99631,  60.19191, 140.23617, -93.84455,  61.51527, 144.19756, -93.05804,  62.35793, 148.26683, -92.16727,  58.94806, 134.06241, -92.29939,  58.78833, 131.01652, -76.49094,  58.30279, 120.62119, -50.49669,  55.42029, 112.80051, -25.86890,  58.26850, 112.41418, -24.43188,  61.35395, 111.68077, -22.21052,  63.15270, 110.33141, -20.73409,  58.09562, 113.47830, -22.95666,  60.17006, 113.58702, -17.77169,  61.72958, 112.23122, -14.57554,  62.45943, 110.85354, -13.08347,  56.86671, 113.47815, -22.54875,  58.22488, 113.58490, -17.27001,  58.95463, 111.74645, -13.61830,  59.22539, 109.48373, -12.36038,  55.94817, 113.48866, -22.38879,  56.37867, 113.63070, -17.51076,  56.46195, 112.04299, -14.25970,  56.52220, 109.92942, -12.90533,  54.80137, 113.39599, -22.38277,  54.50215, 113.51232, -17.89163,  54.11038, 112.37067, -15.25695,  54.00518, 110.77735, -14.36093,  56.72427, 135.98337, -97.29986,  49.85538, 140.29935,-111.20671,  47.12748, 143.54504,-138.88385,  48.23988, 148.18861,-164.44163,  51.08106, 149.05805,-165.66570,  54.20930, 150.04235,-167.72425,  56.21302, 149.90723,-169.51393,  50.67281, 150.64031,-166.48319,  52.58831, 153.56434,-170.83979,  54.32723, 154.19189,-174.16665,  55.28896, 153.84318,-176.06676,  49.46118, 150.60685,-166.93868,  50.67352, 153.44175,-171.43475,  51.68703, 153.71579,-175.45285,  52.37930, 152.40912,-177.59504,  48.55613, 150.52254,-167.14647,  48.85985, 153.02801,-171.34540,  49.19743, 153.21011,-174.94401,  49.65198, 152.03886,-177.11811,  47.45077, 150.23460,-167.28450,  47.05173, 152.40100,-171.21145,  46.84645, 152.58914,-174.09604,  47.04383, 151.61947,-175.63661
   5.63345,  40.18131,  88.35777,-109.80575,  40.54510,  83.35701,-100.01493,  62.66973,  44.89761,-107.88631,  68.38666,  11.37859,-132.63843,  39.81753,  93.35852,-119.59656,  37.12347,  67.35262,-156.29832,  38.36309,  43.28923,-190.76993,  41.45596,  95.51856,-106.19566,  46.11178, 111.46181, -99.30971,  50.55504, 122.88178, -95.75170,  58.34603, 140.10696, -92.76283,  59.67861, 144.07206, -92.01135,  60.53812, 148.14473, -91.15282,  57.17785, 133.92081, -91.20817,  57.53074, 130.86953, -75.40389,  58.00636, 120.55189, -49.37852,  56.08721, 112.90504, -24.60267,  58.98140, 112.54586, -23.25315,  62.13969, 111.84405, -21.12593,  63.99383, 110.51374, -19.70166,  58.84566, 113.61342, -21.77653,  61.07820, 113.75548, -16.65846,  62.74636, 112.42250, -13.50790,  63.53287, 111.05551, -12.03491,  57.62996, 113.60494, -21.33086,  59.14950, 113.73971, -16.09694,  60.00622, 111.91905, -12.46394,  60.33370, 109.66267, -11.20812,  56.71675, 113.60874, -21.14264,  57.29643, 113.77018, -16.28068,  57.49266, 112.19386, -13.02894,  57.61151, 110.08528, -11.67066,  55.57144, 113.50707, -21.10092,  55.41006, 113.63579, -16.60305,  55.10890, 112.49974, -13.95407,  55.04410, 110.90860, -13.05040,  54.79240, 135.85360, -96.12893,  47.46714, 140.18744,-109.79526,  43.77818, 143.54087,-137.34786,  43.95778, 148.32084,-162.90407,  46.75187, 149.21865,-164.21309,  49.80591, 150.23633,-166.36473,  51.75401, 150.12405,-168.21632,  46.30478, 150.79977,-165.01225,  48.05847, 153.75352,-169.41668,  49.68748, 154.40623,-172.79395,  50.59252, 154.07164,-174.72421,  45.07989, 150.75715,-165.42993,  46.12720, 153.61609,-169.95218,  47.01268, 153.91110,-173.99894,  47.64910, 152.61699,-176.16593,  44.16957, 150.66561,-165.60973,  44.32082, 153.18633,-169.80779,  44.54457, 153.38225,-173.41455,  44.94124, 152.22158,-175.60558,  43.06295, 150.36850,-165.71425,  42.52320, 152.54323,-169.61972,  42.22657, 152.73831,-172.49589,  42.38420, 151.77506,-174.04504
   5.65011,  37.90173,  88.33577,-108.36684,  38.55741,  83.30097, -98.60872,  60.66883,  44.89228,-106.75988,  66.01462,  11.21223,-131.37598,  37.24605,  93.37057,-118.12496,  33.18275,  67.19817,-154.58150,  33.25863,  43.04647,-189.01353,  39.25646,  95.48746,-104.76789,  44.04831, 111.42097, -97.95307,  48.54461, 122.84364, -94.47118,  56.34424, 140.08790, -91.61796,  57.68668, 144.05575, -90.89929,  58.56682, 148.13111, -90.07511,  55.24283, 133.89054, -90.05922,  56.16931, 130.82830, -74.28030,  57.60157, 120.58345, -48.26124,  56.53276, 113.07805, -23.39104,  59.47979, 112.75535, -22.15112,  62.72400, 112.09537, -20.14316,  64.64559, 110.79022, -18.78662,  59.38797, 113.82583, -20.67323,  61.81077, 114.00846, -15.64374,  63.61185, 112.70382, -12.55511,  64.46889, 111.35021, -11.10936,  58.19017, 113.80513, -20.18184,  59.90499, 113.97285, -15.00957,  60.91902, 112.17298, -11.40684,  61.31920, 109.92424, -10.15838,  57.28475, 113.79930, -19.95918,  58.04608, 113.98206, -15.12310,  58.38294, 112.41796, -11.87699,  58.57687, 110.31500, -10.51864,  56.14306, 113.68497, -19.87387,  56.15050, 113.82561, -15.37347,  55.96259, 112.69436, -12.71201,  55.94998, 111.10536, -11.80235,  52.71861, 135.83418, -94.90593,  44.89355, 140.19139,-108.28476,  40.26897, 143.62843,-135.68549,  39.63985, 148.51914,-161.21362,  42.38002, 149.44466,-162.61413,  45.35018, 150.49493,-164.86524,  47.23475, 150.40500,-166.78264,  41.89273, 151.02448,-163.39209,  43.47024, 154.00692,-167.84355,  44.97742, 154.68410,-171.27218,  45.81875, 154.36331,-173.23336,  40.65468, 150.97285,-163.76785,  41.52302, 153.85489,-168.31328,  42.26724, 154.17024,-172.38687,  42.84001, 152.88844,-174.57879,  39.73954, 150.87420,-163.91679,  39.72627, 153.40945,-168.10880,  39.82503, 153.61871,-171.72040,  40.15626, 152.46841,-173.92771,  38.63251, 150.56809,-163.98450,  37.94155, 152.75059,-167.86170,  37.54521, 152.95230,-170.72538,  37.65784, 151.99535,-172.28233
   5.66678,  35.53939,  88.31448,-106.87494,  36.48104,  83.25293, -97.15414,  58.56594,  44.89135,-105.59394,  63.54880,  11.11535,-130.15465,  34.59775,  93.37604,-116.59574,  29.21085,  67.04218,-152.76331,  28.13414,  42.81723,-187.12707,  36.97580,  95.45921,-103.29388,  41.90254, 111.38649, -96.56117,  46.44869, 122.81350, -93.15917,  54.25099, 140.07836, -90.44103,  55.60068, 144.04888, -89.75124,  56.49704, 148.12600, -88.95364,  53.21567, 133.87040, -88.87917,  54.64506, 130.79619, -73.14018,  57.14126, 120.61698, -47.17572,  56.92670, 113.24115, -22.24480,  59.91608, 112.95305, -21.10147,  63.23129, 112.33220, -19.19982,  65.21055, 111.05054, -17.90522,  59.86071, 114.02480, -19.62269,  62.44436, 114.24221, -14.67531,  64.35977, 112.96249, -11.64560,  65.27857, 111.62074, -10.22698,  58.67990, 113.99163, -19.09238,  60.56083, 114.18653, -13.97913,  61.71195, 112.40372, -10.40927,  62.17767, 110.16153,  -9.17181,  57.78236, 113.97613, -18.84024,  58.69921, 114.17498, -14.03186,  59.15930, 112.61987, -10.79657,  59.42086, 110.52135,  -9.44272,  56.64541, 113.84931, -18.71752,  56.79831, 113.99718, -14.21994,  56.71004, 112.86815, -11.55237,  56.74481, 111.28055, -10.64084,  50.55764, 135.82277, -93.65025,  42.30450, 140.19884,-106.76305,  36.87194, 143.69702,-134.00731,  35.35313, 148.70016,-159.47615,  38.05120, 149.64281,-160.94530,  40.95631, 150.71360,-163.27041,  42.79044, 150.63800,-165.23671,  37.53610, 151.22230,-161.70581,  38.98214, 154.22431,-166.18866,  40.39576, 154.91802,-169.65364,  41.18698, 154.60659,-171.63706,  36.28890, 151.16563,-162.04918,  37.02404, 154.06402,-166.60769,  37.65983, 154.39390,-170.69846,  38.18118, 153.12078,-172.90821,  35.37066, 151.06290,-162.17440,  35.23543, 153.60926,-166.35751,  35.23859, 153.82866,-169.96986,  35.51745, 152.68590,-172.18829,  34.26373, 150.75156,-162.21397,  33.46098, 152.94102,-166.06564,  32.98884, 153.14846,-168.91738,  33.06527, 152.19623,-170.47943
   5.68345,  33.10047,  88.35586,-105.31587,  34.35090,  83.27344, -95.64088,  56.40887,  44.95657,-104.34993,  61.01891,  11.09226,-128.86180,  31.85004,  93.43828,-114.99086,  25.19653,  66.94492,-150.82962,  22.82659,  42.62988,-185.06465,  34.62130,  95.49639,-101.76140,  39.68740, 111.42364, -95.13286,  44.28428, 122.85888, -91.82804,  52.08664, 140.14838, -89.27152,  53.44339, 144.12187, -88.61339,  54.35617, 148.20034, -87.84181,  51.12489, 133.92991, -87.70446,  53.04273, 130.85143, -72.01833,  56.46676, 120.71655, -46.14246,  57.21849, 113.47343, -21.18306,  60.25080, 113.22490, -20.14871,  63.64046, 112.64889, -18.36803,  65.68152, 111.39433, -17.14482,  60.23552, 114.29806, -18.66999,  62.99402, 114.55552, -13.81990,  65.03421, 113.30467, -10.86040,  66.02086, 111.97677,  -9.47470,  59.07525, 114.25073, -18.09713,  61.13785, 114.47703, -13.05574,  62.44031, 112.71425,  -9.52819,  62.97908, 110.47998,  -8.30615,  58.18772, 114.22425, -17.81256,  59.27584, 114.44184, -13.04084,  59.87275, 112.89749,  -9.82279,  60.20991, 110.80447,  -8.47717,  57.05768, 114.08323, -17.64851,  57.37179, 114.23971, -13.15961,  57.39472, 113.11362, -10.48944,  57.48271, 111.52795,  -9.57813,  48.31969, 135.88836, -92.38798,  39.65410, 140.27814,-105.22727,  33.43215, 143.81583,-132.29704,  31.13912, 148.90607,-157.69057,  33.78799, 149.86856,-159.23447,  36.61838, 150.96245,-161.63961,  38.39550, 150.90261,-163.65811,  33.24167, 151.44665,-159.97588,  34.53979, 154.46781,-164.49102,  35.84875, 155.17816,-167.99355,  36.58436, 154.87616,-169.99970,  31.98546, 151.38316,-160.28333,  32.57143, 154.29654,-164.85388,  33.08706, 154.63977,-168.96043,  33.55219, 153.37499,-171.18744,  31.06463, 151.27512,-160.38230,  30.79354, 153.83029,-164.55343,  30.69128, 154.05808,-168.16380,  30.91299, 152.92219,-170.39219,  29.95892, 150.95712,-160.39075,  29.03231, 153.15056,-164.21223,  28.47694, 153.36172,-167.04867,  28.51407, 152.41360,-168.61463
   5.70011,  30.61098,  88.40699,-103.69146,  32.12749,  83.31570, -94.05927,  54.13266,  45.03684,-103.06402,  58.44521,  11.07839,-127.49966,  29.09448,  93.49828,-113.32365,  21.07571,  66.83313,-148.75320,  17.55742,  42.43012,-182.82650,  32.19931,  95.54777,-100.16713,  37.37485, 111.48277, -93.64257,  42.00874, 122.92932, -90.42992,  49.80294, 140.24383, -88.02202,  51.16644, 144.21996, -87.39453,  52.09712, 148.29946, -86.65019,  48.90739, 134.01680, -86.44971,  51.36177, 130.93854, -70.83848,  55.81941, 120.83393, -45.10861,  57.43211, 113.70071, -20.15834,  60.49588, 113.48647, -19.21283,  63.94233, 112.94790, -17.53226,  66.03264, 111.71571, -16.37104,  60.51090, 114.55719, -17.73234,  63.40579, 114.84005, -12.96383,  65.54558, 113.60900, -10.06703,  66.58758, 112.29080,  -8.71295,  59.36838, 114.49532, -17.12615,  61.57363, 114.73852, -12.14631,  62.99856, 112.98604,  -8.66123,  63.59880, 110.75649,  -7.45939,  58.48986, 114.45795, -16.81601,  59.71338, 114.68133, -12.07747,  60.42155, 113.13939,  -8.88090,  60.82221, 111.04851,  -7.54943,  57.36679, 114.30335, -16.61951,  57.80919, 114.45691, -12.14133,  57.92285, 113.32723,  -9.47500,  58.05589, 111.74137,  -8.56951,  45.97474, 135.97721, -91.05366,  36.86072, 140.37759,-103.57489,  29.76252, 143.92930,-130.42635,  26.70774, 149.08844,-155.72560,  29.29749, 150.07624,-157.35163,  32.03984, 151.19878,-159.84398,  33.75147, 151.15805,-161.91877,  28.71460, 151.65132,-158.07126,  29.84169, 154.69286,-162.61853,  31.03127, 155.42159,-166.15965,  31.70434, 155.13003,-168.18916,  27.44970, 151.57805,-158.33826,  27.86414, 154.50602,-162.91826,  28.24440, 154.86235,-167.03843,  28.64796, 153.60627,-169.28231,  26.52708, 151.46258,-158.40780,  26.10075, 154.02436,-162.56185,  25.88039, 154.25906,-166.16651,  26.03956, 153.12984,-168.40361,  25.42433, 151.13542,-158.38143,  24.35708, 153.32929,-162.16579,  23.70892, 153.54192,-164.98236,  23.70341, 152.59752,-166.55100
   5.71678,  28.07072,  88.44859,-101.98347,  29.84497,  83.36609, -92.39075,  51.72670,  45.11557,-101.80730,  55.75297,  11.07121,-126.17216,  26.29647,  93.53110,-111.57618,  17.11094,  66.71809,-146.60863,  12.44697,  42.21545,-180.47223,  29.71695,  95.59665, -98.50070,  34.98356, 111.55236, -92.10081,  39.64447, 123.01630, -88.99091,  47.42137, 140.35967, -86.73995,  48.78927, 144.33906, -86.14340,  49.73497, 148.41975, -85.42502,  46.59283, 134.12531, -85.16001,  49.51197, 131.05482, -69.62744,  54.99498, 120.95573, -44.09423,  57.46926, 113.90486, -19.19115,  60.56552, 113.72315, -18.35049,  64.07278, 113.21952, -16.78914,  66.21506, 112.00822, -15.70309,  60.61851, 114.78999, -16.86808,  63.66982, 115.09314, -12.19939,  65.92030, 113.87888,  -9.38043,  67.02243, 112.56906,  -8.06642,  59.49796, 114.71343, -16.22378,  61.86767, 114.96847, -11.32067,  63.42958, 113.22305,  -7.89118,  64.09542, 110.99730,  -6.71719,  58.63091, 114.66517, -15.88421,  60.01158, 114.88982, -11.18911,  60.84503, 113.34751,  -8.02308,  61.31424, 111.25778,  -6.71235,  57.51697, 114.49722, -15.65031,  58.10899, 114.64380, -11.18921,  58.32568, 113.50834,  -8.53173,  58.50728, 111.92168,  -7.63614,  43.53663, 136.08291, -89.68411,  34.03829, 140.48368,-101.91623,  26.26416, 144.03071,-128.58046,  22.44683, 149.23303,-153.76705,  24.98080, 150.24373,-155.46529,  27.64136, 151.39139,-158.03369,  29.29308, 151.36695,-160.15673,  24.36474, 151.81481,-156.16580,  25.33626, 154.87051,-160.73940,  26.41788, 155.61287,-164.31216,  27.03485, 155.32908,-166.36052,  23.09334, 151.73152,-156.39654,  23.35252, 154.66788,-160.98258,  23.61160, 155.03189,-165.11147,  23.96087, 153.78165,-167.36769,  22.17008, 151.60860,-156.43977,  21.60405, 154.17145,-160.57644,  21.27854, 154.40836,-164.17298,  21.38268, 153.28297,-166.41525,  21.07123, 151.27242,-156.38225,  19.87815, 153.46173,-160.13151,  19.14781, 153.67221,-162.92806,  19.10500, 152.72954,-164.49717
   5.73345,  25.49222,  88.42155,-100.19872,  27.54775,  83.35854, -90.65196,  49.28555,  45.13450,-100.49955,  52.97820,  11.00070,-124.79200,  23.43670,  93.48457,-109.74549,  12.83734,  66.49441,-144.23851,   7.03518,  41.88638,-177.84885,  27.19781,  95.58127, -96.76888,  32.55302, 111.56731, -90.51999,  37.23460, 123.05501, -87.53114,  44.97898, 140.43560, -85.46251,  46.34851, 144.41957, -84.90138,  47.30715, 148.50229, -84.21221,  44.22724, 134.19415, -83.87217,  47.59496, 131.14384, -68.42665,  53.98529, 121.03788, -43.10802,  57.42893, 114.06482, -18.29839,  60.55124, 113.90725, -17.55480,  64.10946, 113.42919, -16.10466,  66.29466, 112.23314, -15.08954,  60.64117, 114.97010, -16.07129,  63.83330, 115.28561, -11.49857,  66.18049, 114.08237,  -8.75475,  67.33401, 112.77818,  -7.47982,  59.54185, 114.88198, -15.39279,  62.06043, 115.14282, -10.56476,  63.74289, 113.40071,  -7.19107,  64.46378, 111.17728,  -6.04552,  58.68622, 114.82526, -15.02664,  60.21006, 115.04781, -10.37594,  61.15453, 113.50331,  -7.24230,  61.68198, 111.41381,  -5.95354,  57.58154, 114.64703, -14.75883,  58.31055, 114.78543, -10.31779,  58.61932, 113.64398,  -7.67201,  58.84214, 112.05628,  -6.78763,  41.03715, 136.14336, -88.30657,  31.17309, 140.52924,-100.25121,  22.64618, 144.05862,-126.68670,  18.06464, 149.28779,-151.73995,  20.54023, 150.31422,-153.51320,  23.11559, 151.47790,-156.16004,  24.70361, 151.46308,-158.33123,  19.89319, 151.88073,-154.19576,  20.70801, 154.93995,-158.79753,  21.67800, 155.68723,-162.40118,  22.23569, 155.40625,-164.46686,  18.61608, 151.78887,-154.38858,  18.71931, 154.72401,-158.98155,  18.85313, 155.08714,-163.11648,  19.14349, 153.83783,-165.38154,  17.69278, 151.65980,-154.40429,  16.98701, 154.21625,-158.52341,  16.55319, 154.44873,-162.10878,  16.59813, 153.32265,-164.35267,  16.59838, 151.31638,-154.31398,  15.27986, 153.49537,-158.02706,  14.46534, 153.69924,-160.80076,  14.38219, 152.75532,-162.36749
   5.75012,  22.87501,  88.38437, -98.35098,  25.16869,  83.34806, -88.84442,  46.68432,  45.14448, -99.24385,  50.10068,  10.91569,-123.44289,  20.58134,  93.42068,-107.85753,   8.80707,  66.24376,-141.81876,   2.16377,  41.55279,-175.21185,  24.62540,  95.55790, -94.97296,  30.04368, 111.57775, -88.86663,  34.73443, 123.09039, -85.99027,  42.43964, 140.50760, -84.09028,  43.80974, 144.49621, -83.56459,  44.78082, 148.58138, -82.90817,  41.75735, 134.26104, -82.48874,  45.61715, 131.24621, -67.15177,  52.89716, 121.12213, -42.08178,  57.20213, 114.20281, -17.39189,  60.34770, 114.06221, -16.74989,  63.95371, 113.60136, -15.41696,  66.17783, 112.41546, -14.47725,  60.47888, 115.12036, -15.26611,  63.81480, 115.43974, -10.79748,  66.25661, 114.24158,  -8.13522,  67.45864, 112.94016,  -6.90300,  59.40258, 115.02296, -14.55286,  62.07388, 115.28254,  -9.80756,  63.87494, 113.53913,  -6.49636,  64.64607, 111.31624,  -5.38293,  58.55956, 114.95958, -14.15955,  60.23118, 115.17526,  -9.55956,  61.28570, 113.62567,  -6.46377,  61.86728, 111.53498,  -5.20048,  57.46521, 114.77347, -13.85695,  58.33618, 114.90077,  -9.44122,  58.73713, 113.75195,  -6.81103,  58.99812, 112.16257,  -5.94022,  38.45210, 136.19828, -86.84333,  28.19378, 140.55498, -98.46211,  18.83144, 144.06374,-124.61617,  13.48001, 149.29467,-149.51596,  15.88043, 150.33294,-151.38319,  18.34671, 151.50731,-154.12740,  19.85174, 151.49803,-156.35695,  15.19824, 151.89402,-152.04361,  15.81958, 154.94903,-156.67825,  16.64820, 155.69512,-160.31726,  17.12930, 155.41348,-162.40201,  13.91537, 151.79382,-152.18793,  13.82675, 154.72035,-156.78670,  13.80218, 155.07603,-160.92437,  14.01473, 153.82401,-163.19657,  12.99296, 151.65897,-152.16855,  12.11621, 154.20273,-156.26260,  11.54596, 154.42534,-159.82945,  11.51329, 153.29507,-162.07145,  11.90494, 151.30893,-152.03640,  10.43357, 153.47224,-155.70091,   9.51371, 153.66549,-158.44224,   9.37745, 152.71793,-160.00306
   5.76678,  20.22451,  88.34278, -96.43578,  22.75663,  83.33859, -86.97288,  43.95614,  45.14518, -98.03758,  47.01743,  10.81556,-122.14113,  17.69240,  93.34697,-105.89868,   4.92338,  66.00159,-139.36159,  -2.81976,  41.16423,-172.40739,  22.01739,  95.53194, -93.11374,  27.48759, 111.59032, -87.15675,  32.17592, 123.13213, -84.39561,  39.82122, 140.59351, -82.66671,  41.18742, 144.58797, -82.17649,  42.16653, 148.67628, -81.55236,  39.21368, 134.34222, -81.05355,  43.50228, 131.36638, -65.82324,  51.76258, 121.22584, -41.06568,  56.92421, 114.35439, -16.52712,  60.09208, 114.23002, -16.00203,  63.74737, 113.78581, -14.80457,  66.01136, 112.60982, -13.95163,  60.27187, 115.28405, -14.52041,  63.76848, 115.60823, -10.17672,  66.31363, 114.41560,  -7.61049,  67.56769, 113.11717,  -6.42797,  59.22318, 115.17804, -13.76831,  62.06619, 115.43765,  -9.12385,  63.99808, 113.69393,  -5.88739,  64.82241, 111.47193,  -4.81091,  58.39562, 115.10847, -13.34440,  60.23453, 115.31883,  -8.80846,  61.41134, 113.76528,  -5.75907,  62.05103, 111.67390,  -4.52537,  57.31426, 114.91501, -13.00231,  58.34678, 115.03292,  -8.62128,  58.85102, 113.87785,  -6.01169,  59.15301, 112.28718,  -5.15664,  35.79525, 136.26214, -85.32769,  25.19931, 140.58438, -96.65263,  15.10618, 144.07008,-122.53658,   8.89434, 149.28857,-147.23841,  11.23199, 150.33005,-149.18194,  13.60779, 151.50541,-152.00443,  15.04304, 151.49518,-154.27952,  10.52402, 151.88686,-149.82511,  10.99041, 154.93100,-154.48501,  11.70317, 155.66977,-158.14996,  12.12047, 155.38397,-160.24785,   9.23767, 151.78172,-149.92932,   8.99602, 154.69497,-154.53103,   8.84197, 155.03893,-158.66689,   8.98854, 153.78129,-160.94120,   8.31680, 151.64367,-149.88100,   7.30442, 154.17280,-153.95277,   6.62313, 154.38335,-157.50082,   6.52510, 153.24668,-159.73767,   7.23466, 151.29017,-149.71425,   5.64265, 153.43795,-153.33722,   4.63760, 153.62024,-156.04925,   4.45647, 152.66782,-157.60252
   5.78345,  17.53501,  88.23775, -94.44344,  20.32909,  83.27351, -85.03337,  41.18325,  45.07744, -96.72734,  43.77276,  10.66626,-120.76980,  14.74093,  93.20199,-103.85351,   1.04399,  65.67868,-136.79961,  -7.90299,  40.65223,-169.39567,  19.36904,  95.44581, -91.18543,  24.88690, 111.55044, -85.39973,  29.56734, 123.12662, -82.77234,  37.14067, 140.63812, -81.24538,  38.49976, 144.63983, -80.79629,  39.48315, 148.73254, -80.20877,  36.61903, 134.38252, -79.61893,  41.32818, 131.45433, -64.50405,  50.43915, 121.30358, -40.05098,  56.54662, 114.48925, -15.71451,  59.73066, 114.37613, -15.29541,  63.42546, 113.94369, -14.22123,  65.72107, 112.77477, -13.44672,  59.95563, 115.42776, -13.81826,  63.59362, 115.75652,  -9.59262,  66.22732, 114.56847,  -7.11516,  67.52502, 113.27248,  -5.97791,  58.93297, 115.31610, -13.03192,  61.92798, 115.57710,  -8.48407,  63.97319, 113.83418,  -5.31757,  64.84140, 111.61317,  -4.27403,  58.12025, 115.24241, -12.58086,  60.10831, 115.45048,  -8.10816,  61.39191, 113.89517,  -5.10307,  62.08031, 111.80372,  -3.89598,  57.05162, 115.04402, -12.20340,  58.22894, 115.15681,  -7.85891,  58.82418, 113.99828,  -5.27010,  59.16055, 112.40701,  -4.42910,  33.07241, 136.28069, -83.79725,  22.14878, 140.55914, -94.82355,  11.32673, 144.01713,-120.41507,   4.35434, 149.21147,-144.91822,   6.62740, 150.25397,-146.93637,   8.91098, 151.42770,-149.83465,  10.27514, 151.41468,-152.15306,   5.89496, 151.80656,-147.56207,   6.20726, 154.83741,-152.24347,   6.80390, 155.56681,-155.93096,   7.15695, 155.27567,-158.03989,   4.60633, 151.69716,-147.62608,   4.21315, 154.59514,-152.22698,   3.93007, 154.92558,-156.35713,   4.01014, 153.66123,-158.63102,   3.68784, 151.55644,-147.54885,   2.54192, 154.06960,-151.59503,   1.75047, 154.26689,-155.12091,   1.58683, 153.12287,-157.35017,   2.61250, 151.20015,-147.34759,   0.90233, 153.33162,-150.92608,  -0.18676, 153.50227,-153.60623,  -0.41287, 152.54442,-155.15023
   5.80012,  14.80553,  88.16590, -92.38666,  17.82718,  83.23783, -83.02804,  38.32185,  45.03687, -95.32598,  40.39597,  10.59379,-119.37276,  11.78388,  93.09398,-101.74527,  -2.90695,  65.34795,-134.07052, -12.89081,  40.12950,-166.21438,  16.67187,  95.39079, -89.18476,  22.22376, 111.53733, -83.55037,  26.89172, 123.14509, -81.04285,  34.39327, 140.70255, -79.70050,  35.74462, 144.71121, -79.29192,  36.73092, 148.80872, -78.74401,  33.95020, 134.44385, -78.06269,  39.13069, 131.56928, -63.09240,  49.07089, 121.42768, -38.96067,  56.00233, 114.66785, -14.83061,  59.19879, 114.56184, -14.51767,  62.92823, 114.13781, -13.56696,  65.25092, 112.97414, -12.86903,  59.47048, 115.61438, -13.04905,  63.24634, 115.95231,  -8.94690,  65.96364, 114.77075,  -6.55820,  67.30131, 113.47793,  -5.46449,  58.47480, 115.50069, -12.22909,  61.61891, 115.76956,  -7.78349,  63.77220, 114.03202,  -4.68643,  64.67955, 111.81323,  -3.67190,  57.67771, 115.42535, -11.75122,  59.81304, 115.63905,  -7.34721,  61.19935, 114.08742,  -4.38617,  61.93215, 111.99783,  -3.20222,  56.62267, 115.22472, -11.33837,  57.94366, 115.34133,  -7.03548,  58.62727, 114.18484,  -4.46768,  58.99495, 112.59455,  -3.63800,  30.28995, 136.32036, -82.15186,  19.00431, 140.54667, -92.82812,   7.28194, 143.95275,-118.02702,  -0.43484, 149.11814,-142.31220,   1.76321, 150.16274,-144.41076,   3.94095, 151.33565,-147.38971,   5.22456, 151.32019,-149.75365,   1.00343, 151.71035,-145.01586,   1.14225, 154.72669,-149.71496,   1.60869, 155.44604,-153.42314,   1.89012, 155.14922,-155.54202,  -0.28618, 151.59571,-145.03512,  -0.84912, 154.47669,-149.62905,  -1.27550, 154.79218,-153.74804,  -1.26866, 153.52053,-156.01926,  -1.20090, 151.45167,-144.92585,  -2.49548, 153.94676,-148.93824,  -3.40860, 154.12913,-152.43540,  -3.64427, 152.97702,-154.65401,  -2.26723, 151.09186,-144.68654,  -4.10810, 153.20462,-148.21087,  -5.28946, 153.36204,-150.85246,  -5.56473, 152.39814,-152.38468
   5.81678,  12.03544,  88.11032, -90.24644,  15.27720,  83.22146, -80.94106,  35.36411,  45.03192, -93.92791,  36.76555,  10.63715,-118.09216,   8.79369,  92.99918, -99.55182,  -6.74137,  65.03273,-131.28703, -17.82384,  39.56786,-162.87174,  13.93168,  95.35267, -87.10206,  19.51281, 111.54208, -81.62170,  24.16511, 123.18183, -79.23636,  31.59114, 140.78480, -78.08355,  32.93297, 144.80054, -77.71494,  33.91914, 148.90289, -77.20434,  31.22791, 134.52367, -76.43544,  36.82497, 131.69799, -61.60646,  47.67777, 121.59018, -37.85675,  55.40073, 114.88464, -13.95295,  58.60668, 114.78261, -13.75798,  62.36914, 114.36424, -12.94480,  64.71732, 113.20427, -12.33109,  58.93116, 115.83796, -12.30214,  62.85541, 116.18698,  -8.34265,  65.66033, 115.01244,  -6.05387,  67.03891, 113.72293,  -5.00809,  57.96654, 115.72460, -11.44581,  61.27222, 116.00446,  -7.11969,  63.54028, 114.27454,  -4.10129,  64.48696, 112.05846,  -3.11723,  57.18771, 115.64921, -10.93873,  59.48382, 115.87275,  -6.61686,  60.98020, 114.32767,  -3.70640,  61.75856, 112.24090,  -2.54681,  56.14885, 115.44815, -10.48690,  57.62756, 115.57355,  -6.23588,  58.40675, 114.42218,  -3.69312,  58.80660, 112.83372,  -2.87492,  27.45375, 136.37747, -80.43033,  15.85424, 140.55328, -90.78523,   3.41340, 143.90692,-115.64440,  -5.12635, 149.03013,-139.66160,  -2.99665, 150.07839,-141.82771,  -0.91421, 151.25270,-144.87351,   0.29786, 151.23656,-147.27491,  -3.78062, 151.62141,-142.41336,  -3.79543, 154.62660,-147.12162,  -3.44355, 155.33862,-150.84383,  -3.22467, 155.03767,-152.96950,  -5.06975, 151.50151,-142.39359,  -5.78228, 154.36876,-146.97532,  -6.33349, 154.67228,-151.08038,  -6.38963, 153.39504,-153.34778,  -5.98017, 151.35404,-142.25655,  -7.40495, 153.83389,-146.23412,  -8.42345, 154.00388,-149.70268,  -8.72090, 152.84532,-151.91048,  -7.03734, 150.99051,-141.98446,  -8.99193, 153.08705,-145.45686, -10.25274, 153.23313,-148.06213, -10.56993, 152.26432,-149.58310
   5.83345,   9.22305,  88.02716, -88.01196,  12.71802,  83.18071, -78.77632,  32.44039,  45.01095, -92.36608,  33.03114,  10.67888,-116.65260,   5.72808,  92.87361, -97.24760, -10.63468,  64.66999,-128.35065, -22.98717,  38.89760,-159.20636,  11.15680,  95.28793, -84.93361,  16.77433, 111.52315, -79.62876,  21.40784, 123.19780, -77.38140,  28.74181, 140.85197, -76.44188,  30.07144, 144.87551, -76.11671,  31.05592, 148.98291, -75.64497,  28.46937, 134.58878, -74.78411,  34.48595, 131.81368, -60.11067,  46.13237, 121.75546, -36.71852,  54.71497, 115.11829, -13.09042,  57.92555, 115.01660, -12.99895,  61.71235, 114.60011, -12.30678,  64.07918, 113.44160, -11.76635,  58.29690, 116.07565, -11.55706,  62.34711, 116.43460,  -7.72744,  65.22460, 115.26578,  -5.52755,  66.63632, 113.97889,  -4.52359,  57.36048, 115.96454, -10.66971,  60.80429, 116.25530,  -6.45346,  63.16881, 114.53300,  -3.50556,  64.14689, 112.31940,  -2.54695,  56.59845, 115.89049, -10.13752,  59.03309, 116.12497,  -5.89274,  60.62284, 114.58727,  -3.02824,  61.43835, 112.50344,  -1.88907,  55.57475, 115.69064,  -9.65183,  57.19013, 115.82684,  -5.45118,  58.05116, 114.68195,  -2.93200,  58.47731, 113.09556,  -2.12309,  24.56942, 136.41567, -78.66906,  12.66052, 140.53679, -88.68926,  -0.49033, 143.82862,-113.18863,  -9.74874, 148.90796,-136.94746,  -7.68765, 149.95739,-139.17842,  -5.70031, 151.13043,-142.28757,  -4.55996, 151.11194,-144.72384,  -8.49366, 151.49639,-139.74438,  -8.65789, 154.48937,-144.45757,  -8.41891, 155.19290,-148.19034,  -8.26221, 154.88717,-150.32082,  -9.78124, 151.37245,-139.68606, -10.63868, 154.22560,-144.25174, -11.31241, 154.51679,-148.33937, -11.43164, 153.23353,-150.60093, -10.68671, 151.22245,-139.52170, -12.23690, 153.68751,-143.46138, -13.35840, 153.84532,-146.89861, -13.71745, 152.68012,-149.09372, -11.73416, 150.85627,-139.21746, -13.79769, 152.93764,-142.63553, -15.13570, 153.07300,-145.20259, -15.49473, 152.09926,-146.71107
   5.85012,   6.35075,  87.89140, -85.68834,  10.06543,  83.08322, -76.51868,  29.40930,  44.94500, -90.72695,  29.24135,  10.69952,-115.14198,   2.63607,  92.69958, -94.85799, -14.43656,  64.28735,-125.38428, -27.62304,  38.26069,-155.67627,   8.31742,  95.16825, -82.66938,  13.96606, 111.44312, -77.52139,  18.58172, 123.14785, -75.39708,  25.83164, 140.84579, -74.64812,  27.15022, 144.87613, -74.36485,  28.13353, 148.98834, -73.93437,  25.63942, 134.58149, -72.98332,  32.12615, 131.86928, -58.49967,  44.53658, 121.87954, -35.47389,  53.85624, 115.31007, -12.10755,  57.06815, 115.20953, -12.11508,  60.87467, 114.79569, -11.53931,  63.25749, 113.63908, -11.06972,  57.48348, 116.27186, -10.68768,  61.64992, 116.64043,  -6.98579,  64.59442, 115.47731,  -4.87329,  66.03695, 114.19304,  -3.91061,  56.57496, 116.16242,  -9.77158,  60.14726, 116.46347,  -5.66437,  62.60235, 114.74836,  -2.78716,  63.61038, 112.53716,  -1.85438,  55.82976, 116.08931,  -9.21594,  58.39428, 116.33384,  -5.04892,  60.07232, 114.80292,  -2.23154,  60.92339, 112.72184,  -1.11355,  54.82162, 115.89023,  -8.69842,  56.56594, 116.03614,  -4.54998,  57.50480, 114.89704,  -2.05611,  57.95632, 113.31257,  -1.25728,  21.62997, 136.38407, -76.76684,   9.38397, 140.43912, -86.40022,  -4.46624, 143.66581,-110.51992, -14.43511, 148.69616,-134.00007, -12.45250, 149.74451,-136.30154, -10.57329, 150.91382,-139.47859,  -9.51495, 150.89135,-141.95155, -13.28103, 151.27987,-136.84445, -13.61057, 154.25909,-141.55769, -13.49833, 154.95268,-145.29828, -13.41211, 154.64134,-147.43196, -14.56561, 151.15282,-136.74279, -15.58267, 153.99088,-141.28504, -16.39340, 154.26881,-145.34865, -16.58477, 152.97887,-147.60143, -15.46469, 151.00098,-136.54784, -17.15217, 153.45096,-140.44023, -18.38832, 153.59622,-143.83846, -18.81747, 152.42392,-146.01715, -16.50041, 150.63301,-136.20775, -18.68250, 152.69947,-139.56061, -20.10591, 152.82417,-142.08188, -20.51259, 151.84528,-143.57484
   5.86678,   3.41164,  87.82922, -83.27934,   7.34960,  83.05476, -74.18555,  26.23827,  44.96103, -89.10767,  25.30303,  10.83069,-113.66618,  -0.52633,  92.60369, -92.37312, -18.41165,  63.93002,-122.18118, -32.36261,  37.63316,-151.89179,   5.41989,  95.11972, -80.32130,  11.11058, 111.42937, -75.33214,  15.71025, 123.16204, -73.33087,  22.87120, 140.90320, -72.77247,  24.17786, 144.94003, -72.52941,  25.15918, 149.05650, -72.13672,  22.75923, 134.63849, -71.10185,  29.66383, 131.98756, -56.80118,  42.89912, 122.08794, -34.19976,  52.93484, 115.60662, -11.10697,  56.14486, 115.51194, -11.22242,  59.96937, 115.10597, -10.77443,  62.36881, 113.95446, -10.38353,  56.60598, 116.57727,  -9.81141,  60.89392, 116.95930,  -6.25237,  63.91001, 115.80489,  -4.23838,  65.38652, 114.52478,  -3.32285,  55.72900, 116.46762,  -8.86509,  59.43690, 116.78167,  -4.88088,  61.99062, 115.07559,  -2.08531,  63.03363, 112.86771,  -1.18363,  55.00306, 116.39402,  -8.28459,  57.70586, 116.64981,  -4.20659,  59.48062, 115.12640,  -1.44495,  60.37274, 113.04864,  -0.35309,  54.01329, 116.19391,  -7.73314,  55.89591, 116.34955,  -3.64597,  56.92029, 115.21610,  -1.18338,  57.40140, 113.63371,  -0.39780,  18.64320, 136.41568, -74.78151,   6.10753, 140.40732, -84.06234,  -8.43161, 143.56857,-107.78195, -19.18918, 148.54251,-130.92357, -17.27768, 149.58749,-133.28592, -15.49578, 150.75081,-136.52072, -14.51149, 150.72306,-139.02402, -18.12451, 151.12002,-133.80816, -18.59909, 154.08550,-138.51770, -18.59937, 154.76878,-142.26186, -18.57619, 154.45159,-144.39630, -19.40529, 150.99126,-133.66795, -20.56175, 153.81498,-138.18572, -21.49353, 154.08026,-142.22414, -21.74976, 152.78371,-144.46667, -20.29791, 150.83857,-133.44591, -22.10452, 153.27499,-137.29308, -23.44151, 153.40879,-140.65339, -23.93339, 152.22972,-142.81510, -21.32245, 150.46993,-133.07412, -23.60676, 152.52358,-136.36622, -25.10478, 152.63900,-138.84433, -25.55411, 151.65529,-140.32182
   5.88345,   0.40727,  87.68525, -80.76871,   4.60246,  82.94752, -71.77124,  23.06791,  44.91234, -87.35764,  21.29398,  10.90348,-112.03812,  -3.78792,  92.42297, -89.76617, -22.45784,  63.48673,-118.83009, -37.22637,  36.88395,-147.86555,   2.46816,  94.99010, -77.88317,   8.21475, 111.33592, -73.07993,  12.79957, 123.09765, -71.22014,  19.86100, 140.88412, -70.87775,  21.15373, 144.92785, -70.67880,  22.13136, 149.04880, -70.32590,  19.83758, 134.61979, -69.20214,  27.15679, 132.03449, -55.09699,  41.09751, 122.22427, -32.88403,  51.92080, 115.85244, -10.11878,  55.12642, 115.76776, -10.32710,  58.96355, 115.37404,  -9.98986,  61.37692, 114.23027,  -9.66804,  55.62484, 116.83536,  -8.93056,  60.01282, 117.23290,  -5.49739,  63.08959, 116.08913,  -3.57102,  64.59602, 114.81419,  -2.69799,  54.77599, 116.72351,  -7.95919,  58.59670, 117.05152,  -4.08418,  61.23566, 115.35508,  -1.36290,  62.31128, 113.15101,  -0.49071,  54.06739, 116.64798,  -7.35787,  56.88634, 116.91463,  -3.35998,  58.74511, 115.39841,  -0.65015,  59.67501, 113.32409,   0.41645,  53.09464, 116.44509,  -6.77789,  55.09433, 116.60903,  -2.74703,  56.19316, 115.48024,  -0.31458,  56.70179, 113.89983,   0.45752,  15.60478, 136.36877, -72.76086,   2.79142, 140.29435, -81.68374, -12.43299, 143.38025,-104.97955, -23.88419, 148.30129,-127.79738, -22.04683, 149.34738,-130.21737, -20.36524, 150.50961,-133.50581, -19.45547, 150.47980,-136.03712, -22.91361, 150.87620,-130.71727, -23.53689, 153.83057,-135.41645, -23.65026, 154.50618,-139.16029, -23.68933, 154.18471,-141.29385, -24.18926, 150.74375,-130.53892, -25.48799, 153.55464,-135.02593, -26.53985, 153.80876,-139.03548, -26.85829, 152.50685,-141.26689, -25.07443, 150.58874,-130.29022, -27.00192, 153.01168,-134.08691, -28.43830, 153.13446,-137.40638, -28.99028, 151.94946,-139.55026, -26.08633, 150.21769,-129.88752, -28.47365, 152.25751,-133.11449, -30.04480, 152.36321,-135.54733, -30.53459, 151.37509,-137.00893
   5.90012,  -2.66354,  87.46791, -78.17464,   1.76452,  82.76172, -69.27272,  19.77009,  44.77788, -85.50883,  17.31476,  10.84051,-110.22929,  -7.09160,  92.17410, -87.07655, -26.60108,  62.94706,-115.28548, -42.06467,  36.07927,-143.70862,  -0.55438,  94.78490, -75.35550,   5.24491, 111.16114, -70.72222,   9.81825, 122.94699, -68.99135,  16.79248, 140.77052, -68.84510,  18.07230, 144.82024, -68.68919,  19.04545, 148.94566, -68.37868,  16.84631, 134.50729, -67.16611,  24.62810, 131.99348, -53.29763,  39.25086, 122.27977, -31.48436,  50.76080, 116.01736,  -9.02766,  53.95940, 115.94405,  -9.32788,  57.80604, 115.56444,  -9.10068,  60.23178, 114.42966,  -8.84743,  54.49384, 117.01464,  -7.94705,  58.97712, 117.43096,  -4.64161,  62.11207, 116.29994,  -2.80352,  63.64756, 115.03120,  -1.97315,  53.67364, 116.90058,  -6.95162,  57.60284, 117.24569,  -3.18818,  60.32498, 115.56113,  -0.54251,  61.43319, 113.36170,   0.30010,  52.98288, 116.82302,  -6.33014,  55.91448, 117.10327,  -2.41506,  57.85578, 115.59610,   0.24143,  58.82344, 113.52607,   1.28246,  52.02793, 116.61713,  -5.72231,  54.14193, 116.79175,  -1.75066,  55.31424, 115.66903,   0.65009,  55.85057, 114.09113,   1.40847,  12.51185, 136.23162, -70.61273,  -0.60055, 140.08524, -79.12298, -16.58389, 143.07391,-101.91773, -28.71793, 147.93651,-124.39261, -26.96709, 148.98462,-126.87506, -25.40144, 150.14602,-130.22055, -24.57655, 150.11388,-132.78075, -27.85690, 150.50837,-127.34932, -28.64992, 153.44823,-132.03199, -28.89124, 154.11400,-135.77153, -29.00008, 153.78703,-137.90184, -29.12528, 150.37076,-127.12816, -30.58565, 153.16471,-131.57589, -31.77190, 153.40421,-135.54865, -32.15884, 152.09534,-137.76512, -30.00095, 150.21249,-126.84968, -32.06494, 152.61745,-130.58556, -33.61187, 152.72564,-133.85549, -34.22981, 151.53288,-135.97695, -30.99717, 149.83800,-126.41254, -33.50000, 151.85926,-129.56276, -35.15195, 151.95199,-131.94202, -35.68584, 150.95808,-133.38412
   5.91679,  -5.79806,  87.21509, -75.48831,  -1.14611,  82.54438, -66.68241,  16.31862,  44.61588, -83.62337,  13.16710,  10.77219,-108.39326, -10.45001,  91.88579, -84.29421, -30.66151,  62.39512,-111.72375, -46.79474,  35.27076,-139.52417,  -3.64176,  94.54510, -72.73955,   2.21131, 110.95143, -68.28375,   6.77669, 122.75917, -66.68616,  13.67314, 140.61346, -66.74042,  14.94081, 144.66841, -66.62686,  15.90853, 148.79791, -66.35617,  13.79961, 134.35205, -65.05851,  21.98743, 131.89782, -51.41497,  37.27827, 122.28415, -30.01947,  49.46105, 116.13239,  -7.88949,  52.64844, 116.06924,  -8.29341,  56.50170, 115.70295,  -8.19072,  58.93825, 114.57678,  -8.01447,  53.22383, 117.14418,  -6.93256,  57.81073, 117.58168,  -3.77536,  61.00761, 116.46461,  -2.03818,  62.57359, 115.20257,  -1.25594,  52.43681, 117.02922,  -5.91080,  56.48505, 117.39452,  -2.27770,  59.29749, 115.72402,   0.28103,  60.44000, 113.52990,   1.09102,  51.76689, 116.95051,  -5.26705,  54.82322, 117.24788,  -1.44984,  56.85497, 115.75218,   1.14477,  57.86301, 113.68735,   2.15742,  50.83290, 116.74255,  -4.62814,  53.07428, 116.93165,  -0.72763,  54.32782, 115.81735,   1.63571,  54.89389, 114.24267,   2.37901,   9.36700, 136.05408, -68.38944,  -3.99807, 139.84833, -76.52507, -20.64657, 142.73622, -98.85190, -33.53350, 147.51609,-120.92179, -31.86212, 148.56801,-123.45685, -30.40194, 149.73058,-126.84929, -29.65294, 149.69749,-129.43270, -32.77326, 150.08634,-123.90738, -33.71920, 153.01291,-128.56994, -34.07432, 153.67004,-132.30193, -34.24442, 153.33831,-134.42748, -34.03383, 149.94283,-123.64856, -35.63914, 152.72062,-128.05628, -36.94350, 152.94630,-131.99267, -37.38916, 151.63112,-134.19433, -34.90008, 149.78074,-123.34402, -37.08573, 152.16794,-127.02164, -38.72917, 152.26190,-130.24460, -39.40350, 151.06186,-132.34467, -35.88104, 149.40215,-122.87693, -38.48608, 151.40460,-125.95547, -40.20808, 151.48435,-128.28501, -40.77933, 150.48493,-129.70887
   5.93345,  -8.98538,  86.89046, -72.70766,  -4.08415,  82.26116, -64.01585,  12.86812,  44.38179, -81.57597,   8.92910,  10.62593,-106.35299, -13.88661,  91.51976, -81.39947, -34.94159,  61.70158,-107.82197, -51.79684,  34.29695,-134.91001,  -6.78035,  94.23556, -70.03902,  -0.87141, 110.67571, -65.78619,   3.68507, 122.50657, -64.34163,  10.49767, 140.39085, -64.62559,  11.75222, 144.45091, -64.55868,  12.71389, 148.58434, -64.32972,  10.70271, 134.13225, -62.94098,  19.29282, 131.73060, -49.53754,  35.24497, 122.21806, -28.58425,  48.17386, 116.18848,  -6.84746,  51.34994, 116.13047,  -7.33290,  55.20529, 115.77174,  -7.32832,  57.64776, 114.65060,  -7.21217,  51.95796, 117.20958,  -5.98964,  56.62350, 117.66292,  -2.95216,  59.86607, 116.55585,  -1.29513,  61.45408, 115.29856,  -0.55055,  51.19764, 117.09543,  -4.94776,  55.33705, 117.47662,  -1.42056,  58.21747, 115.81725,   1.06882,  59.38468, 113.62714,   1.85408,  50.54461, 117.01689,  -4.28687,  53.69729, 117.32869,  -0.55002,  55.79787, 115.84271,   1.99490,  56.83560, 113.78209,   2.98590,  49.62773, 116.80860,  -3.62374,  51.96808, 117.01077,   0.21754,  53.28402, 115.90419,   2.55038,  53.87206, 114.33227,   3.28239,   6.16377, 135.81049, -66.13810,  -7.44195, 139.54851, -73.89189, -24.81818, 142.31549, -95.67286, -38.36002, 147.00658,-117.36646, -36.76747, 148.05323,-119.95390, -35.41169, 149.20649,-123.39254, -34.73924, 149.16526,-125.99681, -37.69614, 149.56708,-120.38325, -38.78831, 152.47219,-125.02723, -39.25552, 153.11334,-128.74963, -39.48733, 152.77261,-130.86792, -38.94807, 149.42092,-120.08673, -40.69134, 152.17634,-124.45591, -42.11210, 152.38245,-128.35288, -42.61861, 151.05717,-130.53525, -39.80444, 149.25751,-119.75609, -42.10504, 151.62357,-123.37682, -43.84325, 151.69983,-126.55014, -44.57568, 150.48942,-128.62465, -40.77002, 148.87792,-119.25873, -43.47095, 150.86041,-122.26675, -45.26126, 150.92580,-124.54467, -45.87128, 149.91902,-125.94711
   5.95012, -12.22063,  86.47529, -69.84242,  -7.09898,  81.88516, -61.25759,   9.33111,  44.05163, -79.40310,   4.65120,  10.37522,-104.15938, -17.34229,  91.06542, -78.42726, -39.11308,  60.96493,-103.93367, -56.58775,  33.32171,-130.37915,  -9.97547,  93.83448, -67.24707,  -4.02285, 110.30524, -63.17756,   0.52279, 122.15609, -61.86909,   7.25870, 140.06510, -62.35348,   8.50127, 144.12933, -62.33079,   9.45769, 148.26618, -62.14572,   7.53220, 133.80913, -60.66884,  16.56335, 131.46628, -47.54788,  33.17498, 122.04875, -27.06951,  46.75676, 116.12194,  -5.70580,  49.92325, 116.06383,  -6.25033,  53.77815, 115.70648,  -6.31683,  56.22282, 114.58652,  -6.24346,  50.55581, 117.14658,  -4.92141,  55.27707, 117.60935,  -1.97275,  58.55047, 116.50767,  -0.37376,  60.15262, 115.25284,   0.34424,  49.81513, 117.03482,  -3.86523,  54.01953, 117.42650,  -0.41693,  56.94661, 115.77452,   2.02245,  58.12917, 113.58683,   2.79134,  49.17459, 116.95774,  -3.19205,  52.39637, 117.28021,   0.48446,  54.54471, 115.80148,   2.99348,  55.60160, 113.74377,   3.97018,  48.27034, 116.75082,  -2.51138,  50.68192, 116.96363,   1.28498,  52.04166, 115.86348,   3.59566,  52.64390, 114.29365,   4.32056,   2.90283, 135.46713, -63.74456, -10.95991, 139.13892, -71.06249, -29.03776, 141.78062, -92.28071, -43.21935, 146.36886,-113.58400, -41.71479, 147.40126,-116.22919, -40.47526, 148.53494,-119.71784, -39.88973, 148.47861,-122.34274, -42.65877, 148.91173,-116.63646, -43.90772, 151.78796,-121.25885, -44.49909, 152.40634,-124.96743, -44.80085, 152.05269,-127.07475, -43.90000, 148.76632,-116.29760, -45.79040, 151.49398,-120.62281, -47.34014, 151.67548,-124.47154, -47.91757, 150.33669,-126.62789, -44.74474, 148.60419,-115.93770, -47.16687, 150.94654,-119.49401, -49.00970, 151.00228,-122.60818, -49.80945, 149.77882,-124.64991, -45.69286, 148.22680,-115.40625, -48.49433, 150.18894,-118.33459, -50.35945, 150.23915,-120.55207, -51.01473, 149.22346,-121.92740
   5.96679, -15.49917,  86.11008, -66.89201, -10.15379,  81.55889, -58.42362,   5.63277,  43.77065, -77.22300,   0.20326,  10.16107,-101.91697, -20.84456,  90.66128, -75.36039, -43.23524,  60.32661,-100.03931, -61.31145,  32.46029,-125.83842, -13.21954,  93.48355, -64.36820,  -7.23231, 109.98554, -60.48000,  -2.70157, 121.85628, -59.30717,   3.95386, 139.78885, -59.99099,   5.18419, 143.85682, -60.01073,   6.13556, 147.99645, -59.86610,   4.29541, 133.53574, -58.30815,  13.70897, 131.24712, -45.44902,  31.04998, 121.92699, -25.53861,  45.28549, 116.10780,  -4.57466,  48.43238, 116.05856,  -5.22366,  52.28408, 115.71313,  -5.41718,  54.73338, 114.60093,  -5.42287,  49.10515, 117.14574,  -3.91831,  53.91997, 117.62869,  -1.12846,  57.24802, 116.54019,   0.36316,  58.87704, 115.29170,   1.02988,  48.40021, 117.03362,  -2.83798,  52.71523, 117.44479,   0.46848,  55.72673, 115.80647,   2.81245,  56.94105, 113.62391,   3.54557,  47.78256, 116.95579,  -2.14383,  51.12329, 117.29511,   1.42339,  53.35823, 115.82773,   3.86245,  54.45342, 113.77514,   4.80719,  46.90201, 116.74730,  -1.43323,  49.43730, 116.97466,   2.28081,  50.87630, 115.88304,   4.54709,  51.50721, 114.31643,   5.25438,  -0.42128, 135.17374, -61.25940, -14.49968, 138.78277, -68.18640, -33.17904, 141.31925, -88.89021, -48.05957, 145.79711,-109.73532, -46.63229, 146.80832,-112.43104, -45.49473, 147.91540,-115.96271, -44.98720, 147.83970,-118.60331, -47.58550, 148.31760,-112.82082, -48.96610, 151.16375,-117.42435, -49.66596, 151.75730,-121.11806, -50.03050, 151.38950,-123.21301, -48.81639, 148.17679,-112.44439, -50.82960, 150.87760,-116.73085, -52.49226, 151.03503,-120.53324, -53.13536, 149.68227,-122.66211, -49.65037, 148.01870,-112.05853, -52.17294, 150.34052,-115.55802, -54.10702, 150.37785,-118.61663, -54.96877, 149.14161,-120.62517, -50.58295, 147.64673,-111.49663, -53.46672, 149.59342,-114.35454, -55.39655, 149.63151,-116.51619, -56.09385, 148.60742,-117.86437
   5.98345, -18.53709,  85.85373, -63.91485, -12.93766,  81.34421, -55.58956,   2.26578,  43.59355, -74.93709,  -3.70902,  10.15295, -99.73434, -24.13653,  90.36325, -72.24015, -47.12674,  59.81421, -96.08947, -65.86843,  31.71160,-121.14676, -16.21828,  93.24233, -61.47229, -10.19539, 109.77797, -57.78748,  -5.68629, 121.67078, -56.76448,   0.86821, 139.63091, -57.66554,   2.08322, 143.70302, -57.73051,   3.02813, 147.84537, -57.62791,   1.28761, 133.38096, -55.98858,  11.06906, 131.14984, -43.39670,  29.04556, 121.90837, -24.02042,  44.01235, 116.21169,  -3.53767,  47.13889, 116.17357,  -4.27918,  50.98446, 115.84220,  -4.58601,  53.43665, 114.73905,  -4.66323,  47.84584, 117.26422,  -2.99497,  52.73903, 117.76707,  -0.34868,  56.11364, 116.69200,   1.04483,  57.76625, 115.45005,   1.66403,  47.17349, 117.15033,  -1.89424,  51.58260, 117.57996,   1.28322,  54.66799, 115.95456,   3.53841,  55.91150, 113.77705,   4.23683,  46.57687, 117.07075,  -1.18212,  50.02009, 117.42513,   2.28478,  52.33143, 115.96788,   4.65782,  53.46162, 113.92007,   5.57119,  45.71845, 116.85956,  -0.44571,  48.36133, 117.09912,   3.19177,  49.87059, 116.01455,   5.41534,  50.52789, 114.45083,   6.10474,  -3.52362, 134.99594, -58.79640, -17.80513, 138.53667, -65.33182, -37.06875, 140.96681, -85.50625, -52.47972, 145.36057,-105.98055, -51.13020, 146.35469,-108.72227, -50.09440, 147.44019,-112.29176, -49.66365, 147.34874,-114.94547, -52.09293, 147.86274,-109.09302, -53.60369, 150.68382,-113.67102, -54.40970, 151.25684,-117.34630, -54.83511, 150.87737,-119.42764, -53.31252, 147.72543,-108.68028, -55.44658, 150.40368,-112.92221, -57.21854, 150.54101,-116.67570, -57.92427, 149.17670,-118.77718, -54.13512, 147.57046,-108.26952, -56.75587, 149.87482,-111.70787, -58.77770, 149.89662,-114.70935, -59.69841, 148.64977,-116.68490, -55.05136, 147.20274,-107.67871, -58.01493, 149.13606,-110.46313, -60.00653, 149.16378,-112.56817, -60.74353, 148.13270,-113.88963
   6.00012, -21.16091,  85.62077, -61.11377, -15.33194,  81.14696, -52.92792,  -0.74364,  43.43599, -72.81882,  -7.08592,  10.11783, -97.68951, -26.98988,  90.09457, -69.29963, -50.48592,  59.36499, -92.41266, -69.80976,  31.06546,-116.79712, -18.81040,  93.02249, -58.74226, -12.76187, 109.58782, -55.23723,  -8.27598, 121.50011, -54.34745,  -1.81759, 139.48430, -55.44181,  -0.61852, 143.56020, -55.55064,   0.31756, 147.70543, -55.49315,  -1.32825, 133.23741, -53.77243,   8.85398, 131.07330, -41.49038,  27.52334, 121.90726, -22.74369,  43.13687, 116.32131,  -2.71833,  46.23974, 116.29503,  -3.55383,  50.07559, 115.97865,  -3.97637,  52.52869, 114.88515,  -4.12689,  46.98077, 117.38937,  -2.29217,  51.94955, 117.91344,   0.20496,  55.36891, 116.85271,   1.49664,  57.04437, 115.61774,   2.06641,  46.34240, 117.27360,  -1.17159,  50.84364, 117.72291,   1.87112,  54.00210, 116.11132,   4.03314,  55.27476, 113.93924,   4.69499,  45.76786, 117.19217,  -0.44174,  49.31268, 117.56261,   2.91947,  51.70034, 116.11619,   5.22253,  52.86571, 114.07351,   6.10259,  44.93289, 116.97811,   0.32036,  47.68335, 117.23069,   3.87629,  49.26331, 116.15367,   6.05393,  49.94733, 114.59304,   6.72411,  -6.22110, 134.83169, -56.44794, -20.71746, 138.29355, -62.53735, -40.62195, 140.59694, -82.09510, -56.61661, 144.91509,-102.13318, -55.35756, 145.89909,-104.92121, -54.43887, 146.97042,-108.52684, -54.09365, 146.86799,-111.19263, -56.33399, 147.40419,-105.26726, -57.99561, 150.20322,-109.80636, -58.92040, 150.75912,-113.45621, -59.41203, 150.36999,-115.52112, -57.53946, 147.26702,-104.81487, -59.81301, 149.92384,-108.99738, -61.70511, 150.04238,-112.69242, -62.47609, 148.66797,-114.76418, -58.34817, 147.11272,-104.37717, -61.08173, 149.39849,-107.73925, -63.19919, 149.40445,-110.67413, -64.18115, 148.14775,-112.61360, -59.24437, 146.74634,-103.75557, -62.29895, 148.66345,-106.45143, -64.35733, 148.67929,-108.49133, -65.13494, 147.64145,-109.78392
   6.01679, -23.32601,  85.45303, -58.51329, -17.26514,  81.01515, -50.47768,  -3.40360,  43.35319, -70.97204, -10.15494,  10.13062, -95.86292, -29.38687,  89.89092, -66.54891, -53.42196,  58.98262, -88.85530, -73.33071,  30.50864,-112.55655, -20.94383,  92.86774, -56.21508, -14.87327, 109.46251, -52.89207, -10.41516, 121.39434, -52.13435,  -4.06168, 139.40349, -53.41628,  -2.88070, 143.48334, -53.56670,  -1.95593, 147.63148, -53.55090,  -3.50114, 133.15956, -51.75822,   7.02674, 131.05609, -39.76034,  26.36485, 121.94591, -21.67604,  42.61929, 116.45643,  -2.13995,  45.68777, 116.43994,  -3.09427,  49.50569, 116.13707,  -3.66355,  51.95537, 115.05248,  -3.90612,  46.47261, 117.53994,  -1.86441,  51.53179, 118.08838,   0.43839,  55.00242, 117.04348,   1.59967,  56.70332, 115.81612,   2.10711,  45.87831, 117.42430,  -0.71983,  50.49160, 117.89746,   2.14631,  53.73715, 116.30269,   4.18849,  55.04271, 114.13694,   4.80544,  45.33262, 117.34236,   0.03177,  49.00277, 117.73377,   3.25317,  51.48290, 116.30160,   5.46563,  52.68915, 114.26532,   6.30449,  44.52844, 117.12688,   0.82591,  47.41279, 117.39789,   4.27274,  49.07956, 116.33177,   6.39020,  49.79488, 114.77526,   7.03684,  -8.47281, 134.73278, -54.29742, -23.14876, 138.12247, -59.98393, -43.60672, 140.30408, -78.97636, -60.23754, 144.54203, -98.50725, -59.06215, 145.52599,-101.33158, -58.25051, 146.59432,-104.96369, -57.98054, 146.48829,-107.63801, -60.05432, 147.02637,-101.65248, -61.85566, 149.80989,-106.14761, -62.88583, 150.35505,-109.77075, -63.43414, 149.95999,-111.82021, -61.24590, 146.88504,-101.16586, -63.64821, 149.52448,-105.28695, -65.64474, 149.62819,-108.92708, -66.46832, 148.24667,-110.97372, -62.04123, 146.72821,-100.70514, -64.87855, 148.99625,-103.99243, -67.07833, 148.98787,-106.86612, -68.10955, 147.72343,-108.77475, -62.91790, 146.35927,-100.05774, -66.05569, 148.25859,-102.66933, -68.17109, 148.26201,-104.65010, -68.98065, 147.21852,-105.91828
   6.03345, -24.79634,  85.36858, -56.23618, -18.47639,  80.97108, -48.37996,  -5.28666,  43.34959, -69.38563, -12.55007,  10.27399, -94.32803, -31.11629,  89.76608, -64.09240, -55.67133,  58.70260, -85.60272, -76.21968,  30.04827,-108.52803, -22.37725,  92.79747, -54.02392, -16.28257, 109.42399, -50.91039, -11.85821, 121.37690, -50.30177,  -5.62859, 139.41327, -51.79202,  -4.47029, 143.49772, -51.98736,  -3.56177, 147.64938, -52.01523,  -4.98823, 133.17292, -50.14951,   5.87982, 131.13061, -38.44804,  25.79031, 122.05034, -20.98032,  42.75151, 116.64680,  -2.02988,  45.77659, 116.63888,  -3.11402,  49.56794, 116.34850,  -3.84460,  52.00920, 115.27230,  -4.18829,  46.60888, 117.74541,  -1.92179,  51.75943, 118.31942,   0.16183,  55.28035, 117.29084,   1.17710,  57.00601, 116.07131,   1.61504,  46.06433, 117.63095,  -0.75261,  50.79367, 118.12969,   1.91304,  54.12935, 116.55301,   3.81953,  55.46830, 114.39394,   4.38634,  45.55147, 117.54920,   0.02178,  49.35398, 117.96374,   3.08279,  51.93157, 116.54731,   5.19156,  53.18025, 114.51802,   5.98394,  44.78268, 117.33308,   0.85007,  47.81016, 117.62497,   4.17010,  49.56969, 116.57130,   6.21759,  50.31787, 115.01937,   6.83751, -10.04448, 134.72250, -52.53135, -24.88941, 138.03741, -57.80860, -45.88580, 140.08223, -76.21974, -63.06266, 144.25006, -95.28764, -61.97329, 145.23753, -98.14504, -61.27079, 146.30621,-101.79973, -61.07569, 146.19848,-104.48049, -62.98310, 146.73156, -98.43943, -64.92711, 149.49874,-102.88494, -66.06227, 150.03326,-106.47818, -66.66575, 149.63241,-108.51093, -64.15961, 146.58373, -97.91926, -66.69294, 149.20370,-101.97377, -68.79188, 149.29100,-105.55627, -69.66453, 147.90206,-107.57740, -64.94068, 146.42272, -97.43613, -67.88311, 148.66973,-100.64451, -70.16293, 148.64467,-103.45502, -71.23995, 147.37175,-105.33247, -65.79652, 146.04936, -96.76388, -69.01802, 147.92669, -99.28796, -71.18841, 147.91505,-101.20829, -72.02712, 146.86518,-102.45204
   6.05012, -25.56850,  85.23778, -54.33184, -19.02685,  80.87478, -46.63956,  -6.53091,  43.29579, -68.13968, -14.19891,  10.35784, -93.14304, -32.11014,  89.60078, -62.02412, -57.22374,  58.36156, -82.61544, -78.32377,  29.56247,-104.84776, -23.11717,  92.67850, -52.19617, -17.00407, 109.33181, -49.26741, -12.61308, 121.30295, -48.78918,  -6.49989, 139.36321, -50.46105,  -5.36474, 143.45188, -50.69919,  -4.47517, 147.60709, -50.77289,  -5.78847, 133.12615, -48.83537,   5.45835, 131.14927, -37.48587,  25.91683, 122.05539, -20.67064,  43.49263, 116.70151,  -2.27425,  46.48091, 116.69216,  -3.45604,  50.24688, 116.40269,  -4.30814,  52.67700, 115.32764,  -4.72633,  47.35014, 117.80472,  -2.29623,  52.56493, 118.39328,  -0.38350,  56.11822, 117.37288,   0.52127,  57.85868, 116.15711,   0.90815,  46.84398, 117.69474,  -1.10950,  51.65679, 118.21009,   1.39896,  55.05455, 116.64526,   3.20284,  56.41382, 114.49011,   3.73511,  46.35664, 117.61579,  -0.31851,  50.25605, 118.04766,   2.61555,  52.90249, 116.64314,   4.64554,  54.17871, 114.61863,   5.40564,  45.61542, 117.40243,   0.53523,  48.74878, 117.71193,   3.75388,  50.57516, 116.66902,   5.74764,  51.34496, 115.12060,   6.34958, -10.91628, 134.65467, -51.07348, -25.93916, 137.88281, -55.87994, -47.52071, 139.75638, -73.62048, -65.21830, 143.84453, -92.22376, -64.22462, 144.83106, -95.11615, -63.64303, 145.89457, -98.79353, -63.53126, 145.78124,-101.47881, -65.25183, 146.31852, -95.38228, -67.35006, 149.06328, -99.77122, -68.60015, 149.58223,-103.32841, -69.26458, 149.17280,-105.34034, -66.41062, 146.16522, -94.82520, -69.08477, 148.76038, -98.80455, -71.29522, 148.82659,-102.31979, -72.22256, 147.42758,-104.30938, -67.17524, 146.00094, -94.31749, -70.22964, 148.22291, -97.43745, -72.59608, 148.17767,-100.17517, -73.72386, 146.89386,-102.01502, -68.00744, 145.62436, -93.61791, -71.31722, 147.47677, -96.04432, -73.54651, 147.44781, -97.89575, -74.41758, 146.39001, -99.11019
   6.06679, -25.83520,  85.03796, -52.79411, -19.07457,  80.70747, -45.27474,  -7.38485,  43.17009, -67.29471, -15.79085,  10.26503, -92.10340, -32.59582,  89.36844, -60.31347, -58.11925,  57.99269, -80.18055, -79.74614,  29.06340,-101.72699, -23.34984,  92.48957, -50.73722, -17.21789, 109.16756, -47.99414, -12.86195, 121.15591, -47.64367,  -6.86984, 139.23981, -49.48941,  -5.75857, 143.33252, -49.76743,  -4.88852, 147.49091, -49.88274,  -6.08808, 133.00591, -47.88400,   5.44805, 131.07979, -36.81974,  26.49307, 121.90852, -20.78868,  44.67322, 116.55325,  -2.98971,  47.61660, 116.54278,  -4.27927,  51.34956, 116.25473,  -5.26641,  53.76452, 115.18117,  -5.76795,  48.52569, 117.66164,  -3.15668,  53.80564, 118.26578,  -1.43731,  57.39101, 117.25425,  -0.65785,  59.14623, 116.04259,  -0.32918,  48.06316, 117.55620,  -1.95187,  52.96315, 118.08920,   0.37775,  56.42659, 116.53700,   2.06376,  57.80760, 114.38608,   2.55566,  47.60500, 117.48007,  -1.14336,  51.60779, 117.93022,   1.64514,  54.32839, 116.53830,   3.58372,  55.63448, 114.51891,   4.30574,  46.89562, 117.26947,  -0.26232,  50.14339, 117.59745,   2.83895,  52.04260, 116.56585,   4.76954,  52.83614, 115.02115,   5.34985, -11.28318, 134.51377, -49.97619, -26.45294, 137.66341, -54.35432, -48.53524, 139.37212, -71.48478, -66.84737, 143.34750, -89.50871, -65.93705, 144.32664, -92.43090, -65.46049, 145.37834, -96.12673, -65.42204, 145.25528, -98.81364, -66.97660, 145.80943, -92.67418, -69.20448, 148.53017, -97.01389, -70.55362, 149.03127,-100.53730, -71.27152, 148.61191,-102.52871, -68.11909, 145.65413, -92.08493, -70.91090, 148.22477, -95.99885, -73.21721, 148.26989, -99.45230, -74.19370, 146.86012,-101.41052, -68.86888, 145.48905, -91.55582, -72.01585, 147.68840, -94.59887, -74.45635, 147.62446, -97.27039, -75.62951, 146.32973, -99.07385, -69.68020, 145.11216, -90.83228, -73.06205, 146.94366, -93.17367, -75.34120, 146.89982, -94.96307, -76.24140, 145.83437, -96.14924
   6.08346, -25.76979,  84.83398, -51.40647, -18.77396,  80.53549, -44.08654,  -7.81407,  43.03000, -66.53208, -17.16524,  10.20907, -91.11293, -32.76562,  89.13246, -58.72640, -58.85441,  57.56338, -77.52406, -81.04905,  28.49555, -98.29265, -23.24585,  92.29614, -49.43665, -17.09524, 108.99923, -46.89556, -12.78301, 121.00659, -46.68184,  -6.93687, 139.11845, -48.71225,  -5.85386, 143.21578, -49.03091,  -5.00643, 147.37751, -49.18682,  -6.07524, 132.88793, -47.13488,   5.79431, 131.01438, -36.41976,  27.33384, 121.71676, -21.13570,  46.17639, 116.28502,  -4.06366,  49.07650, 116.27303,  -5.44776,  52.77587, 115.98526,  -6.55422,  55.17450, 114.91236,  -7.13004,  50.02024, 117.39659,  -4.35896,  55.35240, 118.01173,  -2.81343,  58.96221, 117.00636,  -2.14701,  60.72847, 115.79754,  -1.87124,  49.59705, 117.29480,  -3.13946,  54.56928, 117.84051,  -0.97146,  58.08716, 116.29744,   0.60679,  59.48570, 114.14956,   1.06099,  49.16538, 117.22098,  -2.31629,  53.25582, 117.68452,   0.33966,  56.03924, 116.30186,   2.19385,  57.37021, 114.28622,   2.88003,  48.48512, 117.01268,  -1.41206,  51.83118, 117.35439,   1.58136,  53.79300, 116.33122,   3.45293,  54.60657, 114.78928,   4.01246, -11.34162, 134.37210, -49.05907, -26.64661, 137.43528, -53.00674, -49.20834, 138.95599, -69.51903, -67.97592, 142.82802, -87.09131, -67.14331, 143.78822, -90.04281, -66.76466, 144.81553, -93.75679, -66.79656, 144.67457, -96.44290, -68.19009, 145.26869, -90.26862, -70.53318, 147.95898, -94.56643, -71.97463, 148.43570, -98.05651, -72.74414, 148.00260,-100.02558, -69.31662, 145.11659, -89.64859, -72.21216, 147.65927, -93.50499, -74.60825, 147.67987, -96.89700, -75.63458, 146.25644, -98.81952, -70.05214, 144.95457, -89.09891, -73.27959, 147.13156, -92.07298, -75.78923, 147.04822, -94.67911, -77.00821, 145.74074, -96.44253, -70.84391, 144.58200, -88.35186, -74.28746, 146.39568, -90.61591, -76.61270, 146.33844, -92.34461, -77.54282, 145.26452, -93.49965
   6.10012, -25.45145,  84.63454, -50.15780, -18.25415,  80.35991, -43.02153,  -8.01421,  42.87977, -65.84621, -18.29827,  10.11444, -90.12679, -32.64875,  88.90918, -57.29408, -59.22762,  57.17795, -75.10633, -81.90092,  27.98797, -95.17477, -22.89164,  92.10443, -48.26504, -16.72125, 108.82654, -45.90334, -12.44644, 120.84883, -45.81186,  -6.73049, 138.98276, -48.00908,  -5.67581, 143.08424, -48.36695,  -4.85495, 147.24951, -48.56484,  -5.80015, 132.75582, -46.45679,   6.42889, 130.94591, -36.14248,  28.43166, 121.41222, -21.68610,  47.84540, 115.84389,  -5.31233,  50.69776, 115.82801,  -6.79231,  54.35806, 115.53641,  -8.02096,  56.73567, 114.46128,  -8.67454,  51.67777, 116.95296,  -5.73754,  57.05877, 117.56801,  -4.37167,  60.68833, 116.56193,  -3.82418,  62.46224, 115.35267,  -3.60533,  51.29542, 116.85350,  -4.50443,  56.33741, 117.40038,  -2.50432,  59.90523, 115.85823,  -1.04152,  61.31715, 113.71041,  -0.63044,  50.89140, 116.78132,  -3.66720,  55.06831, 117.24734,  -1.14988,  57.91135, 115.86645,   0.61291,  59.26353, 113.85131,   1.25786,  50.24156, 116.57494,  -2.74043,  53.68570, 116.92009,   0.13918,  55.70835, 115.89915,   1.94611,  56.53941, 114.35775,   2.48090, -11.12504, 134.21945, -48.22972, -26.56589, 137.17560, -51.70125, -49.64638, 138.43062, -67.50364, -68.81920, 142.17284, -84.66170, -68.06851, 143.10377, -87.64438, -67.79278, 144.09486, -91.37722, -67.89954, 143.92800, -94.05992, -69.12028, 144.58290, -87.85527, -71.58051, 147.23361, -92.11203, -73.11828, 147.67787, -95.56508, -73.94257, 147.22645, -97.50769, -70.22920, 144.43777, -87.20270, -73.22946, 146.94562, -91.00142, -75.71904, 146.93555, -94.32546, -76.79935, 145.49452, -96.20481, -70.94923, 144.28171, -86.63121, -74.25692, 146.43268, -89.53521, -76.83820, 146.32637, -92.06955, -78.10659, 145.00298, -93.78564, -71.72011, 143.91704, -85.85884, -75.22428, 145.71177, -88.04361, -77.59678, 145.63987, -89.70628, -78.55934, 144.55565, -90.82455
   6.11679, -24.90641,  84.43996, -48.98941, -17.51521,  80.18316, -42.04320,  -8.09494,  42.73549, -65.27065, -19.24871,   9.97911, -89.17647, -32.29762,  88.69675, -55.93561, -59.28708,  56.82826, -72.86344, -82.42933,  27.52214, -92.21450, -22.31149,  91.91576, -47.16923, -16.12089, 108.65387, -44.97999, -11.88262, 120.68939, -45.00837,  -6.29677, 138.84293, -47.37204,  -5.26860, 142.94791, -47.76512,  -4.47082, 147.11594, -47.99657,  -5.30030, 132.61997, -45.84501,   7.23686, 130.86826, -35.89708,  29.70538, 120.94229, -22.45682,  49.67042, 115.10013,  -6.85982,  52.46107, 115.06951,  -8.45290,  56.06775, 114.75946,  -9.82698,  58.41209, 113.67245, -10.57437,  53.48793, 116.19046,  -7.43923,  58.92223, 116.78056,  -6.29064,  62.56596, 115.75741,  -5.88816,  64.34142, 114.53978,  -5.73951,  53.15484, 116.09368,  -6.19171,  58.27548, 116.61769,  -4.39574,  61.89166, 115.05939,  -3.07573,  63.30863, 112.90509,  -2.71967,  52.78435, 116.02403,  -5.33890,  57.06097, 116.47168,  -2.99139,  59.96575, 115.07834,  -1.34274,  61.33304, 113.05717,  -0.75072,  52.17120, 115.82142,  -4.38665,  55.72959, 116.15198,  -1.64767,  57.81812, 115.12256,   0.07765,  58.66257, 113.57755,   0.58006, -10.67860, 134.06375, -47.46654, -26.22677, 136.91979, -50.51734, -49.75213, 137.87928, -65.67112, -69.32479, 141.43801, -82.41168, -68.63468, 142.34225, -85.41712, -68.43490, 143.30105, -89.16321, -68.59749, 143.11153, -91.84159, -69.68837, 143.82130, -85.61882, -72.23231, 146.43980, -89.84621, -73.84065, 146.85722, -93.27033, -74.70572, 146.39066, -95.19152, -70.78374, 143.68360, -84.94219, -73.85831, 146.16405, -88.69925, -76.41628, 146.12987, -91.97080, -77.53748, 144.67470, -93.81498, -71.49201, 143.53362, -84.35461, -74.85594, 145.66534, -87.20775, -77.48935, 145.54180, -89.68707, -78.79503, 144.20598, -91.36514, -72.24726, 143.17684, -83.56334, -75.79326, 144.95879, -85.69031, -78.19981, 144.87673, -87.30281, -79.18698, 143.78465, -88.39159
   6.13346, -24.16515,  84.31350, -47.88047, -16.56363,  80.07661, -41.15250,  -7.84317,  42.65636, -64.69528, -19.90986,   9.98243, -88.26823, -31.76668,  88.55039, -54.60845, -59.15319,  56.57200, -70.66913, -82.81460,  27.14848, -89.19667, -21.53136,  91.79571, -46.14438, -15.31706, 108.54992, -44.15454, -11.11696, 120.59770, -44.32113,  -5.66979, 138.76761, -46.87499,  -4.67339, 142.87634, -47.30856,  -3.90745, 147.04801, -47.57877,  -4.60461, 132.54944, -45.37507,   8.22597, 130.85598, -35.79810,  31.04442, 120.46359, -23.33548,  51.58881, 114.16360,  -8.69861,  54.31644, 114.11012, -10.39676,  57.86550, 113.77043, -11.90710,  60.17060, 112.66415, -12.74302,  55.39040, 115.22236,  -9.42309,  60.86918, 115.76723,  -8.48229,  64.51699, 114.71385,  -8.21866,  66.28667, 113.48153,  -8.13752,  55.10425, 115.12814,  -8.16378,  60.29372, 115.60941,  -6.56412,  63.94448, 114.02099,  -5.38250,  65.35608, 111.85496,  -5.08031,  54.76593, 115.06142,  -7.29747,  59.13238, 115.47324,  -5.11454,  62.08616, 114.05561,  -3.57744,  63.45821, 112.02308,  -3.03760,  54.18781, 114.86374,  -6.32254,  57.85051, 115.16436,  -3.72106,  59.99461, 114.11738,  -2.07634,  60.84474, 112.56535,  -1.60620, -10.03628, 133.97371, -46.82711, -25.67735, 136.73504, -49.46187, -49.64120, 137.26142, -63.93450, -69.52051, 140.61984, -80.35199, -68.89145, 141.48511, -83.38220, -68.76751, 142.39503, -87.14372, -68.98362, 142.17050, -89.81561, -69.95006, 142.96090, -83.58199, -72.58015, 145.52281, -87.79129, -74.25711, 145.89475, -91.18763, -75.16017, 145.40275, -93.08483, -71.03154, 142.83153, -82.88180, -74.18263, 145.26128, -86.60846, -76.80564, 145.18321, -89.82734, -77.96252, 143.70357, -91.62953, -71.72778, 142.68889, -82.27822, -75.14979, 144.78161, -85.09088, -77.83228, 144.62448, -87.51507, -79.17036, 143.26626, -89.14906, -72.46676, 142.34212, -81.46738, -76.05598, 144.09449, -83.54587, -78.49432, 143.99025, -85.10858, -79.50231, 142.88359, -86.16300
   6.15012, -23.27366,  84.23095, -46.87111, -15.49278,  80.01078, -40.34055,  -7.44149,  42.62289, -64.17133, -20.35804,  10.01968, -87.38919, -31.05454,  88.45111, -53.40166, -58.90318,  56.34674, -68.37985, -83.01832,  26.82867, -86.15676, -20.60786,  91.71855, -45.20867, -14.37358, 108.48562, -43.39771, -10.20530, 120.54203, -43.69118,  -4.87502, 138.72084, -46.42218,  -3.90973, 142.83258, -46.89583,  -3.17943, 147.00777, -47.20713,  -3.75339, 132.50731, -44.94437,   9.43248, 130.88177, -35.85038,  32.50179, 119.85938, -24.43488,  53.51018, 113.01045, -10.73305,  56.16039, 112.91232, -12.54780,  59.63460, 112.51454, -14.21032,  61.88287, 111.37065, -15.14462,  57.29363, 114.00676, -11.62233,  62.81623, 114.46167, -10.92025,  66.45429, 113.34860, -10.81426,  68.20540, 112.08742, -10.80908,  57.06082, 113.91719, -10.35174,  62.32195, 114.31322,  -8.97883,  65.99398, 112.66510,  -7.95549,  67.38168, 110.47620,  -7.71332,  56.75933, 113.85599,  -9.47154,  61.22246, 114.19606,  -7.48018,  64.21647, 112.73012,  -6.07161,  65.57714, 110.67534,  -5.59038,  56.22086, 113.66778,  -8.47233,  59.99731, 113.90818,  -6.03225,  62.19324, 112.82612,  -4.48130,  63.03742, 111.26033,  -4.04742,  -9.22712, 133.91691, -46.24484, -24.95743, 136.58492, -48.40102, -49.34667, 136.60049, -62.15475, -69.46188, 139.66803, -78.34018, -68.89540, 140.48545, -81.39591, -68.84813, 141.33274, -85.17377, -69.11403, 141.06234, -87.83691, -69.96543, 141.95239, -81.59995, -72.68896, 144.43020, -85.80017, -74.43242, 144.73675, -89.16944, -75.36893, 144.20850, -91.04050, -71.03265, 141.82941, -80.87707, -74.26715, 144.18058, -84.58262, -76.95070, 144.03546, -87.74884, -78.13393, 142.52005, -89.50357, -71.71647, 141.69346, -80.25796, -75.20260, 143.72164, -83.03897, -77.93003, 143.51050, -85.40830, -79.29185, 142.11842, -86.99344, -72.43797, 141.35666, -79.42742, -76.07547, 143.05603, -81.46562, -78.54262, 142.91345, -82.97931, -79.56469, 141.78425, -83.99560
   6.16679, -22.24057,  84.20892, -45.98903, -14.28502,  80.00812, -39.65953,  -6.97355,  42.64635, -63.76812, -20.59175,  10.07692, -86.62971, -30.19612,  88.40971, -52.31853, -58.38758,  56.22277, -66.45452, -82.95824,  26.62740, -83.46252, -19.54617,  91.70267, -44.40213, -13.29343, 108.48188, -42.77676,  -9.15274, 120.54383, -43.20280,  -3.92415, 138.72368, -46.11737,  -2.98681, 142.83713, -46.63061,  -2.28932, 147.01489, -46.98030,  -2.75356, 132.51429, -44.66024,  10.70116, 130.94250, -35.95908,  33.92261, 119.07829, -25.76081,  55.31349, 111.47209, -13.08895,  57.85870, 111.30309, -15.04340,  61.22683, 110.81310, -16.88948,  63.39094, 109.60997, -17.94078,  59.06828, 112.36829, -14.18271,  64.63066, 112.67914, -13.77974,  68.23888, 111.47135, -13.86708,  69.95423, 110.16479, -13.95323,  58.90196, 112.28594, -12.90123,  64.23789, 112.54535, -11.81422,  67.91545, 110.80258, -10.98614,  69.25661, 108.57833, -10.81400,  58.64679, 112.23340, -12.00595,  63.21799, 112.45828, -10.25833,  66.24423, 110.91570,  -9.00953,  67.57477, 108.82644,  -8.59753,  58.15816, 112.06020, -10.97881,  62.06548, 112.20380,  -8.74594,  64.31274, 111.06598,  -7.31291,  65.13792, 109.47901,  -6.92152,  -8.26359, 133.91498, -45.80809, -24.05952, 136.50928, -47.53093, -48.85926, 135.82711, -60.51198, -69.19037, 138.45275, -76.50423, -68.67384, 139.21987, -79.58178, -68.68694, 139.99993, -83.37437, -68.98842, 139.67998, -86.02820, -69.75836, 140.67460, -79.79645, -72.56093, 143.05586, -84.00053, -74.35441, 143.28870, -87.34939, -75.31310, 142.71990, -89.19718, -70.81420, 140.55626, -79.05630, -74.11965, 142.81579, -82.75626, -76.84659, 142.59338, -85.88064, -78.04242, 141.03777, -87.59110, -71.48806, 140.42609, -78.42514, -75.02941, 142.37723, -81.19147, -77.78839, 142.10271, -83.51738, -79.16137, 140.67204, -85.05790, -72.19500, 140.09859, -77.57852, -75.87452, 141.73307, -79.59422, -78.36167, 141.54438, -81.06965, -79.38898, 140.38934, -82.05101
   6.18346, -20.95822,  84.24270, -45.28655, -12.81175,  80.06485, -39.18897,  -6.15034,  42.71732, -63.50710, -20.48037,  10.21555, -86.02734, -29.10470,  88.42055, -51.38413, -57.61691,  56.16178, -64.68862, -82.69491,  26.49666, -80.81160, -18.23267,  91.74350, -43.78865, -11.96322, 108.53560, -42.37453,  -7.85604, 120.60301, -42.94583,  -2.74217, 138.78352, -46.05342,  -1.83408, 142.89828, -46.60711,  -1.16899, 147.07797, -46.99483,  -1.51910, 132.57747, -44.62548,  12.20861, 131.04730, -36.35393,  35.42524, 118.30583, -27.26312,  57.12158, 109.67726, -15.82560,  59.55559, 109.42895, -17.90898,  62.80689, 108.83484, -19.92602,  64.87596, 107.56535, -21.08509,  60.84001, 110.45762, -17.11487,  66.42268, 110.59921, -17.00169,  69.98314, 109.28197, -17.27299,  71.65123, 107.92367, -17.44470,  60.73802, 110.38157, -15.82629,  66.12860, 110.47930, -15.01811,  69.78955, 108.62606, -14.37749,  71.06964, 106.36215, -14.26954,  60.52819, 110.33767, -14.91885,  65.18868, 110.42480, -13.41121,  68.22741, 108.79191, -12.31716,  69.51346, 106.66346, -11.96946,  60.08851, 110.18040, -13.86731,  64.10903, 110.20698, -11.84045,  66.39205, 109.00256, -10.52304,  67.18784, 107.39156, -10.17097,  -7.06456, 133.97108, -45.59797, -22.91399, 136.49797, -46.87094, -48.08757, 134.94524, -59.03153, -68.56794, 137.06826, -74.90752, -68.09314, 137.75680, -78.01026, -68.15589, 138.43365, -81.82213, -68.48322, 138.03894, -84.46280, -69.19478, 139.19434, -78.25189, -72.06759, 141.43288, -82.48686, -73.90004, 141.55708, -85.82037, -74.87310, 140.92893, -87.64123, -70.24115, 139.08563, -77.49697, -73.61000, 141.21114, -81.21909, -76.36869, 140.87709, -84.30543, -77.56727, 139.26391, -85.95972, -70.90667, 138.96592, -76.85498, -74.49798, 140.80613, -79.63290, -77.27939, 140.44131, -81.91933, -78.65451, 138.95587, -83.40514, -71.60088, 138.65448, -75.99192, -75.31885, 140.19712, -78.00943, -77.82000, 139.94384, -79.45113, -78.84617, 138.75249, -80.38934
   6.20012, -19.61815,  84.27137, -44.72822, -11.30769,  80.11568, -38.84040,  -5.27995,  42.77566, -63.33475, -20.54112,  10.28365, -85.24916, -27.92861,  88.42706, -50.61604, -56.76204,  56.08735, -62.99990, -82.28501,  26.37729, -78.32197, -16.86823,  91.77890, -43.31073, -10.58874, 108.58228, -42.08806,  -6.51236, 120.65317, -42.79117,  -1.49714, 138.83057, -46.07284,  -0.61943, 142.94642, -46.66603,   0.00720, 147.12808, -47.09448,  -0.23094, 132.62693, -44.67225,  13.80220, 131.14113, -36.92155,  36.83355, 117.35918, -28.94569,  58.66688, 107.67461, -18.67364,  60.96841, 107.33053, -20.88974,  64.07537, 106.60858, -23.08472,  66.02437, 105.25841, -24.35538,  62.33500, 108.30748, -20.17107,  67.91645, 108.22818, -20.37149,  71.40127, 106.77119, -20.83932,  73.00214, 105.34801, -21.10149,  62.30257, 108.23535, -18.87864,  67.72966, 108.11971, -18.37429,  71.34475, 106.12306, -17.93615,  72.53847, 103.81028, -17.89546,  62.14244, 108.19966, -17.96077,  66.87999, 108.10221, -16.71710,  69.90848, 106.35027, -15.79180,  71.12695, 104.17258, -15.51235,  61.75660, 108.05976, -16.88590,  65.88245, 107.92704, -15.08780,  68.18647, 106.63309, -13.89801,  68.93652, 104.99183, -13.58778,  -5.80286, 134.01760, -45.48454, -21.69781, 136.46573, -46.23760, -47.23072, 133.83057, -57.42360, -67.83135, 135.22751, -73.22432, -67.40334, 135.78067, -76.36078, -67.52176, 136.28512, -80.19795, -67.87878, 135.76916, -82.81375, -68.52265, 137.19520, -76.65189, -71.47216, 139.21357, -80.94439, -73.34827, 139.17033, -84.25559, -74.33806, 138.45173, -86.03347, -69.55812, 137.11038, -75.87908, -72.99589, 139.03406, -79.64768, -75.79025, 138.53521, -82.67919, -76.99330, 136.83790, -84.24362, -70.21411, 137.01318, -75.22362, -73.85931, 138.69209, -78.03333, -76.66585, 138.19817, -80.26414, -78.04457, 136.63432, -81.66366, -70.89399, 136.73409, -74.33838, -74.65307, 138.14864, -76.37352, -77.16973, 137.80677, -77.76921, -78.19555, 136.56465, -78.63950
   6.21679, -18.17471,  84.35079, -44.30465,  -9.70051,  80.21826, -38.63806,  -4.39200,  42.87389, -63.29169, -20.58477,  10.33645, -84.45735, -26.64890,  88.48333, -49.97124, -55.73357,  56.06962, -61.54784, -81.69261,  26.32380, -76.04576, -15.40164,  91.86526, -42.97152,  -9.11697, 108.68001, -41.94803,  -5.07613, 120.75418, -42.78692,  -0.16742, 138.92774, -46.24607,   0.68459, 143.04383, -46.87410,   1.28408, 147.22628, -47.33258,   1.14227, 132.72645, -44.87541,  15.44316, 131.27426, -37.62382,  38.13818, 116.38222, -30.75626,  59.93546, 105.46585, -21.71682,  62.06885, 105.01281, -24.07689,  64.98672, 104.14073, -26.46810,  66.77746, 102.69714, -27.86289,  63.52758, 105.91486, -23.44686,  69.07299, 105.54839, -24.00648,  72.44038, 103.91545, -24.69914,  73.94523, 102.41265, -25.06518,  63.57460, 105.83903, -22.15509,  69.00961, 105.44126, -22.00150,  72.53712, 103.25882, -21.79895,  73.60961, 100.88734, -21.83731,  63.47217, 105.80777, -21.22885,  68.26847, 105.46063, -20.29303,  71.25537, 103.55079, -19.56632,  72.37487, 101.31194, -19.36790,  63.14950, 105.68342, -20.13148,  67.36999, 105.33028, -18.60302,  69.67563, 103.91410, -17.56528,  70.35807, 102.23501, -17.30549,  -4.45208, 134.11475, -45.52027, -20.37282, 136.49499, -45.79319, -46.16209, 132.80953, -56.05627, -66.88652, 133.18103, -71.75213, -66.48705, 133.58476, -74.91504, -66.63896, 133.90171, -78.77106, -67.01188, 133.25685, -81.35585, -67.61986, 134.97493, -75.26526, -70.61833, 136.76027, -79.62655, -72.51938, 136.54226, -82.91655, -73.51699, 135.73078, -84.64954, -68.64866, 134.91976, -74.48094, -72.13057, 136.63219, -78.31043, -74.94402, 135.96565, -81.29165, -76.14538, 134.18537, -82.76234, -69.29880, 134.84943, -73.81629, -72.97880, 136.36228, -76.67453, -75.79833, 135.73939, -78.85614, -77.17516, 134.09906, -80.16716, -69.96961, 134.60840, -72.91312, -73.75543, 135.89388, -74.98401, -76.27990, 135.46554, -76.34121, -77.30237, 134.17490, -77.14206
   6.23346, -16.63994,  84.46030, -43.95749,  -7.98956,  80.35672, -38.54163,  -3.36037,  42.99842, -63.31081, -20.47567,  10.43615, -83.69807, -25.29033,  88.56388, -49.37334, -54.60905,  56.08901, -60.16126, -81.03480,  26.30704, -73.71077, -13.84690,  91.98345, -42.71835,  -7.56862, 108.81272, -41.91886,  -3.57587, 120.89120, -42.91179,   1.20282, 139.05958, -46.57427,   2.02435, 143.17614, -47.23873,   2.59243, 147.35994, -47.72412,   2.56173, 132.86102, -45.23963,  17.12871, 131.41496, -38.53724,  39.27704, 115.27800, -32.78833,  60.83054, 102.87373, -25.20012,  62.79707, 102.32506, -27.68171,  65.52159, 101.31674, -30.24153,  67.14959,  99.79032, -31.74344,  64.33559, 103.14439, -27.13385,  69.81213, 102.48940, -28.01561,  73.04240, 100.68573, -28.90878,  74.44163,  99.10812, -29.36733,  64.45300, 103.05720, -25.84729,  69.85898, 102.37181, -26.01076,  73.27134, 100.00472, -26.02166,  74.21229,  97.58023, -26.13140,  64.40268, 103.02494, -24.91679,  69.21976, 102.41841, -24.26211,  72.13791, 100.34845, -23.71732,  73.14645,  98.05226, -23.59289,  64.13773, 102.91017, -23.80305,  68.41467, 102.32395, -22.52335,  70.69784, 100.78076, -21.62662,  71.30394,  99.06620, -21.41339,  -3.05226, 134.24700, -45.68921, -18.98320, 136.56237, -45.45621, -44.97578, 131.60187, -54.60932, -65.79339, 130.87881, -70.16903, -65.41804, 131.08779, -73.35368, -65.59815, 131.16363, -77.22074, -65.98420, 130.35711, -79.75779, -66.56253, 132.44636, -73.78139, -69.60236, 133.93841, -78.22349, -71.52411, 133.50448, -81.47990, -72.52793, 132.58065, -83.15198, -67.58560, 132.43353, -72.98780, -71.10477, 133.88282, -76.89115, -73.93377, 133.01467, -79.80499, -75.13305, 131.13894, -81.15369, -68.23074, 132.40054, -72.31542, -71.94009, 133.70971, -75.23561, -74.77005, 132.93476, -77.35408, -76.14465, 131.20752, -78.55084, -68.89379, 132.21186, -71.39425, -72.70209, 133.34235, -73.51375, -75.23274, 132.81464, -74.82361, -76.25190, 131.47034, -75.53545
   6.25013, -14.99336,  84.61234, -43.69275,  -6.19182,  80.53657, -38.50421,  -2.26238,  43.15488, -63.35884, -20.32031,  10.61062, -82.94603, -23.79490,  88.68812, -48.88128, -53.35449,  56.14896, -58.78166, -80.17166,  26.33655, -71.46768, -12.18545,  92.14366, -42.53980,  -5.92046, 108.98632, -41.94377,  -1.97642, 121.06861, -43.07533,   2.67782, 139.23176, -46.91950,   3.46846, 143.34906, -47.61603,   4.00292, 147.53456, -48.12445,   4.08038, 133.03581, -45.61830,  18.92820, 131.55732, -39.57128,  40.31121, 114.07500, -34.97397,  61.45641, 100.28956, -28.74161,  63.24547,  99.65231, -31.33385,  65.75640,  98.50979, -34.05088,  67.19964,  96.90472, -35.65616,  64.86056, 100.36582, -30.86385,  70.22804,  99.38015, -32.05450,  73.28360,  97.38944, -33.14365,  74.55268,  95.73344, -33.69505,  65.04238, 100.25389, -29.58673,  70.37690,  99.23253, -30.05663,  73.62640,  96.65611, -30.28071,  74.40415,  94.17902, -30.46705,  65.04109, 100.21218, -28.65525,  69.83853,  99.29536, -28.27484,  72.64481,  97.03892, -27.91371,  73.51085,  94.68243, -27.86869,  64.83070, 100.09912, -27.52975,  69.12537,  99.22797, -26.49517,  71.35159,  97.53232, -25.74210,  71.85839,  95.78032, -25.58021,  -1.54549, 134.41973, -45.89089, -17.46667, 136.66832, -45.07239, -43.54933, 130.30111, -53.01930, -64.44160, 128.24920, -68.35888, -64.09223, 128.22448, -71.55323, -64.30185, 128.01035, -75.41362, -64.69772, 127.01320, -77.88041, -65.25489, 129.53532, -72.07135, -68.34398, 130.66047, -76.58694, -70.28489, 129.96512, -79.78616, -71.29076, 128.90887, -81.37661, -66.27184, 129.57083, -71.27062, -69.83576, 130.68839, -75.24185, -72.67647, 129.57600, -78.05971, -73.86479, 127.59255, -79.25530, -66.91157, 129.58119, -70.59236, -70.65680, 130.63021, -73.57120, -73.49361, 129.66996, -75.60284, -74.85776, 127.84404, -76.65653, -67.56564, 129.45462, -69.65429, -71.40188, 130.38404, -71.82059, -73.93615, 129.73367, -73.06674, -74.94556, 128.32944, -73.66825
   6.26679, -13.29951,  84.80782, -43.49242,  -4.35688,  80.76347, -38.52526,  -1.26693,  43.33893, -63.43389, -20.16191,  10.81989, -82.25853, -22.24214,  88.85216, -48.45958, -51.99323,  56.25843, -57.57580, -79.17492,  26.41134, -69.37334, -10.48506,  92.34853, -42.41964,  -4.24679, 109.20689, -42.01943,  -0.35811, 121.29345, -43.28866,   4.16682, 139.44903, -47.31846,   4.92740, 143.56677, -48.04526,   5.43108, 147.75384, -48.57183,   5.61158, 133.25574, -46.05127,  20.68573, 131.71604, -40.60983,  40.98830, 112.71092, -37.35238,  61.51972,  97.49502, -32.56312,  63.09778,  96.76484, -35.26555,  65.34591,  95.47561, -38.14239,  66.55871,  93.79023, -39.85257,  64.78993,  97.33783, -34.88239,  69.98168,  95.94774, -36.40304,  72.79747,  93.73930, -37.69909,  73.89401,  91.99751, -38.34773,  65.03589,  97.18797, -33.61999,  70.23380,  95.75155, -34.41976,  73.24529,  92.92776, -34.87199,  73.80758,  90.40022, -35.13845,  65.08529,  97.12918, -32.69074,  69.80660,  95.82415, -32.60847,  72.43699,  93.34387, -32.44583,  73.11034,  90.92516, -32.48494,  64.93211,  97.01242, -31.55641,  69.19483,  95.78102, -30.79071,  71.31623,  93.89879, -30.19466,  71.68791,  92.10912, -30.08742,  -0.02032, 134.63894, -46.14335, -15.91190, 136.83823, -44.79022, -41.96281, 129.13983, -51.57877, -62.91167, 125.41855, -66.52192, -62.57998, 125.19920, -69.71071, -62.80918, 124.74443, -73.54908, -63.20933, 123.59278, -75.94693, -63.75798, 126.46470, -70.30177, -66.88293, 127.27956, -74.85915, -68.83501, 126.36958, -77.99714, -69.83964, 125.20764, -79.51291, -64.77072, 126.54041, -69.49850, -68.36734, 127.37705, -73.50917, -71.21305, 126.06621, -76.23516, -72.38907, 124.00169, -77.29833, -65.40672, 126.58689, -68.81824, -69.17841, 127.41495, -71.83308, -72.01727, 126.30468, -73.78382, -73.36982, 124.40456, -74.71401, -66.05427, 126.51268, -67.87011, -69.91129, 127.27087, -70.06602, -72.44618, 126.52131, -71.25382, -73.44550, 125.07332, -71.76102
   6.28346, -11.57133,  85.03562, -43.30523,  -2.48037,  81.02573, -38.58556,  -0.18807,  43.54505, -63.49596, -19.72347,  11.05805, -81.71240, -20.66229,  89.04552, -48.02489, -50.56799,  56.37974, -56.34237, -78.12084,  26.48317, -67.10856,  -8.74855,  92.58613, -42.32741,  -2.54117, 109.45969, -42.14926,   1.28430, 121.54977, -43.56816,   5.66298, 139.69704, -47.79232,   6.39197, 143.81504, -48.54939,   6.86574, 148.00355, -49.09197,   7.15191, 133.50617, -46.56505,  22.41999, 131.84481, -41.73435,  41.55743, 111.50570, -39.71465,  61.16886,  94.71616, -36.63192,  62.55016,  93.91302, -39.42003,  64.54516,  92.50261, -42.42387,  65.53411,  90.75811, -44.21686,  64.29950,  94.34226, -39.11330,  69.28276,  92.57175, -40.91093,  71.84562,  90.17061, -42.37787,  72.76576,  88.35942, -43.10578,  64.59354,  94.14985, -37.86705,  69.61415,  92.31928, -38.94576,  72.36327,  89.27358, -39.58878,  72.70686,  86.71470, -39.91992,  64.68305,  94.07005, -36.94238,  69.28251,  92.39197, -37.11456,  71.70966,  89.70756, -37.11952,  72.18359,  87.24406, -37.22756,  64.57615,  93.94479, -35.80366,  68.75811,  92.36390, -35.26941,  70.74766,  90.30800, -34.80743,  70.97894,  88.49274, -34.74507,   1.52030, 134.88957, -46.45950, -14.32122, 137.05408, -44.56971, -40.19593, 127.90910, -50.12564, -61.13844, 122.57522, -64.58112, -60.83247, 122.15044, -67.75169, -61.08779, 121.43412, -71.54828, -61.48319, 120.11524, -73.85919, -62.04641, 123.34545, -68.41261, -65.23419, 123.77933, -72.97867, -67.19401, 122.61543, -76.02663, -68.18488, 121.33121, -77.44998, -63.05286, 123.45103, -67.60480, -66.70737, 123.93221, -71.62154, -69.54682, 122.37509, -74.22159, -70.68281, 120.21688, -75.13115, -63.68316, 123.52806, -66.92203, -67.50284, 124.06332, -69.94267, -70.33278, 122.75840, -71.78272, -71.64791, 120.76895, -72.56861, -64.31952, 123.50239, -65.96381, -68.21485, 124.02085, -68.16177, -70.74226, 123.13402, -69.26816, -71.71112, 121.63220, -69.66620
   6.30013,  -9.79547,  85.19852, -43.19404,  -0.58327,  81.21735, -38.69008,   0.84745,  43.68109, -63.58117, -19.29421,  11.23854, -81.20699, -19.00768,  89.17968, -47.69799, -49.03403,  56.40662, -55.10936, -76.88483,  26.46056, -64.92985,  -6.96634,  92.75697, -42.29952,  -0.78868, 109.64237, -42.31240,   2.97983, 121.73490, -43.85731,   7.22928, 139.87491, -48.24159,   7.92570, 143.99388, -49.02357,   8.36353, 148.18458, -49.57935,   8.75425, 133.68547, -47.05190,  24.19994, 131.84592, -42.89777,  41.80131, 110.07756, -42.32298,  60.37566,  91.94586, -40.82804,  61.54968,  91.06983, -43.68825,  63.26945,  89.53769, -46.80069,  64.01353,  87.74242, -48.66065,  63.34286,  91.33506, -43.45874,  68.05812,  89.15556, -45.51181,  70.32355,  86.55959, -47.12873,  71.04188,  84.68586, -47.92250,  63.67500,  91.09575, -42.23031,  68.45487,  88.84079, -43.56786,  70.88502,  85.57215, -44.37893,  70.98029,  82.99880, -44.75891,  63.79913,  90.99243, -41.31199,  68.21529,  88.91161, -41.72229,  70.38697,  86.02071, -41.87623,  70.63075,  83.52683, -42.03828,  63.73355,  90.85781, -40.17121,  67.77546,  88.89914, -39.85500,  69.58999,  86.66541, -39.51383,  69.65878,  84.83592, -39.48588,   3.12888, 135.07040, -46.77413, -12.63607, 137.20403, -44.29948, -38.19630, 126.60152, -48.57282, -59.09122, 119.52801, -62.33392, -58.81797, 118.88635, -65.47082, -59.10376, 117.88737, -69.20080, -59.48284, 116.39029, -71.40333, -60.08797, 119.98325, -66.19361, -63.36066, 119.96330, -70.71999, -65.32027, 118.50774, -73.64008, -66.28191, 117.08693, -74.94909, -61.08515, 120.10879, -65.37722, -64.81751, 120.15808, -69.35065, -67.63360, 118.30965, -71.77972, -68.69796, 116.04954, -72.51089, -61.70734, 120.21111, -64.69034, -65.59141, 120.38026, -67.67128, -68.39612, 118.83867, -69.36074, -69.64418, 116.74890, -69.97743, -62.32727, 120.23082, -63.72127, -66.27353, 120.44002, -65.87921, -68.78103, 119.37982, -66.87261, -69.69625, 117.81734, -67.14390
   6.31679,  -8.02880,  85.32278, -43.05200,   1.29958,  81.36403, -38.77301,   1.76540,  43.77333, -63.61866, -18.96761,  11.36021, -80.60122, -17.35717,  89.28152, -47.33098, -47.43885,  56.38709, -53.93649, -75.55101,  26.37784, -62.76975,  -5.18985,  92.88716, -42.24275,   0.96312, 109.78039, -42.44315,   4.67861, 121.87375, -44.10552,   8.80619, 140.00751, -48.62982,   9.47365, 144.12730, -49.43251,   9.88121, 148.31980, -49.99762,  10.36241, 133.81832, -47.48000,  25.93053, 131.78694, -43.91388,  41.71630, 108.67939, -44.83611,  59.01775,  89.27229, -44.99125,  59.94148,  88.32361, -47.91927,  61.32401,  86.66889, -51.13531,  61.77473,  84.83549, -53.05145,  61.76220,  88.39356, -47.78299,  66.10504,  85.76053, -50.10805,  67.99357,  82.96588, -51.87130,  68.46572,  81.03979, -52.72231,  62.13027,  88.10038, -46.57667,  66.56638,  85.37379, -48.19154,  68.58856,  81.87974, -49.16613,  68.38892,  79.31733, -49.57818,  62.29020,  87.96952, -45.66745,  66.43190,  85.43946, -46.33515,  68.27187,  82.33764, -46.63575,  68.23948,  79.83495, -46.83727,  62.26998,  87.82399, -44.52630,  66.09084,  85.44318, -44.44729,  67.67199,  83.02450, -44.22741,  67.54659,  81.19780, -44.22276,   4.74840, 135.20654, -47.03764, -10.93365, 137.31533, -44.06500, -36.00129, 125.19608, -47.02084, -56.76692, 116.12112, -59.76579, -56.52666, 115.29912, -62.86307, -56.84046, 114.06000, -66.51800, -57.19549, 112.41461, -68.61627, -57.85804, 116.29335, -63.62296, -61.21431, 115.85221, -68.06592, -63.16385, 114.13558, -70.84767, -64.08671, 112.59634, -72.04602, -58.84370, 116.42594, -62.79379, -62.65138, 116.06818, -66.67898, -65.42934, 113.95318, -68.92779, -66.40619, 111.60832, -69.49610, -59.45631, 116.54357, -62.10077, -63.40148, 116.36015, -64.99950, -66.16729, 114.59734, -66.52920, -67.33296, 112.42148, -66.98956, -60.05748, 116.59638, -61.12118, -64.05049, 116.50109, -63.19969, -66.52726, 115.27418, -64.07073, -67.37720, 113.65985, -64.22594
   6.33346,  -6.22628,  85.33994, -43.02367,   3.22551,  81.40208, -39.00409,   2.79605,  43.76387, -63.77837, -18.25685,  11.37783, -80.41552, -15.67806,  89.27781, -47.04324, -45.76218,  56.23828, -52.86725, -74.10047,  26.16166, -60.69117,  -3.37751,  92.90990, -42.30629,   2.74623, 109.81016, -42.70819,   6.40286, 121.90363, -44.49552,  10.39767, 140.03022, -49.16544,  11.03355, 144.15105, -49.98815,  11.40811, 148.34574, -50.55979,  11.98484, 133.84045, -48.06194,  27.64112, 131.56183, -45.07886,  41.58662, 107.38706, -47.33805,  57.20260,  86.70038, -49.38802,  57.88570,  85.69720, -52.36351,  58.94092,  83.94931, -55.65346,  59.11482,  82.10144, -57.60058,  59.70883,  85.58546, -52.31611,  63.65212,  82.56190, -54.86711,  65.16707,  79.61384, -56.73780,  65.40432,  77.65996, -57.62269,  60.10361,  85.24416, -51.13108,  64.16449,  82.11053, -52.97789,  65.78084,  78.44469, -54.07171,  65.30839,  75.91919, -54.48919,  60.29333,  85.08819, -50.23160,  64.12666,  82.16883, -51.11678,  65.63325,  78.90389, -51.52611,  65.34309,  76.41900, -51.74113,  60.31369,  84.93289, -49.09175,  63.87888,  82.18556, -49.21449,  65.22103,  79.62025, -49.08712,  64.91541,  77.81493, -49.08753,   6.38939, 135.23417, -47.43868,  -9.19605, 137.32549, -43.98465, -33.58424, 123.66420, -45.59256, -54.13264, 112.77727, -57.22175, -53.94546, 111.79067, -60.27431, -54.30522, 110.32517, -63.84016, -54.63284, 108.54318, -65.82844, -55.35527, 112.66382, -61.04146, -58.82192, 111.77969, -65.33096, -60.75851, 109.79875, -67.94077, -61.62987, 108.14364, -69.01702, -56.31973, 112.78986, -60.18673, -60.22366, 111.99640, -63.90842, -62.94696, 109.60366, -65.93470, -63.80586, 107.17927, -66.33498, -56.91546, 112.91365, -59.48021, -60.93484, 112.34387, -62.22259, -63.64304, 110.34477, -63.55164, -64.69656, 108.08469, -63.84706, -57.48687, 112.99016, -58.48450, -61.53265, 112.55340, -60.41176, -63.96191, 111.14283, -61.12406, -64.72268, 109.47770, -61.15782
   6.35013,  -4.42363,  85.29070, -43.04641,   5.13174,  81.36750, -39.26442,   4.03071,  43.70157, -63.97573, -17.46876,  11.36483, -80.13073, -13.97900,  89.21390, -46.82840, -44.04022,  56.01242, -51.78500, -72.56221,  25.85691, -58.56854,  -1.56508,  92.86440, -42.41219,   4.53346, 109.76860, -42.99187,   8.13841, 121.86135, -44.88590,  12.01669, 139.98219, -49.67483,  12.62253, 144.10464, -50.51199,  12.96335, 148.30204, -51.08486,  13.62867, 133.79145, -48.61357,  29.33890, 131.28632, -46.13910,  41.21893, 106.18716, -49.73028,  55.10352,  84.52701, -53.47946,  55.51648,  83.48101, -56.48976,  56.20705,  81.65901, -59.83578,  56.08663,  79.81641, -61.79190,  57.31904,  83.18731, -56.54452,  60.79194,  79.80237, -59.31586,  61.89779,  76.73056, -61.27205,  61.88865,  74.76886, -62.17129,  57.74283,  82.80015, -55.38386,  61.36060,  79.28911, -57.45881,  62.53841,  75.48768, -58.64593,  61.79294,  73.02496, -59.03953,  57.96561,  82.61984, -54.49659,  61.43218,  79.33815, -55.59843,  62.57910,  75.94187, -56.09548,  62.03002,  73.49995, -56.29708,  58.03356,  82.45547, -53.35985,  61.29330,  79.36651, -53.68524,  62.37674,  76.67910, -53.63636,  61.89229,  74.91341, -53.62195,   8.05424, 135.19060, -47.83372,  -7.40984, 137.25364, -43.85676, -30.83799, 121.92002, -43.90045, -51.07030, 109.23337, -54.18161, -50.96033, 108.05638, -57.16979, -51.38332, 106.32695, -60.60818, -51.67026, 104.39328, -62.45606, -52.47084, 108.76723, -57.91245, -56.06908, 107.33473, -61.93733, -57.97374, 105.04046, -64.30254, -58.76613, 103.25503, -65.21978, -53.39800, 108.87930, -57.01555, -57.41017, 107.54335, -60.45631, -60.03662, 104.82074, -62.16995, -60.72250, 102.31730, -62.36469, -53.96530, 109.00649, -56.28658, -58.06066, 107.95163, -58.75963, -60.66777, 105.66960, -59.80482, -61.55500, 103.32229, -59.89492, -54.49014, 109.10829, -55.26777, -58.58120, 108.23972, -56.93579, -60.92556, 106.60631, -57.41990, -61.55463, 104.89068, -57.30391
   6.36679,  -2.56188,  85.20120, -43.17822,   7.09022,  81.28989, -39.63721,   4.94425,  43.56978, -64.19677, -17.04196,  11.30030, -79.82246, -12.21397,  89.11251, -46.71922, -42.23251,  55.76779, -50.91449, -70.89168,  25.52090, -56.62875,   0.30492,  92.77801, -42.62339,   6.37556, 109.68555, -43.37375,   9.92734, 121.77752, -45.37042,  13.68717, 139.89280, -50.27346,  14.26426, 144.01688, -51.12284,  14.57451, 148.21695, -51.69347,  15.32243, 133.70099, -49.25493,  31.05794, 130.86382, -47.36970,  40.42754, 104.96135, -52.39689,  52.37750,  82.52723, -57.86579,  52.44635,  81.45858, -60.89561,  52.67907,  79.58978, -64.27878,  52.20929,  77.78284, -66.21537,  54.19599,  80.96684, -61.08390,  57.05510,  77.23265, -64.09726,  57.66393,  74.06795, -66.12202,  57.36989,  72.12443, -67.01265,  54.65935,  80.52858, -59.95702,  57.69987,  76.64911, -62.28641,  58.35619,  72.74705, -63.54760,  57.31439,  70.38457, -63.87767,  54.92615,  80.31972, -59.08835,  57.91477,  76.67955, -60.43670,  58.63688,  73.17974, -61.00855,  57.80632,  70.81505, -61.16188,  55.05986,  80.14251, -57.95941,  57.92273,  76.71253, -58.51856,  58.70138,  73.92121, -58.54323,  58.02610,  72.22018, -58.48784,   9.77322, 135.10565, -48.32044,  -5.57263, 137.13905, -43.89551, -27.96836, 120.38923, -42.52618, -47.65081, 105.74710, -51.14065, -47.62174, 104.42923, -54.07134, -48.10815, 102.50056, -57.39339, -48.35564, 100.45943, -59.12793, -49.21908, 104.99342, -54.75596, -52.92164, 103.10785, -58.48888, -54.78251, 100.56753, -60.62654, -55.49234,  98.68629, -61.41016, -50.10059, 105.08599, -53.81203, -54.18986, 103.29748, -56.94256, -56.70196, 100.31319, -58.36762, -57.21314,  97.76113, -58.40330, -50.63420, 105.21024, -53.05756, -54.77296, 103.74550, -55.23147, -57.26075, 101.23571, -56.01189, -57.97798,  98.83044, -55.93866, -51.10755, 105.32704, -52.01541, -55.21082, 104.08940, -53.39561, -57.45305, 102.27296, -53.66265, -57.94784, 100.52564, -53.42897
   6.38346,  -0.67556,  85.07152, -43.38497,   9.07699,  81.17211, -40.11656,   6.00144,  43.40379, -64.50260, -16.56271,  11.23327, -79.49567, -10.42810,  88.97092, -46.65338, -40.38743,  55.48620, -50.08786, -69.14708,  25.12967, -54.58664,   2.19919,  92.65134, -42.91970,   8.23485, 109.56183, -43.86125,  11.72384, 121.65271, -45.97201,  15.34477, 139.76181, -51.00082,  15.89137, 143.88750, -51.86242,  16.17236, 148.09034, -52.42787,  17.00560, 133.56914, -50.02999,  32.73192, 130.37419, -48.73189,  39.71460, 103.97902, -54.93974,  49.32546,  80.97377, -62.31469,  49.05123,  79.91349, -65.33580,  48.83386,  78.04207, -68.71854,  48.03941,  76.29587, -70.60421,  50.72441,  79.25429, -65.65898,  52.96025,  75.26931, -68.87146,  53.09679,  72.06705, -70.92390,  52.54573,  70.16436, -71.78008,  51.23016,  78.76927, -64.57012,  53.68568,  74.61977, -67.11439,  53.85764,  70.67652, -68.40612,  52.56804,  68.42785, -68.64283,  51.54290,  78.53255, -63.72422,  54.04745,  74.62305, -65.28746,  54.37812,  71.07144, -65.89896,  53.31180,  68.79942, -65.97607,  51.74717,  78.33944, -62.60852,  54.20955,  74.64877, -63.37606,  54.70836,  71.79497, -63.44963,  53.87714,  70.16764, -63.33382,  11.48943, 134.97926, -48.92389,  -3.73234, 136.96778, -44.07068, -24.80852, 118.77293, -41.11399, -43.80311, 102.46791, -48.13908, -43.86801, 101.01122, -51.00271, -44.42506,  98.88891, -54.19299, -44.63045,  96.75121, -55.81291, -45.54570, 101.42219, -51.59853, -49.33294,  99.08700, -54.97531, -51.13206,  96.31392, -56.86181, -51.74652,  94.34907, -57.50892, -46.36710, 101.49696, -50.60036, -50.50650,  99.26019, -53.35414, -52.87229,  96.03277, -54.46510, -53.18823,  93.45155, -54.35073, -46.85739, 101.61930, -49.81675, -51.00728,  99.74910, -51.62824, -53.34234,  97.02823, -52.11971, -53.86726,  94.58358, -51.88896, -47.26807, 101.75296, -48.75032, -51.34731, 100.15114, -49.78348, -53.45698,  98.16446, -49.81155, -53.80022,  96.39945, -49.46589
   6.40013,   1.26355,  84.93722, -43.73608,  11.09706,  81.04728, -40.70780,   7.08676,  43.23549, -64.88982, -16.01042,  11.15261, -79.24546,  -8.56995,  88.82717, -46.76437, -38.46473,  55.22319, -49.53174, -67.26724,  24.76579, -52.94308,   4.14393,  92.51935, -43.34976,  10.14546, 109.43178, -44.45963,  13.57637, 121.52133, -46.67077,  17.07000, 139.62428, -51.81055,  17.58663, 143.75217, -52.68009,  17.83669, 147.95838, -53.23486,  18.75248, 133.43099, -50.88189,  34.43771, 129.85762, -50.23792,  38.98948, 103.20960, -57.52933,  46.36716,  79.95900, -66.52818,  45.68929,  78.94309, -69.50055,  44.95585,  77.11600, -72.83465,  43.81511,  75.45980, -74.62121,  47.25260,  78.13352, -69.98963,  48.77089,  73.97427, -73.39469,  48.40060,  70.78296, -75.43529,  47.59147,  68.94350, -76.22185,  47.81974,  77.59861, -68.95578,  49.60857,  73.25203, -71.71775,  49.28243,  69.31599, -73.00177,  47.77299,  67.19739, -73.09513,  48.19391,  77.32994, -68.14509,  50.15356,  73.21309, -69.93730,  50.09023,  69.64909, -70.56266,  48.81606,  67.48581, -70.51992,  48.49218,  77.11342, -67.05516,  50.51148,  73.21457, -68.05255,  50.73409,  70.32725, -68.16322,  49.77210,  68.78323, -67.95558,  13.27017, 134.84608, -49.62420,  -1.79559, 136.78480, -44.28807, -21.40549, 117.31535, -39.77232, -39.74442,  99.82074, -45.57082, -39.89748,  98.19491, -48.33845, -40.50727,  95.84764, -51.35687, -40.64996,  93.60729, -52.83895, -41.64351,  98.43307, -48.82131, -45.45869,  95.60272, -51.75945, -47.15078,  92.58593, -53.34734, -47.64252,  90.54280, -53.83804, -42.39206,  98.50101, -47.76695, -46.51933,  95.77750, -50.06241, -48.67846,  92.30940, -50.80935, -48.76483,  89.72260, -50.53260, -42.83155,  98.63012, -46.95480, -46.93052,  96.32684, -48.33103, -49.05620,  93.40227, -48.49079, -49.35320,  90.94147, -48.08903, -43.17192,  98.79382, -45.86800, -47.16580,  96.80981, -46.48935, -49.09550,  94.66158, -46.24483, -49.26114,  92.89850, -45.77933
   6.41680,   3.20962,  84.85301, -44.10656,  13.11934,  80.97030, -41.32770,   8.06503,  43.11376, -65.24256, -15.83826,  11.16221, -78.53190,  -6.70009,  88.73573, -46.88542, -36.48732,  54.98139, -48.87277, -65.28445,  24.40652, -51.05853,   6.09559,  92.43673, -43.80199,  12.06256, 109.34910, -45.08553,  15.43554, 121.43566, -47.39977,  18.80418, 139.52976, -52.65290,  19.29320, 143.65933, -53.53041,  19.51667, 147.86848, -54.07408,  20.50437, 133.33492, -51.76787,  36.12794, 129.44785, -51.69880,  37.94592, 102.77519, -60.02132,  43.03753,  79.58874, -70.62623,  41.86669,  78.67964, -73.47741,  40.51394,  76.97296, -76.67893,  38.98683,  75.45551, -78.29182,  43.26383,  77.73133, -74.17543,  43.89791,  73.49000, -77.75427,  42.94860,  70.37448, -79.72352,  41.86714,  68.63042, -80.39110,  43.91259,  77.13185, -73.22866,  44.88307,  72.67019, -76.20740,  44.00893,  68.79959, -77.43286,  42.30462,  66.83549, -77.31781,  44.36620,  76.81857, -72.47667,  45.65930,  72.55705, -74.51825,  45.16972,  69.02344, -75.12739,  43.71165,  66.99077, -74.90969,  44.78803,  76.56088, -71.43771,  46.26915,  72.50061, -72.70021,  46.19657,  69.60684, -72.83895,  45.12818,  68.15880, -72.50090,  15.06240, 134.75848, -50.35421,   0.14808, 136.64758, -44.59188, -18.05856, 116.19559, -38.74084, -35.29234,  97.12306, -42.64409, -35.50571,  95.33814, -45.30775, -36.13664,  92.78856, -48.15273, -36.21007,  90.46429, -49.50495, -37.29243,  95.42555, -45.67988, -41.07211,  92.17396, -48.19786, -42.63688,  88.96153, -49.50835, -43.00730,  86.86463, -49.85874, -37.97329,  95.49960, -44.58098, -42.02936,  92.36843, -46.44250, -43.97044,  88.72076, -46.85971, -43.84702,  86.15383, -46.44583, -38.36699,  95.64274, -43.74797, -42.36576,  92.98354, -44.71709, -44.27529,  89.91241, -44.57941, -44.36260,  87.46318, -44.03281, -38.64663,  95.84267, -42.64996, -42.51499,  93.55109, -42.89062, -44.26042,  91.28956, -42.40341, -44.26442,  89.54803, -41.83807
   6.43346,   5.16988,  84.78988, -44.58480,  15.15916,  80.91253, -42.09875,   8.94858,  43.01389, -65.67217, -15.67924,  11.22445, -77.99196,  -4.81940,  88.66723, -47.07085, -34.46619,  54.75300, -48.28609, -63.20192,  24.05750, -49.24474,   8.06199,  92.37451, -44.37636,  13.98847, 109.28445, -45.86341,  17.29451, 121.36588, -48.29787,  20.52089, 139.44712, -53.68295,  20.98079, 143.57809, -54.56956,  21.17885, 147.79020, -55.09997,  22.23625, 133.24903, -52.85151,  37.75636, 129.02051, -53.52656,  37.14705, 102.52184, -62.55148,  39.59104,  79.74405, -74.84778,  37.96158,  78.98231, -77.51071,  36.04016,  77.44621, -80.50085,  34.18575,  76.08195, -81.89227,  39.16696,  77.94260, -78.40769,  38.95279,  73.73391, -82.07375,  37.49205,  70.73886, -83.91266,  36.19288,  69.09636, -84.43353,  39.89339,  77.27699, -77.56751,  40.07845,  72.81131, -80.68914,  38.73718,  69.04363, -81.80850,  36.91638,  67.21489, -81.46792,  40.42237,  76.91543, -76.89013,  41.07381,  72.60655, -79.12841,  40.22562,  69.13342, -79.68972,  38.65687,  67.21540, -79.28307,  40.96487,  76.60627, -75.92374,  41.92766,  72.46869, -77.41601,  41.60788,  69.59229, -77.56591,  40.48685,  68.22472, -77.09091,  16.85015, 134.68688, -51.25071,   2.12325, 136.54876, -45.01678, -14.61535, 115.24624, -37.94418, -30.70566,  94.94141, -40.13872, -30.95078,  92.98421, -42.67562, -31.56982,  90.22702, -45.32270, -31.56212,  87.82332, -46.53028, -32.75793,  92.93192, -42.94017, -36.44566,  89.29112, -45.02446, -37.85981,  85.90845, -46.04592, -38.10513,  83.77418, -46.25003, -33.37708,  93.02973, -41.80716, -37.31009,  89.53170, -43.22715, -39.01709,  85.74664, -43.30983, -38.69377,  83.22389, -42.75589, -33.73047,  93.19848, -40.96097, -37.58684,  90.22974, -41.52283, -39.26968,  87.05543, -41.08811, -39.15658,  84.64445, -40.39566, -33.95873,  93.44769, -39.86116, -37.66802,  90.89886, -39.72670, -39.22266,  88.56328, -39.00103, -39.07410,  86.86371, -38.33624
   6.45013,   7.09051,  84.78223, -45.12500,  17.14505,  80.90875, -42.91088,  10.05274,  42.98090, -66.18665, -15.20365,  11.34525, -77.59611,  -2.96403,  88.65572, -47.33912, -32.43749,  54.57117, -47.71615, -61.07502,  23.76936, -47.58984,   9.98603,  92.36746, -45.00391,  15.87090, 109.27456, -46.67682,  19.11263, 121.35074, -49.22136,  22.20595, 139.41861, -54.72800,  22.63972, 143.55122, -55.62013,  22.81638, 147.76656, -56.13221,  23.93115, 133.21641, -53.94931,  39.34516, 128.77659, -55.33002,  36.43167, 102.61505, -64.87387,  36.41550,  80.48280, -78.51805,  34.33326,  79.92516, -80.90129,  31.85865,  78.62578, -83.58090,  29.71736,  77.43353, -84.68973,  35.30633,  78.84647, -82.00948,  34.22361,  74.80016, -85.70463,  32.28782,  71.97364, -87.36268,  30.81368,  70.43642, -87.71027,  36.11093,  78.10560, -81.31641,  35.49100,  73.75753, -84.54614,  33.73553,  70.12592, -85.53463,  31.87282,  68.40325, -84.95297,  36.71567,  77.68643, -80.74371,  36.70695,  73.43237, -83.17344,  35.54628,  70.04269, -83.68341,  33.93631,  68.21271, -83.07985,  37.38350,  77.30783, -79.88671,  37.81232,  73.17708, -81.62640,  37.27830,  70.33401, -81.80007,  36.15752,  69.02242, -81.18677,  18.60601, 134.67059, -52.16933,   4.14082, 136.52597, -45.34836, -11.04882, 114.47696, -37.15593, -25.92031,  93.15574, -37.65039, -26.18138,  91.00878, -40.02713, -26.76314,  88.03224, -42.43424, -26.65607,  85.55400, -43.47491, -27.99296,  90.81397, -40.16398, -31.52902,  86.78862, -41.74256, -32.75392,  83.25232, -42.43528, -32.85506,  81.09712, -42.47802, -28.54488,  90.95048, -39.00063, -32.29359,  87.09825, -39.91090, -33.72133,  83.20908, -39.62212, -33.18029,  80.76085, -38.92283, -28.85556,  91.15513, -38.14565, -32.51250,  87.89660, -38.24259, -33.92817,  84.65408, -37.48157, -33.59578,  82.31263, -36.63762, -29.03156,  91.46668, -37.05215, -32.52886,  88.68618, -36.49425, -33.85983,  86.30798, -35.50883, -33.54586,  84.67485, -34.74274
   6.46680,   8.97368,  84.84860, -45.71714,  19.09044,  80.98015, -43.79713,  11.05067,  43.02391, -66.71590, -14.78389,  11.52795, -77.17798,  -1.14307,  88.71704, -47.63714, -30.44283,  54.48264, -47.29963, -58.94745,  23.58135, -46.08635,  11.86902,  92.43481, -45.68827,  17.70046, 109.33975, -47.55848,  20.86616, 121.41088, -50.22000,  23.80652, 139.46404, -55.85713,  24.21397, 143.59775, -56.75654,  24.37367, 147.81574, -57.25204,  25.53911, 133.25640, -55.14063,  40.83727, 128.67559, -57.18822,  35.48071, 103.03354, -67.07724,  32.97478,  81.87843, -81.98299,  30.45407,  81.59257, -83.95552,  27.44255,  80.60907, -86.18170,  25.05579,  79.61545, -86.92480,  31.12829,  80.52937, -85.27973,  29.10323,  76.79019, -88.90143,  26.70320,  74.19022, -90.30345,  25.08739,  72.76661, -90.44298,  31.99397,  79.70107, -84.78867,  30.48781,  75.60527, -88.05623,  28.33267,  72.15110, -88.87571,  26.49504,  70.50795, -88.03980,  32.66373,  79.21249, -84.36194,  31.91123,  75.12494, -86.95547,  30.44446,  71.84729, -87.40575,  28.85120,  70.08104, -86.60137,  33.45074,  78.74301, -83.66624,  33.26336,  74.70992, -85.65936,  32.51094,  71.91929, -85.87074,  31.43491,  70.64025, -85.12323,  20.29189, 134.73037, -53.15718,   6.11236, 136.60149, -45.76463,  -7.49300, 113.91927, -36.57709, -20.91112,  91.68929, -35.24214, -21.16969,  89.38025, -37.46205, -21.69885,  86.22436, -39.64213, -21.49746,  83.69373, -40.53175, -22.97075,  89.07309, -37.48074, -26.33505,  84.75661, -38.59812, -27.37755,  81.11806, -38.99786, -27.34902,  78.96242, -38.90104, -23.46574,  89.25332, -36.29789, -27.01614,  85.14072, -36.74771, -28.18574,  81.20307, -36.13583, -27.45883,  78.84089, -35.31894, -23.74128,  89.49517, -35.44058, -27.19215,  86.03240, -35.12214, -28.36349,  82.77048, -34.08049, -27.84317,  80.51214, -33.11393, -23.87613,  89.86682, -34.36008, -27.16140,  86.93222, -33.42810, -28.28890,  84.55086, -32.22134, -27.83446,  82.99201, -31.37516
   6.48346,  10.79573,  84.90378, -46.37033,  20.97679,  81.04053, -44.81429,  12.12138,  43.06077, -67.39091, -14.28051,  11.72297, -76.86496,   0.61467,  88.76703, -47.92638, -28.42490,  54.33038, -46.74125, -56.73806,  23.32550, -44.30450,  13.68739,  92.49099, -46.45315,  19.44442, 109.39367, -48.55945,  22.51011, 121.45956, -51.35827,  25.25128, 139.49698, -57.14423,  25.62985, 143.63129, -58.05341,  25.77851, 147.85150, -58.53324,  26.99179, 133.28319, -56.50434,  42.14457, 128.60083, -59.27543,  34.76124, 103.51789, -69.29203,  29.41090,  83.75148, -85.31274,  26.61076,  83.68792, -86.88808,  23.25295,  82.96394, -88.67507,  20.73485,  82.11593, -89.09479,  27.02385,  82.67819, -88.35379,  24.29208,  79.24774, -91.81333,  21.58135,  76.83727, -92.96538,  19.89385,  75.49262, -92.93011,  27.91112,  81.78705, -88.04520,  25.72719,  77.95838, -91.25345,  23.30330,  74.65122, -91.91289,  21.53272,  73.03889, -90.89257,  28.61225,  81.24666, -87.75229,  27.27437,  77.35499, -90.41041,  25.59454,  74.17344, -90.80173,  24.05435,  72.43009, -89.85640,  29.47061,  80.70450, -87.21092,  28.78383,  76.80809, -89.36027,  27.86963,  74.06851, -89.59976,  26.85589,  72.79302, -88.76427,  21.84945, 134.77900, -54.27747,   8.01568, 136.67593, -46.26259,  -4.00895, 113.47927, -36.19663, -15.66644,  90.46554, -32.96073, -15.92593,  88.01457, -35.02275, -16.40488,  84.70765, -36.97910, -16.11418,  82.14151, -37.73178, -17.70467,  87.61207, -34.91041, -20.88028,  83.06354, -35.56266, -21.73747,  79.35734, -35.68501, -21.58146,  77.21620, -35.46567, -18.13769,  87.83792, -33.71120, -21.47051,  83.52361, -33.69841, -22.37720,  79.57447, -32.78755, -21.47059,  77.30843, -31.88273, -18.37488,  88.11687, -32.85369, -21.59945,  84.50253, -32.11929, -22.52045,  81.25311, -30.81920, -21.81668,  79.08880, -29.75826, -18.46589,  88.54629, -31.79015, -21.51871,  85.50468, -30.48541, -22.43593,  83.14536, -29.07448, -21.84452,  81.66740, -28.16981
   6.50013,  12.55549,  84.97246, -47.03841,  22.78522,  81.11399, -45.82814,  13.16723,  43.12479, -68.07446, -13.67615,  11.84121, -76.41984,   2.32575,  88.83093, -48.24867, -26.45143,  54.20456, -46.38523, -54.55034,  23.10898, -42.86510,  15.43988,  92.56055, -47.22697,  21.11588, 109.46163, -49.55439,  24.07736, 121.52359, -52.47953,  26.61174, 139.54787, -58.39912,  26.96279, 143.68328, -59.31437,  27.10502, 147.90592, -59.77433,  28.35939, 133.32889, -57.83347,  43.30111, 128.54767, -61.45217,  34.13823, 104.09990, -71.56889,  26.22655,  85.82205, -88.28193,  23.20912,  86.02613, -89.36821,  19.57000,  85.61696, -90.62590,  16.97257,  84.92038, -90.69101,  23.32031,  85.14152, -90.96308,  19.87091,  82.17032, -94.19924,  16.87503,  79.99648, -95.08509,  15.14098,  78.72777, -94.88409,  24.19306,  84.18829, -90.88393,  21.30114,  80.77403, -93.99854,  18.61604,  77.64983, -94.52489,  16.94441,  76.02608, -93.36529,  24.90010,  83.59336, -90.75919,  22.92716,  80.02873, -93.47978,  21.02574,  76.97255, -93.85601,  19.56135,  75.21566, -92.81966,  25.80220,  82.96667, -90.41674,  24.55286,  79.32181, -92.74646,  23.45571,  76.65831, -93.06338,  22.51907,  75.35460, -92.18269,  23.32811, 134.84305, -55.37715,   9.93672, 136.77118, -46.65001,  -0.33477, 113.13563, -35.70207, -10.67980,  89.72890, -31.10798, -10.93576,  87.14245, -32.99776, -11.35098,  83.69743, -34.71586, -10.95958,  81.10939, -35.33628, -12.67449,  86.64873, -32.73022, -15.60736,  81.89733, -32.87697, -16.24534,  78.14856, -32.71779, -15.94500,  76.03756, -32.38548, -13.03449,  86.92490, -31.51748, -16.09102,  82.43989, -31.00423, -16.69052,  78.51123, -29.79855, -15.58681,  76.36095, -28.83225, -13.22687,  87.24348, -30.66255, -16.16693,  83.50739, -29.48002, -16.79547,  80.29963, -27.92682, -15.88883,  78.24917, -26.79601, -13.26825,  87.73313, -29.62221, -16.03160,  84.61323, -27.91823, -16.70237,  82.29958, -26.30717, -15.96016,  80.91692, -25.36381
   6.51680,  14.26770,  84.99574, -47.67886,  24.53861,  81.14539, -46.85233,  14.12479,  43.14835, -68.72379, -13.05058,  11.85639, -75.87837,   3.99678,  88.84609, -48.50539, -24.53276,  54.04916, -46.09233, -52.44900,  22.89165, -41.76009,  17.13711,  92.58601, -47.97682,  22.71011, 109.48865, -50.53079,  25.54990, 121.54854, -53.58237,  27.85141, 139.56166, -59.62970,  28.17302, 143.69805, -60.55130,  28.31119, 147.92271, -60.99364,  29.60435, 133.33726, -59.14592,  44.30885, 128.47412, -63.54339,  33.50902, 104.69991, -73.65035,  23.16956,  88.14070, -90.82266,  20.03294,  88.62362, -91.32763,  16.21285,  88.54995, -91.95519,  13.59991,  87.99856, -91.63171,  19.80751,  87.92758, -93.00191,  15.65542,  85.53519, -95.87170,  12.40662,  83.63507, -96.43777,  10.64731,  82.44122, -96.06828,  20.61157,  86.92857, -93.18107,  16.99689,  84.05422, -96.07819,  14.04792,  81.15361, -96.44902,  12.48865,  79.49207, -95.19063,  21.28581,  86.28801, -93.24802,  18.63098,  83.17167, -95.93893,  16.48263,  80.28115, -96.29485,  15.09660,  78.49149, -95.20804,  22.18669,  85.58052, -93.14002,  20.30410,  82.30205, -95.58562,  18.98398,  79.75322, -95.98456,  18.12198,  78.40449, -95.09549,  24.70361, 134.86902, -56.44844,  11.75440, 136.82656, -47.08382,   2.99625, 112.91484, -35.44232,  -5.92128,  89.22611, -29.49911,  -6.17160,  86.53869, -31.24314,  -6.52552,  82.99584, -32.76476,  -6.04565,  80.40137, -33.28873,  -7.86118,  85.97709, -30.83274, -10.55225,  81.09051, -30.55258, -10.98697,  77.32843, -30.17381, -10.55824,  75.25344, -29.76446,  -8.15270,  86.29649, -29.61224, -10.93630,  81.70297, -28.67832, -11.25344,  77.81588, -27.25096,  -9.97972,  75.77170, -26.26374,  -8.30331,  86.64816, -28.76192, -10.96405,  82.84094, -27.20428, -11.32344,  79.68912, -25.46243, -10.24015,  77.74343, -24.30229,  -8.29971,  87.18698, -27.74533, -10.78073,  84.02907, -25.70925, -11.22373,  81.77013, -23.94876, -10.35075,  80.47342, -22.99534
   6.53346,  15.90535,  84.96960, -48.29261,  26.20683,  81.13025, -47.91987,  15.12270,  43.13540, -69.46323, -12.27583,  11.82210, -75.60109,   5.60387,  88.80894, -48.66536, -22.67653,  53.84672, -45.75925, -50.21463,  22.53776, -40.25676,  18.75066,  92.56317, -48.71247,  24.19090, 109.46951, -51.51599,  26.88364, 121.52801, -54.70336,  28.91340, 139.52977, -60.88046,  29.20305, 143.66697, -61.80898,  29.34135, 147.89334, -62.23459,  30.66649, 133.29875, -60.49175,  45.16199, 128.37763, -65.47904,  32.97125, 105.30950, -75.64012,  20.53875,  90.31937, -92.86595,  17.39609,  90.98970, -92.89564,  13.52893,  91.14941, -93.00497,  10.95308,  90.68631, -92.38317,  16.91475,  90.47310, -94.58085,  12.29345,  88.56391, -97.07035,   8.89473,  86.87629, -97.36405,   7.13285,  85.73176, -96.87130,  17.62981,  89.46167, -94.95809,  13.50916,  87.05199, -97.59149,  10.37512,  84.33708, -97.82502,   8.90018,  82.63093, -96.52534,  18.25161,  88.80130, -95.17415,  15.09398,  86.08774, -97.75614,  12.75492,  83.34556, -98.08229,  11.42173,  81.52122, -96.98708,  19.11669,  88.04699, -95.25441,  16.74607,  85.11348, -97.71370,  15.24084,  82.67814, -98.16290,  14.42592,  81.28819, -97.29312,  25.93016, 134.85063, -57.52547,  13.46546, 136.83977, -47.53124,   6.31491, 112.73196, -35.21527,  -1.39342,  88.90351, -28.23053,  -1.63587,  86.13706, -29.84749,  -1.92704,  82.52156, -31.20239,  -1.36400,  79.93076, -31.65716,  -3.26624,  85.52017, -29.29990,  -5.70343,  80.53717, -28.64510,  -5.93719,  76.77891, -28.09149,  -5.38638,  74.74350, -27.63250,  -3.48947,  85.87742, -28.07550,  -5.98848,  81.21028, -26.77398,  -6.02876,  77.37626, -25.17834,  -4.59834,  75.43257, -24.20286,  -3.59866,  86.25750, -27.23109,  -5.96965,  82.40670, -25.34682,  -6.06491,  79.31794, -23.46331,  -4.81720,  77.47152, -22.30611,  -3.55164,  86.83806, -26.23886,  -5.74136,  83.66325, -23.91527,  -5.96000,  81.46288, -22.04204,  -4.96583,  80.24644, -21.10159
   6.55013,  17.48062,  84.92395, -48.88504,  27.79276,  81.09561, -48.94361,  16.02989,  43.09849, -70.11996, -11.48531,  11.69172, -75.16020,   7.16847,  88.75229, -48.82648, -20.86658,  53.64079, -45.39106, -47.99095,  22.16486, -38.87878,  20.29810,  92.52126, -49.41143,  25.60545, 109.43277, -52.43022,  28.15947, 121.49087, -55.73125,  29.94273, 139.48399, -62.00877,  30.20898, 143.62203, -62.94058,  30.35903, 147.84972, -63.34871,  31.68959, 133.24641, -61.70714,  45.80034, 128.20572, -67.59682,  32.42276, 105.85886, -77.87582,  17.97642,  92.71234, -95.03602,  14.87571,  93.49809, -94.72819,  11.02488,  93.80735, -94.46774,   8.49760,  93.39515, -93.64370,  14.22322,  93.12370, -96.39330,   9.31897,  91.57211, -98.57044,   5.83781,  90.03642, -98.66433,   4.07940,  88.92455, -98.09099,  14.85714,  92.11685, -96.90421,  10.41649,  90.05853, -99.30526,   7.15967,  87.48487, -99.43499,   5.73488,  85.74391, -98.12555,  15.42790,  91.45158, -97.22208,  11.93696,  89.05125, -99.68225,   9.46167,  86.42794, -99.97946,   8.15446,  84.57887, -98.89442,  16.24886,  90.67384, -97.43409,  13.54250,  88.01643, -99.86046,  11.89913,  85.67726,-100.33584,  11.10618,  84.25852, -99.49265,  27.11510, 134.81666, -58.50584,  15.10167, 136.83150, -47.97836,   9.40258, 112.62780, -35.10586,   2.76996,  88.75049, -27.23933,   2.53946,  85.91323, -28.73043,   2.31995,  82.23681, -29.92548,   2.96959,  79.65735, -30.32605,   0.98510,  85.24713, -28.03850,  -1.15870,  80.19126, -27.01802,  -1.17295,  76.45164, -26.31045,  -0.49409,  74.46278, -25.82001,   0.83650,  85.64307, -26.81466,  -1.33591,  80.92577, -25.15669,  -1.07669,  77.16101, -23.42268,   0.51229,  75.32350, -22.48764,   0.77229,  86.05157, -25.97896,  -1.26802,  82.17827, -23.78003,  -1.07747,  79.16656, -21.78241,   0.33835,  77.42535, -20.65603,   0.86517,  86.67309, -25.01517,  -0.99399,  83.50026, -22.41708,  -0.96909,  81.36946, -20.45303,   0.14836,  80.23713, -19.54656
   6.56680,  19.03171,  84.90829, -49.38280,  29.33620,  81.09222, -49.88795,  16.86169,  43.08045, -70.62621, -10.69325,  11.58016, -74.78942,   8.72723,  88.72437, -48.87766, -19.12461,  53.51309, -45.00147, -45.73838,  21.81854, -37.51564,  21.81586,  92.50988, -50.01439,  26.97919, 109.42782, -53.23986,  29.39032, 121.48646, -56.64476,  30.92871, 139.47333, -63.00442,  31.17361, 143.61196, -63.93942,  31.33921, 147.84032, -64.33452,  32.66193, 133.22825, -62.79230,  46.37573, 128.08354, -69.47613,  31.80872, 106.53918, -79.85122,  15.98095,  94.80557, -96.81601,  13.04854,  95.79097, -95.94624,   9.32339,  96.37220, -95.06431,   6.91027,  96.05996, -93.91739,  12.13260,  95.69253, -97.52417,   6.83975,  94.84046, -99.09220,   3.24560,  93.61563, -98.83243,   1.48485,  92.58317, -98.13188,  12.58471,  94.71388, -98.24144,   7.66649,  93.35327,-100.16002,   4.18534,  91.08954,-100.09235,   2.79525,  89.31187, -98.79500,  13.03585,  94.05243, -98.71931,   9.01073,  92.28524,-100.88174,   6.27065,  89.93158,-101.10398,   4.95382,  88.06714,-100.05757,  13.73728,  93.24580, -99.14491,  10.46422,  91.15702,-101.42474,   8.54640,  89.04058,-101.91566,   7.74442,  87.59174,-101.13447,  28.26313, 134.81727, -59.36220,  16.80231, 136.87955, -48.24436,  12.28334, 112.64596, -34.96611,   6.75250,  88.78253, -26.25138,   6.53287,  85.89627, -27.64701,   6.37473,  82.18083, -28.72539,   7.09339,  79.61550, -29.09780,   5.05237,  85.19583, -26.83707,   3.16971,  80.09895, -25.54226,   3.34120,  76.38361, -24.73453,   4.12429,  74.43547, -24.23603,   4.96820,  85.62201, -25.61727,   3.08539,  80.88106, -23.69385,   3.59667,  77.18052, -21.87947,   5.31031,  75.42906, -21.00116,   4.94270,  86.05235, -24.79050,   3.19486,  82.17510, -22.35892,   3.62642,  79.23211, -20.29744,   5.17612,  77.57630, -19.21953,   5.07413,  86.70484, -23.85200,   3.50640,  83.54550, -21.05303,   3.73761,  81.47558, -19.03799,   4.95278,  80.41092, -18.17636
   6.58347,  20.53358,  84.90677, -49.94681,  30.80390,  81.10274, -50.97143,  17.70861,  43.07283, -71.28947,  -9.98937,  11.60310, -74.65896,  10.26326,  88.71079, -48.92218, -17.44350,  53.43033, -44.65506, -43.40395,  21.46336, -36.10852,  23.27595,  92.51278, -50.69677,  28.26843, 109.43769, -54.14685,  30.51617, 121.49740, -57.65805,  31.78181, 139.48036, -64.08852,  32.00570, 143.61909, -65.02836,  32.19427, 147.84709, -65.41684,  33.49259, 133.22649, -63.97747,  46.78245, 128.00945, -71.41873,  31.28243, 107.16557, -81.87253,  14.38321,  96.60035, -98.56961,  11.66250,  97.73454, -97.28978,   8.12040,  98.53257, -95.94479,   5.82161,  98.30937, -94.56570,  10.58170,  97.86977, -98.75678,   5.09777,  97.62020, -99.78796,   1.45178,  96.67833, -99.23545,  -0.31489,  95.73115, -98.43626,  10.86309,  96.93310, -99.60535,   5.66603,  96.18299,-101.07130,   2.01488,  94.22066,-100.81484,   0.60791,  92.44448, -99.53375,  11.19814,  96.28724,-100.18846,   6.82196,  95.08405,-102.03292,   3.86590,  92.99982,-102.15498,   2.49719,  91.15645,-101.13826,  11.77291,  95.47145,-100.76109,   8.09910,  93.89859,-102.83539,   5.95130,  92.00800,-103.29479,   5.10348,  90.56033,-102.56130,  29.30398, 134.83547, -60.30232,  18.42512, 136.94921, -48.62360,  14.90585, 112.73070, -35.01923,  10.24740,  88.92429, -25.66223,  10.02779,  86.00337, -26.98380,   9.91490,  82.26247, -27.97643,  10.68636,  79.71175, -28.34349,   8.62367,  85.27771, -26.06708,   6.98315,  80.15727, -24.55421,   7.31869,  76.46682, -23.68608,   8.19083,  74.55357, -23.20047,   8.60407,  85.72752, -24.85303,   6.99242,  80.97634, -22.71996,   7.73029,  77.33233, -20.86950,   9.54877,  75.65099, -20.06838,   8.61795,  86.17469, -24.03496,   7.14683,  82.30155, -21.42053,   7.79776,  79.41762, -19.33334,   9.46244,  77.83139, -18.32446,   8.78869,  86.85086, -23.11984,   7.49864,  83.70834, -20.16453,   7.92015,  81.69007, -18.12804,   9.21941,  80.68016, -17.32518
   6.60013,  21.94146,  84.97400, -50.52430,  32.15645,  81.17985, -52.02709,  18.43333,  43.12525, -71.87922,  -9.31659,  11.62098, -74.38889,  11.72647,  88.76815, -49.02150, -15.80367,  53.39777, -44.37272, -40.96025,  21.11053, -34.70026,  24.64247,  92.58391, -51.37765,  29.47421, 109.51562, -55.01796,  31.57361, 121.57708, -58.61398,  32.59830, 139.55919, -65.08957,  32.80946, 143.69763, -66.03361,  33.03040, 147.92425, -66.42005,  34.28396, 133.29755, -65.06767,  47.07806, 128.04832, -73.31185,  30.66026, 107.94241, -83.80987,  12.62498,  98.87282,-100.19496,  10.11612, 100.11211, -98.61497,   6.76915, 101.07418, -96.92246,   4.57736, 100.92456, -95.37011,   8.93613, 100.43509, -99.97210,   3.38524, 100.67501,-100.54577,  -0.26929,  99.97246, -99.74798,  -2.03744,  99.10515, -98.86572,   9.07198,  99.54436,-100.90203,   3.73078,  99.29666,-101.96570,  -0.03525,  97.60129,-101.52968,  -1.47475,  95.84727,-100.25420,   9.30592,  98.91942,-101.55328,   4.71330,  98.18699,-103.09345,   1.59774,  96.34569,-103.10117,   0.16968,  94.54128,-102.09624,   9.76508,  98.10667,-102.22589,   5.82195,  96.97052,-104.07909,   3.49814,  95.28559,-104.47826,   2.59705,  93.85616,-103.77304,  30.29162, 134.92258, -61.18687,  20.10648, 137.09373, -48.90848,  17.50444, 112.90983, -35.03878,  13.55229,  89.18434, -25.16552,  13.32143,  86.23515, -26.42073,  13.24299,  82.47521, -27.34217,  14.05734,  79.93969, -27.72173,  12.00617,  85.48910, -25.39505,  10.61953,  80.35505, -23.68690,  11.11801,  76.69117, -22.78517,  12.07512,  74.81092, -22.33178,  12.05971,  85.96014, -24.19011,  10.73530,  81.20716, -21.87143,  11.70291,  77.61820, -20.01927,  13.61944,  76.00063, -19.32213,  12.11878,  86.42227, -23.38243,  10.94400,  82.55933, -20.60785,  11.82046,  79.73202, -18.52572,  13.59563,  78.20919, -17.61200,  12.33472,  87.11920, -22.49279,  11.34420,  83.99751, -19.40292,  11.96424,  82.02838, -17.36908,  13.34446,  81.06811, -16.64421
   6.61680,  23.33331,  85.07686, -51.17947,  33.46555,  81.29389, -53.18618,  19.04612,  43.20258, -72.46611,  -8.69519,  11.61999, -73.82080,  13.20107,  88.85983, -49.17276, -14.17039,  53.40590, -44.23251, -38.57454,  20.80802, -33.71154,  25.98596,  92.69104, -52.13974,  30.64294, 109.63046, -55.96715,  32.58919, 121.69462, -59.63943,  33.37489, 139.67945, -66.14082,  33.57178, 143.81763, -67.08910,  33.82139, 148.04238, -67.47856,  35.03017, 133.41005, -66.20876,  47.22660, 128.14332, -75.30373,  30.06374, 108.67740, -85.81628,  10.80821, 101.34958,-101.67591,   8.56520, 102.66906, -99.79058,   5.47542, 103.77405, -97.73519,   3.42047, 103.68924, -96.00139,   7.30664, 103.19102,-101.00800,   1.77076, 103.93352,-101.05012,  -1.84988, 103.47797, -99.96888,  -3.60617, 102.69580, -98.98878,   7.28195, 102.36535,-102.00514,   1.86847, 102.64316,-102.58663,  -1.98266, 101.23784,-101.92231,  -3.45836,  99.51744,-100.64241,   7.40228, 101.77446,-102.71632,   2.64734, 101.54473,-103.87324,  -0.60949,  99.97418,-103.71962,  -2.10157,  98.22332,-102.71298,   7.72746, 100.97990,-103.48229,   3.55402, 100.31892,-105.03758,   1.06321,  98.86780,-105.33509,   0.10181,  97.46861,-104.64912,  31.24344, 135.04896, -62.13265,  21.70437, 137.26785, -49.35405,  19.84448, 113.13510, -35.27744,  16.54814,  89.50504, -24.94522,  16.29439,  86.53878, -26.15497,  16.22845,  82.76828, -27.03324,  17.06443,  80.24375, -27.43817,  15.05938,  85.78051, -25.04218,  13.87668,  80.64131, -23.20130,  14.49787,  76.99689, -22.29687,  15.51591,  75.13906, -21.88575,  15.17890,  86.26545, -23.84754,  14.08916,  81.51496, -21.40491,  15.23613,  77.96412, -19.58189,  17.22184,  76.38868, -18.98981,  15.27945,  86.73728, -23.04963,  14.35087,  82.88425, -20.16995,  15.40707,  80.09575, -18.11913,  17.26341,  78.61485, -17.30300,  15.53728,  87.44755, -22.18197,  14.79843,  84.34230, -19.00628,  15.57988,  82.40670, -16.99601,  17.01997,  81.47914, -16.34922
   6.63347,  24.67142,  85.20858, -51.91924,  34.68243,  81.44613, -54.49287,  19.67323,  43.32465, -73.25616,  -8.02385,  11.67516, -73.49423,  14.66041,  88.97103, -49.34560, -12.54844,  53.42614, -44.16647, -36.13329,  20.49150, -32.85543,  27.25887,  92.82963, -52.99585,  31.69974, 109.78160, -57.01952,  33.46527, 121.85084, -60.76569,  33.97863, 139.84121, -67.27898,  34.15504, 143.97916, -68.23225,  34.42844, 148.20165, -68.63008,  35.59565, 133.56370, -67.44672,  47.31430, 128.33677, -77.17103,  29.60894, 109.35487, -87.66902,   9.60130, 103.30929,-103.13334,   7.65120, 104.66741,-100.97020,   4.85608, 105.86964, -98.57556,   2.95557, 105.82763, -96.67230,   6.34541, 105.37901,-102.03182,   0.91326, 106.57608,-101.52407,  -2.62913, 106.34236,-100.15203,  -4.35861, 105.63784, -99.07060,   6.16359, 104.63344,-103.07474,   0.76622, 105.39807,-103.14461,  -3.12418, 104.26989,-102.22843,  -4.63287, 102.58779,-100.93614,   6.17063, 104.08833,-103.83119,   1.33333, 104.33641,-104.56580,  -2.02501, 103.03245,-104.22175,  -3.57574, 101.34144,-103.20152,   6.35835, 103.32792,-104.67400,   2.02636, 103.12865,-105.88544,  -0.59928, 101.91334,-106.05113,  -1.61929, 100.55163,-105.37446,  32.05048, 135.21546, -63.16379,  23.34640, 137.48204, -49.81045,  22.06661, 113.40108, -35.58127,  19.22400,  89.84990, -24.93883,  18.92366,  86.87659, -26.12026,  18.83747,  83.10202, -26.97909,  19.66923,  80.58283, -27.42398,  17.76389,  86.11279, -24.93280,  16.73721,  80.97173, -23.00550,  17.44240,  77.33642, -22.12640,  18.49899,  75.48882, -21.77006,  17.95049,  86.60371, -23.74925,  17.04925,  81.85465, -21.22827,  18.33338,  78.32111, -19.46403,  20.36429,  76.76468, -18.98597,  18.09454,  87.07970, -22.96053,  17.37264,  83.23122, -20.01625,  18.57329,  80.46021, -18.02199,  20.48765,  78.99817, -17.31291,  18.39772,  87.79572, -22.11247,  17.87654,  84.69781, -18.88683,  18.79324,  82.77720, -16.91976,  20.27728,  81.86433, -16.35686
   6.65013,  25.98049,  85.37141, -52.78155,  35.85567,  81.63555, -55.86766,  20.23936,  43.48383, -74.06549,  -7.31215,  11.72497, -72.98638,  16.10531,  89.10728, -49.69544, -10.94305,  53.47985, -44.24968, -33.61323,  20.15332, -32.23797,  28.50084,  93.00101, -53.95266,  32.73298, 109.96926, -58.12973,  34.33130, 122.04557, -61.92784,  34.60323, 140.04355, -68.43462,  34.76354, 144.18078, -69.39389,  35.06220, 148.40015, -69.80645,  36.18207, 133.75929, -68.69017,  47.31785, 128.56223, -79.09185,  29.23347, 109.91901, -89.55061,   8.48027, 105.22815,-104.49386,   6.64711, 106.62864,-102.25674,   3.97111, 107.90112, -99.76431,   2.12831, 107.90402, -97.80468,   5.33705, 107.40064,-103.26978,  -0.02984, 108.78770,-102.58300,  -3.53564, 108.66542,-101.10651,  -5.25658, 108.01052, -99.98116,   5.09677, 106.67546,-104.31525,  -0.26857, 107.63649,-104.21185,  -4.16850, 106.63883,-103.19076,  -5.69843, 104.99638,-101.87271,   5.06111, 106.14011,-105.07783,   0.21630, 106.57305,-105.66186,  -3.17579, 105.38768,-105.23084,  -4.75621, 103.74131,-104.18353,   5.19541, 105.38414,-105.93472,   0.82462, 105.35777,-107.01590,  -1.84763, 104.24084,-107.11564,  -2.89615, 102.90860,-106.42405,  32.85959, 135.41995, -64.23558,  24.93272, 137.71717, -50.41177,  24.16439, 113.67966, -36.07274,  21.60387,  90.18317, -25.23952,  21.22435,  87.21071, -26.40012,  21.07843,  83.43661, -27.25289,  21.87675,  80.91664, -27.75143,  20.14278,  86.44775, -25.14051,  19.23662,  81.30707, -23.15271,  19.99281,  77.67057, -22.32224,  21.06802,  75.82161, -22.03551,  20.40600,  86.93795, -23.97131,  19.66382,  82.18888, -21.39904,  21.05501,  78.65312, -19.72262,  23.11071,  77.09413, -19.37724,  20.60123,  87.41345, -23.19337,  20.06642,  83.56457, -20.20995,  21.39006,  80.79132, -18.29834,  23.34449,  79.32678, -17.71486,  20.95939,  88.12875, -22.36641,  20.64392,  85.03009, -19.11492,  21.68346,  83.10760, -17.21182,  23.19967,  82.19278, -16.74623
   6.66680,  27.30780,  85.56143, -53.62905,  37.01865,  81.86706, -57.24168,  20.73912,  43.65617, -74.71991,  -6.42363,  11.64218, -72.23698,  17.59696,  89.25581, -50.01642,  -9.33515,  53.57769, -44.33154, -30.98769,  19.80078, -31.71556,  29.74902,  93.20371, -54.88219,  33.75065, 110.19701, -59.18280,  35.17315, 122.28509, -63.01326,  35.20433, 140.29633, -69.48891,  35.34413, 144.43340, -70.45201,  35.65866, 148.64997, -70.88112,  36.74265, 134.00627, -69.83354,  47.31743, 128.82105, -80.81067,  28.94380, 110.42599, -91.20447,   7.46231, 107.17336,-105.48614,   5.69318, 108.61678,-103.22489,   3.08240, 109.95112,-100.69591,   1.26881, 109.99714, -98.70973,   4.38583, 109.41617,-104.22003,  -0.93864, 110.92208,-103.45763,  -4.42444, 110.87900,-101.93022,  -6.14283, 110.26363,-100.77895,   4.11446, 108.69513,-105.26075,  -1.22634, 109.77433,-105.08100,  -5.13203, 108.86420,-104.00182,  -6.67842, 107.25755,-102.65908,   4.05593, 108.15972,-106.02187,  -0.78615, 108.69861,-106.53621,  -4.19690, 107.58886,-106.05409,  -5.79779, 105.97907,-104.98132,   4.16107, 107.39989,-106.87942,  -0.22450, 107.46849,-107.89699,  -2.92188, 106.41062,-107.95614,  -3.98931, 105.10270,-107.24727,  33.64711, 135.67048, -65.21964,  26.43517, 137.99096, -51.01354,  26.05390, 113.96875, -36.63342,  23.68165,  90.50391, -25.68930,  23.20748,  87.54098, -26.83941,  22.97500,  83.77261, -27.69831,  23.71801,  81.24688, -28.25035,  22.18882,  86.78336, -25.52532,  21.33906,  81.64309, -23.51173,  22.10130,  77.99513, -22.73903,  23.17105,  76.13384, -22.51949,  22.52111,  87.26535, -24.37038,  21.87136,  82.51223, -21.78063,  23.31519,  78.95450, -20.19782,  25.37018,  77.37277, -19.97250,  22.76384,  87.73516, -23.60242,  22.35326,  83.87812, -20.60988,  23.75064,  81.08245, -18.78540,  25.71861,  79.59509, -18.31638,  23.17448,  88.44286, -22.79351,  23.00557,  85.33247, -19.54230,  24.12782,  83.39047, -17.70719,  25.65758,  82.45788, -17.32952
   6.68347,  28.61533,  85.77539, -54.63679,  38.10553,  82.13749, -58.84415,  21.25067,  43.86699, -75.63303,  -5.48688,  11.63697, -71.73376,  19.12513,  89.41329, -50.42944,  -7.73007,  53.72286, -44.46494, -28.14522,  19.40424, -31.26155,  30.95704,  93.43405, -55.97684,  34.68198, 110.45998, -60.39531,  35.90065, 122.56455, -64.24392,  35.66032, 140.59672, -70.65663,  35.77168, 144.73439, -71.62086,  36.09287, 148.94847, -72.06905,  37.15105, 134.30159, -71.10279,  47.12277, 129.09661, -82.62160,  28.59444, 110.82215, -92.95336,   6.84217, 108.26851,-106.96469,   5.11512, 109.75867,-104.70122,   2.54685, 111.15589,-102.16269,   0.74994, 111.24752,-100.16299,   3.81349, 110.57210,-105.69248,  -1.47902, 112.17261,-104.90081,  -4.95295, 112.19955,-103.34623,  -6.67226, 111.62187,-102.17694,   3.52199, 109.84770,-106.72538,  -1.79852, 111.01735,-106.51286,  -5.71024, 110.18095,-105.39646,  -7.27257, 108.61076,-104.02927,   3.44858, 109.30749,-107.48181,  -1.38775, 109.92324,-107.96295,  -4.81261, 108.87439,-107.44583,  -6.43161, 107.29989,-106.34816,   3.53432, 108.53942,-108.33416,  -0.85736, 108.67346,-109.31835,  -3.57235, 107.66038,-109.34838,  -4.65582, 106.37599,-108.62107,  34.31524, 135.96326, -66.32398,  27.81388, 138.29013, -51.77997,  27.79013, 114.25013, -37.42456,  25.46378,  90.78637, -26.46827,  24.86055,  87.84689, -27.61811,  24.49485,  84.09372, -28.49692,  25.14832,  81.55721, -29.10947,  23.89432,  87.09977, -26.25917,  23.03000,  81.96046, -24.24933,  23.74540,  78.28830, -23.54995,  24.78101,  76.40072, -23.40326,  24.29771,  87.56233, -25.11901,  23.67226,  82.79963, -22.54090,  25.11256,  79.19380, -21.06749,  27.13868,  77.56292, -20.96421,  24.59121,  88.01866, -24.36072,  24.24667,  84.14219, -21.38499,  25.67116,  81.29683, -19.66108,  27.62535,  79.75983, -19.30905,  25.06006,  88.70853, -23.56822,  24.98791,  85.57030, -20.34026,  26.15837,  83.58457, -18.58376,  27.68337,  82.61319, -18.29507
   6.70013,  29.79363,  85.32940, -55.61029,  39.05651,  81.75254, -60.34370,  21.65644,  43.40859, -76.39247,  -4.67038,  11.04529, -71.06418,  20.53075,  88.90626, -50.87689,  -6.20663,  53.17962, -44.60761, -25.54606,  18.36020, -31.09947,  32.03966,  93.00507, -57.01522,  35.50714, 110.06558, -61.50922,  36.54082, 122.18829, -65.35486,  36.06028, 140.24363, -71.68838,  36.14604, 144.38203, -72.65212,  36.47209, 148.59361, -73.11979,  37.50675, 133.94528, -72.22551,  46.77601, 128.70782, -84.30275,  28.25239, 110.38836, -94.56303,   6.34740, 108.28719,-108.41065,   4.62716, 109.83791,-106.18297,   2.06395, 111.30905,-103.68135,   0.26148, 111.45702,-101.69004,   3.33650, 110.64378,-107.19455,  -1.94321, 112.30917,-106.45282,  -5.42177, 112.39940,-104.91103,  -7.15026, 111.86109,-103.73650,   3.04153, 109.90187,-108.21396,  -2.26837, 111.12533,-108.04286,  -6.19141, 110.34787,-106.92363,  -7.77295, 108.81973,-105.53111,   2.96547, 109.34754,-108.95983,  -1.86323, 109.99898,-109.46966,  -5.29950, 108.99272,-108.94373,  -6.93686, 107.45546,-107.82078,   3.04674, 108.56200,-109.79657,  -1.34026, 108.71774,-110.79831,  -4.06459, 107.72978,-110.81768,  -5.16249, 106.47022,-110.06890,  34.90504, 135.59935, -67.31275,  29.21197, 137.92537, -52.43362,  29.43406, 113.84013, -38.15595,  26.99045,  90.34176, -27.29984,  26.21947,  87.44388, -28.45501,  25.67232,  83.72032, -29.36502,  26.20008,  81.17324, -30.05057,  25.30678,  86.70823, -27.05347,  24.37844,  81.56943, -25.07105,  25.00299,  77.86396, -24.46685,  25.97824,  75.93983, -24.40723,  25.79068,  87.13799, -25.93196,  25.14640,  82.35805, -23.39065,  26.54078,  78.68134, -22.05464,  28.51086,  76.98045, -22.09180,  26.14291,  87.57153, -25.18539,  25.83281,  83.66105, -22.25066,  27.25248,  80.74071, -20.65276,  29.16830,  79.13204, -20.43611,  26.68026,  88.23187, -24.41144,  26.68231,  85.04563, -21.23003,  27.88064,  82.99248, -19.57263,  29.38453,  81.96477, -19.38634
   6.71680,  30.79699,  84.87295, -56.54362,  39.79350,  81.36622, -61.81293,  21.81939,  42.91776, -76.95332,  -3.81598,  10.27981, -70.13663,  21.80048,  88.37968, -51.27432,  -4.81300,  52.60664, -44.74776, -23.06715,  17.30153, -30.99237,  32.94251,  92.56752, -58.00123,  36.14583, 109.66778, -62.54001,  36.99434, 121.81243, -66.36168,  36.28068, 139.89705, -72.58876,  36.33805, 144.03746, -73.54598,  36.66135, 148.24771, -74.02737,  37.67949, 133.59661, -73.21946,  46.38551, 128.32979, -85.69647,  27.98077, 109.85177, -95.88609,   6.02097, 107.94128,-109.67440,   4.28881, 109.56734,-107.51058,   1.71049, 111.12720,-105.07923,  -0.11080, 111.34474,-103.11157,   3.01371, 110.35142,-108.55836,  -2.26202, 112.07117,-107.91943,  -5.75517, 112.22845,-106.41649,  -7.49885, 111.73566,-105.24444,   2.72406, 109.58190,-109.55864,  -2.57907, 110.84341,-109.47748,  -6.51818, 110.12385,-108.37612,  -8.12367, 108.64712,-106.95580,   2.65181, 109.00648,-110.28876,  -2.16713, 109.67327,-110.86660,  -5.61509, 108.70458,-110.34661,  -7.27375, 107.21121,-109.19604,   2.73624, 108.19632,-111.10134,  -1.63938, 108.35044,-112.15189,  -4.36986, 107.37958,-112.17022,  -5.48352, 106.14943,-111.39624,  35.31439, 135.23711, -68.18408,  30.35154, 137.55743, -53.04485,  30.75314, 113.39279, -38.90593,  28.03088,  89.83185, -28.25364,  27.09102,  86.98750, -29.41679,  26.35461,  83.30512, -30.36025,  26.74795,  80.75305, -31.11413,  26.22131,  86.26108, -27.98347,  25.19339,  81.12520, -26.04306,  25.70244,  77.38800, -25.53331,  26.60376,  75.42736, -25.55523,  26.77684,  86.65107, -26.88078,  26.07422,  81.85249, -24.39060,  27.38913,  78.10105, -23.18846,  29.28716,  76.32740, -23.35351,  27.18243,  87.05688, -26.14579,  26.86678,  83.10689, -23.26505,  28.24944,  80.10528, -21.79001,  30.10956,  78.42110, -21.69733,  27.78298,  87.68171, -25.38900,  27.81935,  84.43882, -22.26557,  29.01785,  82.31094, -20.70540,  30.48798,  81.22344, -20.61251
   6.73347,  31.55779,  84.40014, -57.46654,  40.21776,  80.98316, -63.32565,  21.77796,  42.42091, -77.59135,  -2.89457,   9.42622, -69.13604,  22.89782,  87.81712, -51.60743,  -3.55303,  51.96960, -44.83308, -20.68781,  16.18325, -30.88276,  33.58646,  92.11776, -58.96895,  36.48920, 109.26719, -63.52434,  37.13047, 121.43980, -67.29712,  36.16017, 139.56185, -73.37903,  36.18246, 143.70602, -74.32126,  36.49465, 147.91644, -74.80850,  37.49996, 133.26020, -74.11674,  45.56641, 127.96741, -87.00583,  27.36835, 109.25810, -97.14448,   5.41272, 107.34713,-110.93935,   3.65435, 109.04437,-108.85270,   1.04597, 110.68565,-106.50858,  -0.80232, 110.96906,-104.57477,   2.39613, 109.79760,-109.94267,  -2.88372, 111.54765,-109.43316,  -6.39729, 111.75962,-107.98557,  -8.15856, 111.30775,-106.82336,   2.11866, 108.99745,-110.92216,  -3.18188, 110.27193,-110.95601,  -7.13793, 109.59573,-109.88838,  -8.76700, 108.16797,-108.44504,   2.05525, 108.39940,-111.63470,  -2.75337, 109.05762,-112.30151,  -6.21075, 108.11302,-111.80009,  -7.88923, 106.66021,-110.62656,   2.14907, 107.56378,-112.42002,  -2.21090, 107.69373,-113.53679,  -4.94330, 106.72847,-113.56314,  -6.07086, 105.52571,-112.76656,  35.40844, 134.88044, -68.95531,  31.18249, 137.18300, -53.59140,  31.75329, 112.90564, -39.65283,  28.64719,  89.27857, -29.25506,  27.52453,  86.50813, -30.43440,  26.57755,  82.88631, -31.42335,  26.81816,  80.33885, -32.25321,  26.69307,  85.78545, -28.97668,  25.52874,  80.65337, -27.10448,  25.89221,  76.88588, -26.70507,  26.70178,  74.88856, -26.81576,  27.31828,  86.12313, -27.89423,  26.52035,  81.29994, -25.48150,  27.72070,  77.46554, -24.43080,  29.52635,  75.61457, -24.72938,  27.77683,  86.49231, -27.17116,  27.42229,  82.48990, -24.36837,  28.73734,  79.39462, -23.03158,  30.52166,  77.62828, -23.06890,  28.44089,  87.07111, -26.43101,  28.48130,  83.75336, -23.38727,  29.65624,  81.53669, -21.93664,  31.07843,  80.38347, -21.94103
   6.75014,  32.09843,  84.15577, -58.38952,  40.42845,  80.82935, -64.75707,  21.56233,  42.13996, -78.09068,  -1.99995,   8.76651, -68.09533,  23.76842,  87.48219, -52.02196,  -2.49987,  51.57015, -44.88853, -18.48507,  15.25158, -30.94902,  34.01974,  91.89546, -59.91930,  36.65248, 109.09218, -64.46043,  37.11058, 121.29218, -68.17092,  35.91660, 139.45079, -74.10207,  35.90631, 143.59882, -75.02742,  36.20448, 147.80989, -75.51782,  37.19945, 133.14930, -74.93600,  44.52913, 127.82626, -88.24581,  26.66119, 108.78456, -98.35276,   4.76423, 106.67855,-112.21232,   2.96218, 108.43726,-110.21580,   0.30571, 110.14531,-107.97569,  -1.57883, 110.48557,-106.08655,   1.72182, 109.14905,-111.35306,  -3.57218, 110.89463,-110.99879,  -7.11251, 111.14094,-109.62365,  -8.89343, 110.72107,-108.47952,   1.46506, 108.31579,-112.31034,  -3.83807, 109.56796,-112.48360,  -7.81091, 108.91228,-111.46674,  -9.46166, 107.52690,-110.00682,   1.41674, 107.69419,-113.00364,  -3.38088, 108.31135,-113.77993,  -6.84383, 107.37055,-113.31080,  -8.53892, 105.95100,-112.12057,   1.52774, 106.83335,-113.75891,  -2.81130, 106.90934,-114.95905,  -5.53959, 105.93318,-115.00335,  -6.67773, 104.75317,-114.18802,  35.35737, 134.74707, -69.67350,  31.97035, 137.01861, -54.09858,  32.66473, 112.62185, -40.37575,  28.98911,  88.92445, -30.32971,  27.65882,  86.25717, -31.53074,  26.46735,  82.72464, -32.57671,  26.52656,  80.19676, -33.49452,  26.86538,  85.53161, -30.05341,  25.52224,  80.40899, -28.27751,  25.70097,  76.61650, -28.01160,  26.39432,  74.58411, -28.22519,  27.56275,  85.80015, -28.99596,  26.62950,  80.94877, -26.69067,  27.67259,  77.02408, -25.82111,  29.35752,  75.09159, -26.27066,  28.07717,  86.12072, -28.28745,  27.65060,  82.05240, -25.59162,  28.86284,  78.84996, -24.42031,  30.54450,  76.99446, -24.60542,  28.80876,  86.63914, -27.56646,  28.82554,  83.22547, -24.63047,  29.95154,  80.90357, -23.31164,  31.30701,  79.67796, -23.42620
   6.76680,  32.53622,  84.09010, -59.17291,  40.51199,  80.87416, -66.03183,  21.25424,  42.02300, -78.29193,  -0.91935,   8.20043, -66.74891,  24.56045,  87.30605, -52.31398,  -1.53935,  51.34727, -44.80731, -16.29517,  14.43496, -31.07331,  34.34630,  91.85532, -60.70898,  36.71655, 109.10288, -65.20160,  37.01243, 121.32777, -68.84607,  35.65544, 139.51483, -74.65373,  35.61932, 143.66618, -75.56343,  35.90280, 147.87840, -76.05261,  36.89205, 133.21400, -75.55940,  43.55403, 127.86483, -89.20544,  26.17009, 108.36916, -99.29095,   4.39223, 105.81386,-113.26217,   2.52626, 107.61972,-111.36913,  -0.19896, 109.37366,-109.25034,  -2.13002, 109.75737,-107.41735,   1.30504, 108.27793,-112.55820,  -4.01377, 109.97476,-112.38475,  -7.58726, 110.22820,-111.09961,  -9.38957, 109.82783,-109.98232,   1.07918, 107.40940,-113.49162,  -4.23141, 108.59490,-113.82838,  -8.21953, 107.92974,-112.87978,  -9.88885, 106.57682,-111.41057,   1.05339, 106.76382,-114.16390,  -3.73127, 107.29971,-115.06971,  -7.19404, 106.33655,-114.64694,  -8.90112, 104.93971,-113.44702,   1.19081, 105.87883,-114.88619,  -3.11997, 105.86451,-116.18635,  -5.83611, 104.85666,-116.25868,  -6.98028, 103.69260,-115.42899,  35.24125, 134.79321, -70.22827,  32.61049, 137.02984, -54.50292,  33.41809, 112.49309, -41.03830,  28.94883,  88.74312, -31.44849,  27.43485,  86.18621, -32.67185,  26.02205,  82.75357, -33.77341,  25.91366,  80.25779, -34.77110,  26.66930,  85.45195, -31.18413,  25.14475,  80.34564, -29.51069,  25.14188,  76.54220, -29.37100,  25.72141,  74.48630, -29.67816,  27.42385,  85.65039, -30.15073,  26.34464,  80.77700, -27.95838,  27.22325,  76.77883, -27.25829,  28.78719,  74.78154, -27.84183,  27.98363,  85.92143, -29.45605,  27.46638,  81.79168, -26.87180,  28.56330,  78.49610, -25.85543,  30.13917,  76.56703, -26.17238,  28.77067,  86.37882, -28.75238,  28.73927,  82.87268, -25.92757,  29.80114,  80.45543, -24.73270,  31.08652,  79.16888, -24.94517
   6.78347,  32.94041,  84.90469, -59.96928,  40.48970,  81.83034, -67.35552,  20.95340,  42.82022, -78.63060,   0.56655,   8.43295, -65.56281,  25.39113,  87.97903, -52.58303,  -0.56559,  52.03382, -44.53475, -13.72121,  14.44413, -31.01365,  34.62129,  92.70068, -61.49619,  36.68364, 110.01384, -65.88728,  36.77898, 122.27726, -69.41106,  35.18775, 140.51467, -74.99715,  35.11317, 144.67225, -75.87550,  35.37259, 148.88711, -76.35520,  36.35225, 134.21730, -76.01552,  42.34520, 128.85608, -89.96370,  25.38635, 108.98876,-100.04769,   3.79872, 105.69476,-114.15881,   1.86261, 107.52015,-112.35715,  -0.93657, 109.28552,-110.34707,  -2.91361, 109.68677,-108.56764,   0.65761, 108.12538,-113.59010,  -4.69025, 109.73762,-113.57881,  -8.29490, 109.96646,-112.37890, -10.11484, 109.56671,-111.29033,   0.46641, 107.22815,-114.50391,  -4.85375, 108.31557,-114.98824,  -8.85071, 107.61023,-114.10834, -10.53023, 106.27020,-112.63894,   0.46585, 106.56419,-115.15854,  -4.30558, 106.99559,-116.18227,  -7.76097, 105.98684,-115.80828,  -9.47157, 104.59496,-114.60760,   0.63339, 105.66229,-115.85302,  -3.64679, 105.54092,-117.24543,  -6.34416, 104.48644,-117.34881,  -7.48761, 103.32651,-116.51236,  34.98763, 135.75907, -70.59327,  33.10701, 137.93791, -54.75263,  34.04264, 113.23006, -41.61311,  28.73553,  89.47389, -32.47642,  27.04576,  87.04679, -33.73355,  25.41467,  83.73594, -34.90410,  25.13879,  81.28845, -35.98567,  26.29486,  86.29775, -32.24573,  24.56051,  81.21801, -30.70064,  24.36026,  77.41729, -30.69698,  24.81852,  75.34711, -31.09864,  27.09466,  86.41777, -31.23452,  25.83531,  81.52784, -29.17934,  26.52405,  77.46598, -28.65557,  27.95814,  75.41365, -29.36757,  27.69206,  86.63307, -30.55177,  27.04682,  82.44137, -28.09942,  28.00188,  79.05742, -27.24275,  29.46084,  77.06252, -27.68651,  28.52650,  87.02222, -29.86178,  28.40771,  83.41861, -27.16488,  29.38076,  80.90628, -26.09725,  30.58766,  79.56371, -26.40296
   6.80014,  33.42225,  85.89977, -60.76799,  40.56726,  82.96543, -68.59988,  20.83750,  43.78138, -78.89213,   2.23540,   8.92360, -64.47781,  26.27724,  88.83412, -52.93610,   0.52569,  52.90422, -44.19058, -10.86246,  14.57472, -31.15086,  34.98558,  93.72436, -62.27338,  36.77559, 111.09812, -66.54288,  36.69772, 123.39766, -69.93892,  34.90833, 141.68320, -75.30328,  34.79903, 145.84670, -76.14936,  35.03329, 150.06434, -76.61750,  36.00495, 135.39091, -76.42332,  41.17199, 130.04488, -90.70379,  24.80053, 109.70751,-100.82142,   3.44244, 105.55197,-115.05391,   1.41636, 107.36005,-113.33566,  -1.47549, 109.08870,-111.42741,  -3.50351, 109.47190,-109.70219,   0.22445, 107.90651,-114.60816,  -5.16381, 109.37105,-114.75235,  -8.80026, 109.52530,-113.63967, -10.63357, 109.09811,-112.58447,   0.07886, 106.98579,-115.50690,  -5.25601, 107.91642,-116.13474,  -9.25185, 107.11970,-115.33106, -10.92830, 105.76445,-113.87214,   0.11147, 106.30877,-116.14719,  -4.64476, 106.58778,-117.28784,  -8.07942, 105.49232,-116.97112,  -9.77927, 104.07888,-115.78041,   0.31941, 105.39775,-116.81845,  -3.92238, 105.13025,-118.30477,  -6.58715, 104.00013,-118.44702,  -7.71801, 102.82662,-117.61239,  34.89618, 136.89335, -70.93212,  33.67231, 139.01442, -55.01944,  34.72603, 114.14334, -42.20074,  28.43460,  90.44308, -33.55691,  26.59658,  88.14022, -34.83950,  24.77811,  84.94942, -36.06601,  24.35598,  82.55516, -37.21730,  25.85502,  87.37671, -33.35436,  23.92946,  82.33292, -31.92206,  23.55086,  78.54750, -32.03535,  23.89932,  76.47317, -32.51774,  26.68873,  87.42554, -32.36483,  25.26127,  82.53215, -30.43140,  25.77318,  78.42751, -30.06086,  27.08776,  76.33655, -30.88267,  27.31527,  87.58992, -31.69414,  26.54540,  83.35193, -29.36018,  27.36482,  79.90058, -28.64330,  28.71477,  77.85675, -29.19604,  28.18686,  87.91670, -31.01787,  27.97744,  84.23333, -28.43672,  28.86197,  81.64423, -27.48142,  29.99495,  80.25861, -27.86738
   6.81680,  34.02506,  87.02683, -61.57907,  40.73452,  84.24186, -69.83903,  20.87765,  44.85680, -79.06429,   4.27671,   9.52624, -63.41067,  27.31559,  89.81179, -53.31910,   1.78811,  53.89772, -43.87922,  -7.82552,  14.84545, -31.57585,  35.47008,  94.88007, -63.05313,  36.99315, 112.31485, -67.17490,  36.74936, 124.65184, -70.42403,  34.77298, 142.98951, -75.53904,  34.63092, 147.15947, -76.34758,  34.84130, 151.38011, -76.79976,  35.79805, 136.70464, -76.76364,  40.31645, 131.39405, -91.27542,  24.48578, 110.64888,-101.42567,   3.44718, 105.34236,-115.75111,   1.33978, 107.12431,-114.10490,  -1.63474, 108.80711,-112.28477,  -3.70702, 109.16493,-110.60736,   0.16036, 107.61799,-115.41018,  -5.26021, 108.93694,-115.68738,  -8.92150, 109.01329,-114.65068, -10.76429, 108.55523,-113.62537,   0.05732, 106.67906,-116.29585,  -5.28604, 107.45778,-117.04637,  -9.27536, 106.56902,-116.30960, -10.94541, 105.19415,-114.86176,   0.12071, 105.99267,-116.92374,  -4.61679, 106.12694,-118.16419,  -8.02745, 104.94640,-117.89786,  -9.71388, 103.50833,-116.71761,   0.36609, 105.07652,-117.57510,  -3.83589, 104.67245,-119.14146,  -6.46678, 103.47007,-119.31790,  -7.58349, 102.28098,-118.48628,  34.94571, 138.16064, -71.21444,  34.43292, 140.17174, -55.24877,  35.61979, 115.12541, -42.78793,  28.12243,  91.58451, -34.68756,  26.13675,  89.43832, -36.02079,  24.12235,  86.40294, -37.33266,  23.54745,  84.08289, -38.56674,  25.38080,  88.65827, -34.55159,  23.20453,  83.67459, -33.27651,  22.61458,  79.92302, -33.52815,  22.83872,  77.85348, -34.09714,  26.23360,  88.62214, -33.57790,  24.57192,  83.74139, -31.80639,  24.86196,  79.60343, -31.60491,  26.04356,  77.47790, -32.53310,  26.88025,  88.72527, -32.91412,  25.91859,  84.44657, -30.73041,  26.55809,  80.92985, -30.16390,  27.78244,  78.83874, -30.82217,  27.78063,  88.97681, -32.24343,  27.41368,  85.21099, -29.80265,  28.17028,  82.54155, -28.96598,  29.21754,  81.11240, -29.42786
   6.83347,  34.70940,  87.95538, -62.39492,  40.88381,  85.34416, -71.11605,  21.00062,  45.77065, -79.43352,   6.68982,   9.99464, -62.57668,  28.53499,  90.56661, -53.67379,   3.31419,  54.62157, -43.55206,  -4.48738,  14.93112, -32.03345,  36.02801,  95.83949, -63.82198,  37.26983, 113.34120, -67.74991,  36.85421, 125.72055, -70.81529,  34.68786, 144.11898, -75.62614,  34.51354, 148.29672, -76.38679,  34.70167, 152.52092, -76.81480,  35.62232, 137.84413, -76.96890,  39.50421, 132.60222, -91.68839,  24.36575, 111.37913,-101.90638,   3.78401, 104.55563,-116.25322,   1.52783, 106.23909,-114.70333,  -1.59278, 107.77509,-113.00190,  -3.73065, 108.03988,-111.39084,   0.35988, 106.63707,-116.05093,  -5.11877, 107.62483,-116.50668,  -8.80686, 107.50194,-115.57473, -10.64848, 106.95396,-114.59233,   0.33840, 105.67729,-116.91983,  -5.01746, 106.12166,-117.83546,  -8.96707, 105.01037,-117.19278, -10.59448, 103.56557,-115.76460,   0.46055, 104.98430,-117.53158,  -4.23840, 104.81249,-118.90675,  -7.57963, 103.43573,-118.71208,  -9.21183, 101.92188,-117.55050,   0.77855, 104.07243,-118.15701,  -3.34472, 103.38920,-119.83193,  -5.89366, 102.02890,-120.05748,  -6.96193, 100.79103,-119.23342,  35.06633, 139.24326, -71.36771,  35.24405, 141.11141, -55.37745,  36.58121, 115.86335, -43.34636,  27.93826,  92.55905, -35.71687,  25.82662,  90.57870, -37.11177,  23.63611,  87.71201, -38.51751,  22.92370,  85.47507, -39.83079,  25.03629,  89.78886, -35.66607,  22.58897,  84.89209, -34.55642,  21.78625,  81.19154, -34.94001,  21.88963,  79.13503, -35.58583,  25.89132,  89.66891, -34.70110,  23.96647,  84.82756, -33.09567,  24.02308,  80.67522, -33.04748,  25.07711,  78.52215, -34.06183,  26.54661,  89.71092, -34.03911,  25.35711,  85.41563, -32.00534,  25.79988,  81.85000, -31.57247,  26.90011,  79.71891, -32.31618,  27.46367,  89.88646, -33.36682,  26.89842,  86.05992, -31.06214,  27.50762,  83.32308, -30.32933,  28.46964,  81.85520, -30.85125
   6.85014,  35.48891,  88.72482, -63.22508,  41.14988,  86.27232, -72.33215,  21.30021,  46.51533, -79.81250,   9.33752,  10.31579, -62.05404,  29.82795,  91.17732, -54.11801,   4.98654,  55.18865, -43.24125,  -1.18565,  14.96057, -32.63556,  36.70305,  96.63485, -64.60051,  37.70633, 114.19688, -68.32192,  37.13665, 126.61870, -71.18396,  34.77952, 145.08229, -75.64259,  34.57341, 149.26850, -76.34664,  34.74030, 153.49658, -76.74408,  35.60424, 138.82036, -77.11160,  38.75912, 133.67565, -92.03771,  24.16321, 112.10106,-102.30887,   4.09522, 103.74507,-116.57256,   1.69417, 105.30436,-115.11306,  -1.56375, 106.66289,-113.52161,  -3.75684, 106.81546,-111.97140,   0.53966, 105.60258,-116.49751,  -4.97707, 106.22411,-117.11263,  -8.67328, 105.87752,-116.27386, -10.50146, 105.22772,-115.32913,   0.60358, 104.62880,-117.34856,  -4.74321, 104.70834,-118.41000,  -8.62870, 103.35365,-117.84860, -10.19729, 101.83058,-116.43602,   0.78663, 103.93493,-117.94390,  -3.85270, 103.43457,-119.43619,  -7.10211, 101.84697,-119.30193,  -8.66386, 100.25015,-118.15465,   1.17955, 103.03516,-118.54376,  -2.84443, 102.05688,-120.31125,  -5.29324, 100.53007,-120.57689,  -6.30116,  99.23955,-119.75761,  35.38337, 140.15418, -71.47138,  36.15949, 141.88825, -55.48386,  37.62773, 116.45695, -43.86091,  27.78285,  93.49801, -36.65219,  25.57191,  91.67033, -38.10058,  23.23798,  88.96211, -39.58742,  22.41191,  86.80608, -40.96773,  24.74650,  90.87545, -36.67743,  22.06062,  86.07387, -35.71307,  21.07352,  82.43183, -36.20989,  21.07275,  80.39420, -36.92055,  25.59669,  90.68262, -35.72003,  23.43653,  85.89468, -34.26042,  23.28615,  81.74523, -34.34322,  24.22920,  79.57555, -35.42894,  26.25478,  90.67100, -35.05959,  24.85726,  86.37803, -33.15749,  25.12269,  82.78287, -32.83884,  26.11359,  80.62428, -33.65353,  27.18099,  90.77933, -34.38565,  26.43094,  86.91465, -32.20044,  26.90460,  84.12907, -31.55654,  27.79104,  82.63239, -32.12814
   6.86680,  36.34498,  89.32728, -64.06647,  41.43509,  87.03894, -73.54561,  21.66022,  47.08893, -80.14370,  12.35303,  10.41901, -61.77066,  31.25486,  91.61561, -54.58732,   6.77453,  55.56745, -43.10572,   2.15596,  14.85671, -33.60941,  37.46367,  97.26166, -65.38117,  38.25848, 114.87871, -68.88665,  37.56518, 127.33683, -71.55726,  35.07785, 145.85424, -75.71156,  34.85009, 150.04736, -76.36608,  35.00223, 154.27853, -76.73556,  35.80186, 139.60431, -77.28134,  38.29890, 134.56261, -92.36630,  24.25308, 112.64825,-102.68501,   4.81132, 102.57094,-116.70163,   2.24250, 103.94840,-115.34874,  -1.16648, 105.05484,-113.88346,  -3.41058, 105.05103,-112.40019,   1.10923, 104.11609,-116.77214,  -4.41925, 104.24618,-117.55826,  -8.09598, 103.60025,-116.81658,  -9.88966, 102.81569,-115.90874,   1.28202, 103.13337,-117.59739,  -4.01731, 102.72865,-118.81166,  -7.78787, 101.05634,-118.32828,  -9.26250,  99.43441,-116.92456,   1.54174, 102.44521,-118.17043,  -2.99037, 101.51464,-119.78125,  -6.09459,  99.65599,-119.70108,  -7.54804,  97.95550,-118.56050,   2.02822, 101.56999,-118.73710,  -1.84183, 100.21053,-120.59399,  -4.14184,  98.47287,-120.89219,  -5.06001,  97.11816,-120.07104,  35.86131, 140.88150, -71.62402,  37.31308, 142.43212, -55.66477,  38.89268, 116.80251, -44.50107,  27.70233,  94.34067, -37.70096,  25.39937,  92.68495, -39.21143,  22.92295,  90.15870, -40.78554,  21.98306,  88.09306, -42.22978,  24.51954,  91.90043, -37.81538,  21.55372,  87.23811, -36.99952,  20.36096,  83.67456, -37.60291,  20.24719,  81.66074, -38.37010,  25.35052,  91.63230, -36.85924,  22.90689,  86.93944, -35.54516,  22.51722,  82.80957, -35.74442,  23.34060,  80.61953, -36.88519,  26.00226,  91.56434, -36.19591,  24.34556,  87.30898, -34.42167,  24.40030,  83.69707, -34.20198,  25.27023,  81.50785, -35.07128,  26.92851,  91.60014, -35.51431,  25.94101,  87.72682, -33.44171,  26.24823,  84.90178, -32.87322,  27.05049,  83.37247, -33.48163
   6.88347,  37.24362,  89.80199, -64.91318,  41.64236,  87.70708, -74.77535,  21.96992,  47.59648, -80.66763,  15.77918,  10.41916, -62.00223,  32.84488,  91.89691, -55.05101,   8.66212,  55.83565, -42.99434,   5.69347,  14.70290, -34.73849,  38.26058,  97.76247, -66.15055,  38.84018, 115.43835, -69.39207,  38.02395, 127.93591, -71.83387,  35.41310, 146.51298, -75.63065,  35.16509, 150.71330, -76.22925,  35.30356, 154.94732, -76.57038,  36.01033, 140.27803, -77.30955,  37.80868, 135.34079, -92.52794,  24.05626, 113.25368,-102.87351,   5.45819, 101.15450,-116.42791,   2.74304, 102.32761,-115.17160,  -0.78773, 103.15864,-113.81682,  -3.06103, 102.98801,-112.38885,   1.63729, 102.36259,-116.62576,  -3.85846, 101.98351,-117.54888,  -7.48206, 101.02982,-116.88132,  -9.22275, 100.10911,-115.99858,   1.91785, 101.38121,-117.42251,  -3.29122, 100.48053,-118.75501,  -6.91083,  98.49075,-118.32301,  -8.27297,  96.77544,-116.91664,   2.25231, 100.70643,-117.97224,  -2.13591,  99.34157,-119.66967,  -5.06494,  97.21660,-119.61993,  -6.39213,  95.41915,-118.47413,   2.82893,  99.86567,-118.50554,  -0.85571,  98.12715,-120.42242,  -2.98466,  96.18582,-120.73423,  -3.80096,  94.77325,-119.90305,  36.39821, 141.48910, -71.65067,  38.70156, 142.80441, -55.77067,  40.35995, 116.93657, -45.18274,  27.99547,  95.00473, -38.69319,  25.59347,  93.56610, -40.27029,  22.95646,  91.27405, -41.93916,  21.88386,  89.32642, -43.45321,  24.64669,  92.80505, -38.90540,  21.34599,  88.34619, -38.25506,  19.90575,  84.89794, -38.97683,  19.65458,  82.92182, -39.80677,  25.44740,  92.44876, -37.95222,  22.66073,  87.90666, -36.80120,  21.97703,  83.82361, -37.13095,  22.65133,  81.61554, -38.33319,  26.08642,  92.31385, -37.28676,  24.11183,  88.13715, -35.65677,  23.90475,  84.52570, -35.54863,  24.62302,  82.30685, -36.47917,  27.00653,  92.26201, -36.59791,  25.72409,  88.40885, -34.65319,  25.82217,  85.55305, -34.17030,  26.51800,  83.98904, -34.82013
   6.90014,  38.15513,  90.20088, -65.75365,  41.89435,  88.28507, -75.91966,  22.32017,  48.04294, -81.21177,  19.06616,  10.42710, -62.68246,  34.41591,  92.11670, -55.58763,  10.55174,  56.04458, -42.94295,   9.06897,  14.60695, -35.90031,  39.08837,  98.18308, -66.91465,  39.49748, 115.90810, -69.90412,  38.58867, 128.43924, -72.13168,  35.89128, 147.06831, -75.59890,  35.62787, 151.27452, -76.14741,  35.75376, 155.51075, -76.46522,  36.36316, 140.84801, -77.36955,  37.34263, 136.02783, -92.69980,  24.65130, 113.37241,-103.17175,   6.94953,  99.43217,-116.14547,   4.08566, 100.30779,-114.98011,   0.44967, 100.75019,-113.72461,  -1.82235, 100.34801,-112.34177,   3.01944, 100.17687,-116.45813,  -2.36975,  99.13105,-117.48863,  -5.87199,  97.77399,-116.87355,  -7.51400,  96.67656,-116.00383,   3.43248,  99.21620,-117.22177,  -1.60094,  97.67632,-118.64109,  -4.97209,  95.28541,-118.23326,  -6.15805,  93.45649,-116.81053,   3.85708,  98.57228,-117.74568,  -0.29809,  96.65932,-119.49948,  -2.95840,  94.20617,-119.45517,  -4.09364,  92.29346,-118.28988,   4.54111,  97.79248,-118.24347,   1.13363,  95.58605,-120.19133,  -0.74499,  93.40057,-120.49612,  -1.41037,  91.92242,-119.64469,  37.05418, 141.99827, -71.72691,  40.15048, 143.09322, -55.96544,  41.83111, 117.00612, -45.93356,  28.36132,  95.66282, -39.68628,  25.88838,  94.41089, -41.31224,  23.12746,  92.32420, -43.04876,  21.94809,  90.47825, -44.61005,  24.88147,  93.68606, -39.97087,  21.29706,  89.43564, -39.43704,  19.64732,  86.10083, -40.23891,  19.27903,  84.16094, -41.10965,  25.64831,  93.26125, -39.01792,  22.56656,  88.88540, -37.98066,  21.62743,  84.86141, -38.39646,  22.17162,  82.63805, -39.63587,  26.27078,  93.07314, -38.34968,  24.01792,  89.00088, -36.81930,  23.58009,  85.40864, -36.78388,  24.16477,  83.16654, -37.75149,  27.17880,  92.94952, -37.65397,  25.63413,  89.14986, -35.79653,  25.54524,  86.28496, -35.36896,  26.14645,  84.69234, -36.04326
   6.91681,  39.06941,  90.58321, -66.58651,  42.10164,  88.84403, -77.01631,  22.64266,  48.48536, -81.82353,  22.46336,  10.39798, -63.98550,  36.03718,  92.32240, -56.15671,  12.43073,  56.25155, -43.03371,  12.33115,  14.57631, -37.37331,  39.92343,  98.58482, -67.67250,  40.17753, 116.35349, -70.40934,  39.18811, 128.91519, -72.41987,  36.41772, 147.59318, -75.54991,  36.14106, 151.80466, -76.04930,  36.25558, 156.04264, -76.34752,  36.75394, 141.38871, -77.40503,  36.97957, 136.67624, -92.79826,  25.27182, 113.53264,-103.34824,   8.64610,  97.73809,-115.60049,   5.70209,  98.30509,-114.44382,   2.03946,  98.35645,-113.18888,  -0.17305,  97.72370,-111.79585,   4.65726,  98.03214,-115.91771,  -0.58057,  96.37221,-116.92208,  -3.90841,  94.64064,-116.27960,  -5.41689,  93.37973,-115.38989,   5.17547,  97.11199,-116.66698,   0.34657,  94.99499,-118.05305,  -2.73499,  92.24766,-117.60187,  -3.70820,  90.31983,-116.14862,   5.66962,  96.51161,-117.18153,   1.75529,  94.11720,-118.89778,  -0.61295,  91.38207,-118.81037,  -1.52637,  89.37264,-117.61331,   6.43682,  95.80575,-117.66830,   3.29838,  93.20059,-119.57533,   1.67685,  90.81362,-119.84257,   1.18155,  89.28373,-118.96697,  37.76053, 142.47766, -71.79780,  41.57366, 143.37420, -56.18159,  43.21212, 117.06355, -46.74414,  28.58942,  96.42717, -40.71784,  26.06341,  95.33646, -42.37801,  23.20471,  93.42979, -44.16263,  21.93707,  91.67374, -45.75809,  25.00818,  94.64961, -41.05391,  21.19123,  90.59641, -40.60504,  19.36630,  87.36925, -41.46569,  18.89819,  85.46501, -42.36664,  25.74336,  94.16985, -40.10209,  22.41765,  89.95665, -39.14832,  21.26141,  85.99681, -39.62813,  21.69149,  83.76436, -40.89573,  26.34954,  93.93835, -39.43250,  23.86451,  89.97561, -37.97580,  23.22922,  86.41286, -37.99492,  23.69668,  84.15567, -38.99075,  27.24419,  93.75509, -38.73263,  25.47883,  90.02086, -36.94029,  25.22910,  87.15953, -36.55453,  25.74666,  85.54575, -37.24765
   6.93347,  39.94551,  90.94621, -67.40459,  42.13333,  89.40055, -78.07344,  22.81484,  48.93127, -82.50258,  25.84100,  10.38766, -65.94638,  37.75768,  92.49188, -56.73574,  14.43029,  56.36534, -43.27135,  15.55450,  14.54674, -38.93356,  40.71766,  98.96686, -68.40825,  40.81813, 116.77821, -70.86312,  39.75291, 129.37042, -72.62922,  36.91648, 148.09860, -75.37685,  36.62778, 152.31534, -75.82215,  36.73157, 156.55489, -76.10128,  37.08858, 141.91279, -77.31493,  36.52264, 137.30623, -92.73146,  25.92366, 113.66368,-103.34709,  10.71734,  95.87192,-114.67057,   7.73606,  96.15385,-113.50479,   4.09227,  95.85161,-112.23049,   1.96080,  95.01677,-110.81770,   6.71788,  95.75820,-114.96947,   1.67006,  93.56592,-115.92469,  -1.46334,  91.51593,-115.24281,  -2.83313,  90.12078,-114.32947,   7.32311,  94.88553,-115.71025,   2.72665,  92.27492,-117.04379,  -0.06007,  89.23683,-116.54211,  -0.82765,  87.23935,-115.06005,   7.87314,  94.33153,-116.22011,   4.21316,  91.53297,-117.88542,   2.13335,  88.57431,-117.75155,   1.43240,  86.49842,-116.52498,   8.70558,  93.70049,-116.70241,   5.83798,  90.76807,-118.56016,   4.46444,  88.22655,-118.78926,   4.12973,  86.66579,-117.89229,  38.46343, 142.93400, -71.77355,  43.18658, 143.58524, -56.39571,  44.72735, 117.03959, -47.62333,  29.16248,  97.06037, -41.74409,  26.58316,  96.16686, -43.43976,  23.61959,  94.48323, -45.27687,  22.25205,  92.84253, -46.91212,  25.47554,  95.52691, -42.13510,  21.39911,  91.72444, -41.78443,  19.37405,  88.63931, -42.71542,  18.78948,  86.78611, -43.65398,  26.17074,  94.98323, -41.18762,  22.57029,  90.98000, -40.33199,  21.16186,  87.11338, -40.89142,  21.45486,  84.88058, -42.19693,  26.75552,  94.70070, -40.51858,  24.00652,  90.88345, -39.15026,  23.14038,  87.37074, -39.23855,  23.46704,  85.10596, -40.27256,  27.63106,  94.44691, -39.81658,  25.61259,  90.80463, -38.10398,  25.17390,  87.95930, -37.77221,  25.59026,  86.32777, -38.49147
   6.95014,  40.77703,  91.25805, -68.19173,  42.18152,  89.88029, -79.01436,  23.06758,  49.29216, -83.23865,  28.72848,  10.39384, -68.28035,  39.37255,  92.63581, -57.36911,  16.41630,  56.38452, -43.60545,  18.52963,  14.49103, -40.54863,  41.48308,  99.29350, -69.12305,  41.46706, 117.13778, -71.32802,  40.34951, 129.75416, -72.87581,  37.47193, 148.52337, -75.27914,  37.17508, 152.74435, -75.67624,  37.27038, 156.98514, -75.93911,  37.48712, 142.35499, -77.27937,  35.98865, 137.86138, -92.66677,  26.72488, 113.68164,-103.32147,  12.99382,  94.21995,-113.74744,  10.04456,  94.13702,-112.47406,   6.51401,  93.39325,-111.06892,   4.55380,  92.30731,-109.58083,   9.03054,  93.61442,-113.90135,   4.25947,  90.81508,-114.67568,   1.42864,  88.39765,-113.88317,   0.27470,  86.84766,-112.92248,   9.71136,  92.82036,-114.66463,   5.42569,  89.66013,-115.83388,   3.05370,  86.30414,-115.23522,   2.59161,  84.23229,-113.72872,  10.30656,  92.33653,-115.19476,   6.96080,  89.10382,-116.72972,   5.26683,  85.91237,-116.52414,   4.87124,  83.77006,-115.27548,  11.19233,  91.81105,-115.70767,   8.64192,  88.54229,-117.46382,   7.58399,  85.85045,-117.64606,   7.47637,  84.26331,-116.73943,  39.20072, 143.31647, -71.82234,  44.79242, 143.75842, -56.73104,  46.20831, 117.01943, -48.54436,  29.80195,  97.70086, -42.74571,  27.18559,  96.97068, -44.46270,  24.14481,  95.47389, -46.33505,  22.69941,  93.93343, -48.00055,  26.04149,  96.36838, -43.17166,  21.77118,  92.77861, -42.89412,  19.59138,  89.81880, -43.88082,  18.91433,  88.01404, -44.85109,  26.70405,  95.77392, -42.23131,  22.89681,  91.95070, -41.45087,  21.29073,  88.17239, -42.07716,  21.47157,  85.94873, -43.41816,  27.27093,  95.45049, -41.56540,  24.32186,  91.76025, -40.26701,  23.27411,  88.29940, -40.41498,  23.48593,  86.03767, -41.48495,  28.12956,  95.14004, -40.86527,  25.91791,  91.58083, -39.21782,  25.33033,  88.75728, -38.93375,  25.66362,  87.11809, -39.67843
   6.96681,  41.55396,  91.53938, -68.94788,  42.14309,  90.32679, -79.86496,  23.34095,  49.58307, -83.98959,  31.22768,  10.35512, -71.03417,  40.96482,  92.75198, -58.03081,  18.40780,  56.32149, -44.08145,  21.18237,  14.39508, -42.25026,  42.20551,  99.58751, -69.80665,  42.09823, 117.46042, -71.76324,  40.94273, 130.09808, -73.09439,  38.03687, 148.90341, -75.15710,  37.73510, 153.12829, -75.50618,  37.82556, 157.37020, -75.75224,  37.88570, 142.75229, -77.20426,  35.52779, 138.35714, -92.51219,  27.82065, 113.64829,-103.19268,  15.33392,  93.02959,-112.93695,  12.50712,  92.52833,-111.49319,   9.20706,  91.29044,-109.89020,   7.51203,  89.93593,-108.30013,  11.49378,  91.86950,-112.86344,   7.12812,  88.42424,-113.38327,   4.71927,  85.62941,-112.44943,   3.85507,  83.93037,-111.43781,  12.23315,  91.18086,-113.67320,   8.37458,  87.44758,-114.61936,   6.54011,  83.78885,-113.91523,   6.46579,  81.67034,-112.40460,  12.85803,  90.78688,-114.24215,   9.91668,  87.11538,-115.60936,   8.70556,  83.71603,-115.33588,   8.69154,  81.53755,-114.08723,  13.77694,  90.39275,-114.81141,  11.61345,  86.79844,-116.44656,  10.93720,  83.98424,-116.59270,  11.10898,  82.39657,-115.69696,  39.94917, 143.65736, -71.85982,  46.33548, 143.92132, -57.08297,  47.61877, 117.01281, -49.44848,  30.35745,  98.44911, -43.66611,  27.71646,  97.85602, -45.39815,  24.61951,  96.51733, -47.29795,  23.11424,  95.06468, -48.98912,  26.54520,  97.28281, -44.11827,  22.12702,  93.87221, -43.90244,  19.82678,  91.02220, -44.93780,  19.07652,  89.26256, -45.93668,  27.18009,  96.64670, -43.18612,  23.21365,  92.97571, -42.47032,  21.45138,  89.27837, -43.15697,  21.54145,  87.06979, -44.53162,  27.73139,  96.28956, -42.52437,  24.62681,  92.70739, -41.28730,  23.43469,  89.29639, -41.48996,  23.55351,  87.04433, -42.59415,  28.57466,  95.93259, -41.82776,  26.21160,  92.44494, -40.23852,  25.50510,  89.64463, -39.99869,  25.77076,  88.00442, -40.76790
   6.98347,  42.27900,  91.71457, -69.67952,  41.94651,  90.69127, -80.62677,  23.47849,  49.79704, -84.77148,  33.43238,  10.28835, -74.33791,  42.61149,  92.73787, -58.73227,  20.52790,  56.09957, -44.57126,  23.86059,  14.17581, -44.16311,  42.87446,  99.77586, -70.45114,  42.68494, 117.67715, -72.12094,  41.50436, 130.33601, -73.20585,  38.59113, 149.17850, -74.88315,  38.28898, 153.40754, -75.17718,  38.37892, 157.65060, -75.40268,  38.24664, 143.04803, -76.96850,  34.99085, 138.75234, -92.13942,  28.13305, 113.75971,-102.73844,  17.60452,  91.62682,-111.41515,  14.94177,  90.80174,-109.81655,  11.90201,  89.19040,-108.04008,  10.46667,  87.64506,-106.37040,  13.93067,  90.03892,-111.13347,   9.95855,  86.12390,-111.43980,   7.93918,  83.06980,-110.40043,   7.33289,  81.27900,-109.36003,  14.69428,  89.44232,-111.99232,  11.23263,  85.30061,-112.75674,   9.86696,  81.45433,-111.98963,  10.12070,  79.33385,-110.50142,  15.32519,  89.12437,-112.60080,  12.74169,  85.14993,-113.83775,  11.93983,  81.63402,-113.53354,  12.24479,  79.46203,-112.31102,  16.24775,  88.83958,-113.22655,  14.41140,  85.03121,-114.77496,  14.04948,  82.15925,-114.91385,  14.45142,  80.59700,-114.04761,  40.70121, 143.88928, -71.78126,  47.90747, 143.98639, -57.38438,  49.05738, 116.91234, -50.33642,  31.11347,  99.02304, -44.50639,  28.45585,  98.55618, -46.25156,  25.31501,  97.36402, -48.17672,  23.76000,  95.99507, -49.89254,  27.26117,  98.00766, -44.98255,  22.71782,  94.76226, -44.82649,  20.31461,  92.01683, -45.90944,  19.50108,  90.30216, -46.93661,  27.86976,  97.33390, -44.05935,  23.76699,  93.80369, -43.40669,  21.86887,  90.18606, -44.15324,  21.87905,  87.99710, -45.56176,  28.40587,  96.94618, -43.40234,  25.16655,  93.46436, -42.22574,  23.84786,  90.10400, -42.48303,  23.88457,  87.86635, -43.62175,  29.23366,  96.54715, -42.71001,  26.73812,  93.12653, -41.17865,  25.92665,  90.35132, -40.98329,  26.13231,  88.71434, -41.77737
   7.00014,  42.96146,  91.83098, -70.37466,  41.81303,  90.97912, -81.28133,  23.74892,  49.91329, -85.50853,  35.15004,  10.23180, -77.49176,  44.10988,  92.68283, -59.46799,  22.57953,  55.83995, -44.98940,  26.24996,  13.95144, -45.85905,  43.51172,  99.90301, -71.06306,  43.26717, 117.82614, -72.47091,  42.07994, 130.50135, -73.33523,  39.18272, 149.37367, -74.66989,  38.88531, 153.60615, -74.91523,  38.97995, 157.85001, -75.12298,  38.66128, 143.26248, -76.77499,  34.40196, 139.09159, -91.73065,  28.39497, 113.82028,-102.18423,  19.54063,  90.67622,-110.05524,  17.15858,  89.49587,-108.24993,  14.52177,  87.48519,-106.25073,  13.45159,  85.75087,-104.49490,  16.14286,  88.61869,-109.48984,  12.70039,  84.22020,-109.53113,  11.19348,  80.91917,-108.38307,  10.91849,  79.05548,-107.33045,  16.89871,  88.13464,-110.42311,  13.94945,  83.58220,-110.96927,  13.16687,  79.58375,-110.16466,  13.82347,  77.50194,-108.74674,  17.50945,  87.90729,-111.08998,  15.36417,  83.63972,-112.17916,  15.05482,  80.04660,-111.87761,  15.74528,  77.92272,-110.72977,  18.40240,  87.75114,-111.79853,  16.94607,  83.74870,-113.25901,  16.94871,  80.85539,-113.42382,  17.62452,  79.35175,-112.62700,  41.46006, 144.04709, -71.75591,  49.57928, 143.96133, -57.85336,  50.62847, 116.76039, -51.29533,  32.09472,  99.52769, -45.33424,  29.42287,  99.19577, -47.08854,  26.23933,  98.16148, -49.03474,  24.63297,  96.88359, -50.77333,  28.20544,  98.67547, -45.82931,  23.53532,  95.61297, -45.72838,  21.02537,  92.98382, -46.85679,  20.14509,  91.31979, -47.91182,  28.78526,  97.96319, -44.91657,  24.54327,  94.59054, -44.32335,  22.50255,  91.06438, -45.12899,  22.42681,  88.89951, -46.57232,  29.30449,  97.54384, -44.26546,  25.92650,  94.17652, -43.14698,  24.47440,  90.87632, -43.45890,  24.42284,  88.65744, -44.63322,  30.11467,  97.10091, -43.57901,  27.48183,  93.75922, -42.10431,  26.55941,  91.01606, -41.95392,  26.70030,  89.38502, -42.77393
   7.01681,  43.61544,  91.90855, -71.02352,  41.68623,  91.22545, -81.83146,  23.98385,  50.02083, -86.23476,  36.38401,  10.21632, -80.69292,  45.54466,  92.59166, -60.21558,  24.53148,  55.58791, -45.39152,  28.48512,  13.78467, -47.78594,  44.12277,  99.99035, -71.62488,  43.83538, 117.93159, -72.76931,  42.65308, 130.62032, -73.41416,  39.78923, 149.51886, -74.40563,  39.50058, 153.75448, -74.60234,  39.60425, 157.99896, -74.79257,  39.09181, 143.42819, -76.51923,  33.95038, 139.38018, -91.22941,  28.93729, 113.82054,-101.50433,  21.90780,  89.79024,-108.51364,  19.86676,  88.29341,-106.53368,  17.69856,  85.93844,-104.35529,  17.02051,  84.06411,-102.54885,  18.86772,  87.30190,-107.69873,  16.03273,  82.49214,-107.53123,  15.07235,  79.01281,-106.32394,  15.13447,  77.12012,-105.28912,  19.59462,  86.92877,-108.70323,  17.22219,  82.03515,-109.08423,  17.03712,  77.96194,-108.29549,  18.07975,  75.97147,-106.98151,  20.16847,  86.78889,-109.42470,  18.50544,  82.28736,-110.41021,  18.69105,  78.68212,-110.15523,  19.74876,  76.65671,-109.11404,  21.00819,  86.75680,-110.21060,  19.95862,  82.61128,-111.62005,  20.32081,  79.74462,-111.84246,  21.25292,  78.33524,-111.13720,  42.22231, 144.15587, -71.69114,  51.14072, 143.91301, -58.28917,  52.14106, 116.60685, -52.17580,  33.03010, 100.09168, -46.00976,  30.34893,  99.87355, -47.76768,  27.13252,  98.97343, -49.72648,  25.48403,  97.77352, -51.48113,  29.11419,  99.37875, -46.51505,  24.34256,  96.47587, -46.45281,  21.74488,  93.94845, -47.61463,  20.80876,  92.32911, -48.69091,  29.66922,  98.63541, -45.61171,  25.31480,  95.40165, -45.06131,  23.15548,  91.95768, -45.91207,  23.00648,  89.81548, -47.38326,  30.17372,  98.19025, -44.96618,  26.68284,  94.92564, -43.89067,  25.11938,  91.68107, -44.24494,  24.99265,  89.48059, -45.44784,  30.96819,  97.71118, -44.28567,  28.22283,  94.44222, -42.85378,  27.20757,  91.73032, -42.73869,  27.29308,  90.10616, -43.57974
   7.03347,  44.25269,  91.94468, -71.62569,  41.48201,  91.43826, -82.25898,  24.07606,  50.12696, -86.84083,  37.18448,  10.25718, -84.11219,  47.02337,  92.45110, -60.99240,  26.55320,  55.32747, -45.71523,  30.68168,  13.66274, -49.70044,  44.71909, 100.03541, -72.13255,  44.39620, 117.99201, -72.99081,  43.22474, 130.69173, -73.39407,  40.39948, 149.61237, -73.99972,  40.12266, 153.85093, -74.14273,  40.24052, 158.09578, -74.31545,  39.51380, 143.54530, -76.11071,  33.52859, 139.63208, -90.53548,  29.43459, 113.84543,-100.64923,  24.37727,  89.09586,-106.80408,  22.83394,  87.30897,-104.62424,  21.31216,  84.65331,-102.25274,  21.13879,  82.68950,-100.42258,  21.84684,  86.19189,-105.68078,  19.76497,  81.02415,-105.28160,  19.46622,  77.43533,-104.05004,  19.92522,  75.56453,-103.07722,  22.48712,  85.93339,-106.77615,  20.80235,  80.75256,-106.98029,  21.29634,  76.68995,-106.27417,  22.76705,  74.86126,-105.14790,  22.97968,  85.88193,-107.56617,  21.85999,  81.19480,-108.44807,  22.58460,  77.65194,-108.30585,  24.04077,  75.79258,-107.45292,  23.70995,  85.97571,-108.45031,  23.08894,  81.73165,-109.81988,  23.82237,  78.94810,-110.15507,  25.02578,  77.68254,-109.60488,  42.99744, 144.21238, -71.52167,  52.68491, 143.81527, -58.66845,  53.68006, 116.41315, -52.99983,  34.13224, 100.50964, -46.59971,  31.43936, 100.39842, -48.34973,  28.18838,  99.62534, -50.30570,  26.49528,  98.49889, -52.06656,  30.19327,  99.93135, -47.09769,  25.32881,  97.18661, -47.04777,  22.64531,  94.75844, -48.22610,  21.65267,  93.18222, -49.31567,  30.72658,  99.16068, -46.20423,  26.26986,  96.06638, -45.67120,  23.99534,  92.70450, -46.54968,  23.77081,  90.58398, -48.04253,  31.21833,  98.69238, -45.56527,  27.62546,  95.53329, -44.51072,  25.95473,  92.34585, -44.89290,  25.75145,  90.16354, -46.11817,  31.99890,  98.18028, -44.89277,  29.15220,  94.98855, -43.48472,  28.04853,  92.31047, -43.39407,  28.07761,  90.69333, -44.25231
   7.05014,  44.89452,  91.86923, -72.16881,  41.40974,  91.50660, -82.59593,  24.28400,  50.09816, -87.35342,  37.68442,  10.23272, -87.12873,  48.37930,  92.23185, -61.74169,  28.50119,  54.98980, -45.97863,  32.70241,  13.49701, -51.41680,  45.32658,  99.96652, -72.59480,  44.97646, 117.93270, -73.20662,  43.81715, 130.63849, -73.39786,  41.02800, 149.57243, -73.65515,  40.76418, 153.81313, -73.75192,  40.89965, 158.05788, -73.91370,  39.98393, 143.52696, -75.75568,  33.08675, 139.75266, -89.80536,  29.71348, 113.81571, -99.80014,  26.86377,  88.53889,-105.18172,  25.84491,  86.56632,-102.85847,  24.98065,  83.73439,-100.36335,  25.28794,  81.76095, -98.56135,  24.88066,  85.33499,-103.80322,  23.53211,  79.94399,-103.23967,  23.84475,  76.34392,-102.04492,  24.65438,  74.54467,-101.17076,  25.40493,  85.16197,-104.97447,  24.37263,  79.80957,-105.05926,  25.45855,  75.84121,-104.49331,  27.27779,  74.21188,-103.59259,  25.79637,  85.17499,-105.82064,  25.17248,  80.38533,-106.63954,  26.34883,  76.96287,-106.65248,  28.12311,  75.30182,-106.02165,  26.39156,  85.36243,-106.78729,  26.14113,  81.07650,-108.14433,  27.17044,  78.40925,-108.61836,  28.58314,  77.30567,-108.24562,  43.76246, 144.14278, -71.39868,  54.26499, 143.57652, -59.20908,  55.30352, 116.10639, -53.88806,  35.41190, 100.75923, -47.19567,  32.70490, 100.76065, -48.92734,  29.41546, 100.12236, -50.86759,  27.67179,  99.07423, -52.62747,  31.45171, 100.32478, -47.67114,  26.49413,  97.75220, -47.61386,  23.71887,  95.43201, -48.79721,  22.66397,  93.90291, -49.89539,  31.96365,  99.52670, -46.78932,  27.40454,  96.58551, -46.25539,  25.00719,  93.31480, -47.15122,  24.69800,  91.21893, -48.66362,  32.44297,  99.03488, -46.15863,  28.74843,  95.99324, -45.11008,  26.96400,  92.87054, -45.51223,  26.67570,  90.70942, -46.75785,  33.20960,  98.48880, -45.49693,  30.26202,  95.38470, -44.10058,  29.06543,  92.74624, -44.02889,  29.03173,  91.13799, -44.90350
   7.06681,  45.55779,  91.75593, -72.65264,  41.39014,  91.51949, -82.82981,  24.60279,  49.99567, -87.78372,  37.99913,  10.19185, -90.03525,  49.72545,  91.99237, -62.47547,  30.34169,  54.67397, -46.28315,  34.47481,  13.37329, -53.06887,  45.96121,  99.85820, -73.00608,  45.58620, 117.83026, -73.38624,  44.43404, 130.53813, -73.36963,  41.66609, 149.47668, -73.27216,  41.41336, 153.71886, -73.32251,  41.56619, 157.96338, -73.47476,  40.47877, 143.45218, -75.35679,  32.81097, 139.79516, -89.03308,  30.47065, 113.69558, -98.89892,  28.98916,  88.19036,-103.72478,  28.52454,  86.10096,-101.32789,  28.34093,  83.17822, -98.79485,  29.11609,  81.25600, -97.08012,  27.61048,  84.75962,-102.16682,  27.02685,  79.24066,-101.53482,  27.93396,  75.70655,-100.45182,  29.06519,  74.02211, -99.71702,  28.00086,  84.65616,-103.39707,  27.64218,  79.21649,-103.44694,  29.27730,  75.41561,-103.09047,  31.38430,  74.02692,-102.45197,  28.27814,  84.71992,-104.28502,  28.15894,  79.89130,-105.10409,  29.74218,  76.64440,-105.32357,  31.77498,  75.21905,-104.94778,  28.71905,  84.98260,-105.31477,  28.83691,  80.70173,-106.70532,  30.12324,  78.18631,-107.35065,  31.69818,  77.26889,-107.17610,  44.53097, 144.02327, -71.24661,  55.71011, 143.30981, -59.68254,  56.86307, 115.78739, -54.66385,  36.68775, 101.00185, -47.56849,  33.96656, 101.09594, -49.27519,  30.64253, 100.56931, -51.18984,  28.85311,  99.58629, -52.94134,  32.71239, 100.68742, -48.01080,  27.68203,  98.26101, -47.92705,  24.82926,  96.03237, -49.10200,  23.72006,  94.54333, -50.20173,  33.20852,  99.86793, -47.13964,  28.56987,  97.05775, -46.58566,  26.06946,  93.86572, -47.48360,  25.68524,  91.79148, -49.00856,  33.67880,  99.35745, -46.51703,  29.90596,  96.41755, -45.45714,  28.02696,  93.35171, -45.86597,  27.66410,  91.20959, -47.12484,  34.43494,  98.78405, -45.86645,  31.40999,  95.75716, -44.46609,  30.13703,  93.15447, -44.40294,  30.04822,  91.55464, -45.28907
   7.08348,  46.24810,  91.55605, -73.08250,  41.34573,  91.45431, -82.92914,  24.88045,  49.82251, -88.05466,  38.00343,  10.17470, -93.02594,  51.15047,  91.65779, -63.23585,  32.18306,  54.29331, -46.66127,  36.12831,  13.22138, -54.81032,  46.62468,  99.66278, -73.35374,  46.23357, 117.63812, -73.47518,  45.09752, 130.34502, -73.22701,  42.36503, 149.28250, -72.73224,  42.12501, 153.52572, -72.73191,  42.29501, 157.76986, -72.87633,  41.02655, 143.28116, -74.79194,  32.62415, 139.72696, -88.05759,  31.16801, 113.54060, -97.86341,  31.08936,  87.91139,-102.23803,  31.21191,  85.83409, -99.78929,  31.72661,  82.96407, -97.24165,  32.95289,  81.17987, -95.64510,  30.35090,  84.37961,-100.48329,  30.50636,  78.84480, -99.74789,  31.96063,  75.46124, -98.78755,  33.37167,  73.93301, -98.21273,  30.57382,  84.29524,-101.75601,  30.84541,  78.85037,-101.72790,  32.94433,  75.26951,-101.58884,  35.26694,  74.14439,-101.24942,  30.71425,  84.37133,-102.67465,  31.04227,  79.54435,-103.44493,  32.94493,  76.49554,-103.87130,  35.16191,  75.31995,-103.78120,  30.97254,  84.66067,-103.75786,  31.38976,  80.39263,-105.13018,  32.85574,  78.02739,-105.93945,  34.53530,  77.29973,-105.98597,  45.35956, 143.80658, -70.97239,  57.17577, 142.96210, -60.06945,  58.49136, 115.38816, -55.38471,  38.15489, 101.03716, -47.86958,  35.41759, 101.20716, -49.54434,  32.05997, 100.77257, -51.42315,  30.22700,  99.84309, -53.15877,  34.16821, 100.82302, -48.26763,  29.08077,  98.52080, -48.13795,  26.16067,  96.36926, -49.29099,  25.00260,  94.91376, -50.38524,  34.65386,  99.98702, -47.40630,  29.95388,  97.28904, -46.81285,  27.36538,  94.16429, -47.69774,  26.91274,  92.10815, -49.22843,  35.11846,  99.46186, -46.79170,  31.28653,  96.61024, -45.70299,  29.32790,  93.59378, -46.10533,  28.89796,  91.46786, -47.37054,  35.86758,  98.86662, -46.15271,  32.78500,  95.90783, -44.73262,  31.44899,  93.33697, -44.66771,  31.31064,  91.74448, -45.56067
   7.10014,  46.97164,  91.27090, -73.45837,  41.44973,  91.28230, -82.97196,  25.36187,  49.51796, -88.21642,  38.01496,  10.08119, -95.53186,  52.49355,  91.25951, -63.94479,  33.92613,  53.86329, -46.99317,  37.64166,  12.99091, -56.18661,  47.33026,  99.38055, -73.65682,  46.93542, 117.35590, -73.55027,  45.81924, 130.05893, -73.09771,  43.12406, 148.98926, -72.25029,  42.89623, 153.23294, -72.20759,  43.08208, 157.47646, -72.35066,  41.66098, 143.00770, -74.28260,  32.47444, 139.55633, -87.04604,  31.76177, 113.33852, -96.85006,  32.64655,  87.64989,-100.76303,  33.34351,  85.65237, -98.34421,  34.53040,  82.91345, -95.87805,  36.16161,  81.31272, -94.45927,  32.56627,  84.09593, -98.90270,  33.45270,  78.63055, -98.16584,  35.40254,  75.45291, -97.40013,  37.04471,  74.10533, -97.02027,  32.61882,  84.00988,-100.19361,  33.51121,  78.63174,-100.17383,  36.00392,  75.31284,-100.31052,  38.46423,  74.46300,-100.29370,  32.62098,  84.08157,-101.12327,  33.38773,  79.30651,-101.90531,  35.54830,  76.48205,-102.57726,  37.87590,  75.56487,-102.79222,  32.69195,  84.37481,-102.23357,  33.39923,  80.15215,-103.62726,  34.99915,  77.94958,-104.62092,  36.72800,  77.41417,-104.89831,  46.22058, 143.49790, -70.73157,  58.70005, 142.51919, -60.60661,  60.19007, 114.90580, -56.21564,  39.82864, 100.87548, -48.18058,  37.06997, 101.11123, -49.81173,  33.67463, 100.75690, -51.63889,  31.79463,  99.87363, -53.34814,  35.83246, 100.75082, -48.51667,  30.69789,  98.56129, -48.31368,  27.71317,  96.47849, -49.42679,  26.50619,  95.05240, -50.50680,  36.31285,  99.90159, -47.66540,  31.56406,  97.30637, -47.00587,  28.89344,  94.24243, -47.85877,  28.37150,  92.20161, -49.38790,  36.77523,  99.36435, -47.05961,  32.89851,  96.59479, -45.91892,  30.86745,  93.62366, -46.29892,  30.37080,  91.51175, -47.56315,  37.52086,  98.75069, -46.43411,  34.39600,  95.85637, -44.97412,  33.00452,  93.31551, -44.89544,  32.81697,  91.72927, -45.79056
   7.11681,  47.73420,  90.93259, -73.78226,  41.64065,  91.05231, -82.93947,  25.99272,  49.12914, -88.24737,  37.98989,   9.94644, -97.71624,  53.82774,  90.81287, -64.62506,  35.54156,  53.41182, -47.38090,  38.97184,  12.72024, -57.44589,  48.07797,  99.04438, -73.90497,  47.68840, 117.01701, -73.56878,  46.59986, 129.71358, -72.91319,  43.95529, 148.63218, -71.71625,  43.73985, 152.87586, -71.63102,  43.93856, 157.11888, -71.77172,  42.37567, 142.67017, -73.71857,  32.53157, 139.30273, -86.00531,  32.47089, 113.08901, -95.84591,  34.07450,  87.37475, -99.33946,  35.05966,  85.47086, -96.94547,  36.57708,  82.85414, -94.52831,  38.39572,  81.37467, -93.20929,  34.32987,  83.86311, -97.41563,  35.56911,  78.47060, -96.65132,  37.74311,  75.41968, -95.97957,  39.48094,  74.17081, -95.70163,  34.29032,  83.75181, -98.70507,  35.47703,  78.43104, -98.65766,  38.13181,  75.24851, -98.92428,  40.62960,  74.53252, -99.07921,  34.21894,  83.80317, -99.63333,  35.18728,  79.06020,-100.38646,  37.44401,  76.34175,-101.17028,  39.79604,  75.54635,-101.54501,  34.19033,  84.07546,-100.75084,  35.02320,  79.86740,-102.11906,  36.66333,  77.73268,-103.19206,  38.39348,  77.28489,-103.59036,  47.13768, 143.12837, -70.43935,  60.15737, 142.04055, -61.03115,  61.84299, 114.38928, -56.96104,  41.57803, 100.60915, -48.27546,  38.79646, 100.88556, -49.86072,  35.36659, 100.58127, -51.63153,  33.44598,  99.72609, -53.30963,  37.57545, 100.54257, -48.54543,  32.41373,  98.42761, -48.25796,  29.38113,  96.38877, -49.32195,  28.13590,  94.98079, -50.38212,  38.05748,  99.68610, -47.70239,  33.28312,  97.15970, -46.96490,  30.55461,  94.13516, -47.77410,  29.97792,  92.10278, -49.29478,  38.52198,  99.14195, -47.10444,  34.62490,  96.42838, -45.90031,  32.54497,  93.48717, -46.24723,  31.99691,  91.38322, -47.50348,  39.26888,  98.51728, -46.49147,  36.12694,  95.66793, -44.98055,  34.70026,  93.14746, -44.87935,  34.47496,  91.56450, -45.77155
   7.13348,  48.54178,  90.61809, -74.06155,  41.86080,  90.84252, -82.79735,  26.62602,  48.76787, -88.10854,  37.64781,   9.87389, -99.71260,  55.22275,  90.39367, -65.32574,  37.14290,  53.02877, -47.78815,  40.18378,  12.52678, -58.70679,  48.87377,  98.73118, -74.10702,  48.49987, 116.69797, -73.52821,  47.45012, 129.38449, -72.65198,  44.87665, 148.28424, -71.06572,  44.67505, 152.52732, -70.93108,  44.88431, 156.77006, -71.06485,  43.17452, 142.34370, -73.03109,  32.72812, 139.07565, -84.83798,  33.34854, 112.90011, -94.76048,  35.56949,  87.18028, -97.85207,  36.76553,  85.36099, -95.48855,  38.52344,  82.85160, -93.12104,  40.47304,  81.47096, -91.88451,  36.07795,  83.71681, -95.89152,  37.58102,  78.39356, -95.11510,  39.91411,  75.44589, -94.52048,  41.71516,  74.27376, -94.32223,  35.97085,  83.58100, -97.17476,  37.37834,  78.31448, -97.11213,  40.14391,  75.23811, -97.47949,  42.65668,  74.62146, -97.76475,  35.84547,  83.61284, -98.09816,  36.96626,  78.90040, -98.83127,  39.28649,  76.26226, -99.69955,  41.64482,  75.55643,-100.19474,  35.74298,  83.86375, -99.21634,  36.67193,  79.66922,-100.56409,  38.33660,  77.58403,-101.69514,  40.05881,  77.19982,-102.18396,  48.13846, 142.77039, -70.06172,  61.64597, 141.58490, -61.38118,  63.56269, 113.89426, -57.69950,  43.50015, 100.23065, -48.38285,  40.68393, 100.52406, -49.90251,  37.21125, 100.24098, -51.59152,  35.24579,  99.39678, -53.22259,  39.49196, 100.19123, -48.55829,  34.32410,  98.11220, -48.14605,  31.25337,  96.09283, -49.13520,  29.97388,  94.69203, -50.16361,  39.98786,  99.33259, -47.72556,  35.21504,  96.84008, -46.87194,  32.44758,  93.83328, -47.61206,  31.82130,  91.80288, -49.11567,  40.46260,  98.78607, -47.13791,  36.57652,  96.10097, -45.83818,  34.46891,  93.17367, -46.13156,  33.87700,  91.07186, -47.37138,  41.21945,  98.15710, -46.54179,  38.09460,  95.33144, -44.95294,  36.65348,  92.82098, -44.81436,  36.39638,  91.23841, -45.69862
   7.15014,  49.33953,  89.77409, -74.24362,  42.18325,  90.08002, -82.59192,  27.39562,  47.83701, -87.83004,  37.37587,   9.17574,-101.04276,  56.49581,  89.46817, -65.89532,  38.60038,  52.16094, -48.04853,  41.22805,  11.81106, -59.61824,  49.66267,  97.88764, -74.22329,  49.30936, 115.84698, -73.43746,  48.30209, 128.52243, -72.37161,  45.80983, 147.40157, -70.44650,  45.62184, 151.64372, -70.26947,  45.83877, 155.88622, -70.39856,  44.00416, 141.47980, -72.37578,  32.93506, 138.33317, -83.63561,  33.80271, 112.19287, -93.63220,  36.40432,  86.47442, -96.42375,  37.89742,  84.80990, -94.11581,  39.99436,  82.49208, -91.83044,  42.12020,  81.27586, -90.71792,  37.28794,  83.11402, -94.41753,  39.18810,  77.92231, -93.62092,  41.74623,  75.14618, -93.13648,  43.62923,  74.09539, -93.05218,  37.08932,  82.93069, -95.68385,  38.83464,  77.76672, -95.59229,  41.75572,  74.85823, -96.09768,  44.27287,  74.39033, -96.56743,  36.88998,  82.92501, -96.59469,  38.25175,  78.27037, -97.28791,  40.66212,  75.75524, -98.26843,  43.01489,  75.18203, -98.93251,  36.68393,  83.13303, -97.70738,  37.77311,  78.96336, -99.01158,  39.47495,  76.95059,-100.21612,  41.17463,  76.65882,-100.83137,  49.12595, 141.88144, -69.68394,  63.11902, 140.59412, -61.82604,  65.24590, 112.87161, -58.51864,  45.52314,  99.18040, -48.54048,  42.65658,  99.47866, -49.96189,  39.12718,  99.20153, -51.52998,  37.10520,  98.36086, -53.09233,  41.51122,  99.14741, -48.57736,  36.35737,  97.07651, -47.98723,  33.25107,  95.06229, -48.87008,  31.93458,  93.66377, -49.85393,  42.03423,  98.28778, -47.76242,  37.28976,  95.80267, -46.74489,  34.49357,  92.80047, -47.38953,  33.81247,  90.77143, -48.87098,  42.52811,  97.74036, -47.19162,  38.68495,  95.06114, -45.75892,  36.56379,  92.13727, -45.97986,  35.92603,  90.03671, -47.19889,  43.30409,  97.11004, -46.62212,  40.23147,  94.28898, -44.92680,  38.79199,  91.78079, -44.73898,  38.50196,  90.19884, -45.61413
   7.16681,  50.06684,  89.07711, -74.32912,  42.47575,  89.44572, -82.28144,  28.24299,  47.00217, -87.43482,  37.16922,   8.53817,-101.91648,  57.65794,  88.70850, -66.37680,  39.89100,  51.46734, -48.26560,  41.98355,  11.24367, -60.37152,  50.38557,  97.19053, -74.25730,  50.06091, 115.14162, -73.29103,  49.10292, 127.80484, -72.04904,  46.70725, 146.66012, -69.79539,  46.53357, 150.90087, -69.57547,  46.75569, 155.14334, -69.69617,  44.80383, 140.75676, -71.68677,  33.22751, 137.72573, -82.45765,  34.20529, 111.61447, -92.51976,  37.16839,  85.90232, -94.99063,  38.75668,  84.30329, -92.70001,  40.96130,  82.06297, -90.43880,  43.14073,  80.90678, -89.36671,  38.17431,  82.59111, -92.96038,  40.20141,  77.45136, -92.14005,  42.82810,  74.73497, -91.68474,  44.73387,  73.72371, -91.63620,  37.94564,  82.38470, -94.21805,  39.79852,  77.25891, -94.09864,  42.76415,  74.40256, -94.64059,  45.27688,  73.97842, -95.17153,  37.72211,  82.36124, -95.12297,  39.16017,  77.72504, -95.78499,  41.59456,  75.24445, -96.79374,  43.93998,  74.70879, -97.51292,  37.48210,  82.54824, -96.23257,  38.62137,  78.38212, -97.50497,  40.33132,  76.38608, -98.72575,  42.01953,  76.11934, -99.38252,  50.06260, 141.13604, -69.26986,  64.43265, 139.76264, -62.14066,  66.79599, 112.01338, -59.24357,  47.58010,  98.16899, -48.51593,  44.66018,  98.45895, -49.82610,  41.07459,  98.17118, -51.25897,  38.99776,  97.32597, -52.74506,  43.56986,  98.11984, -48.39967,  38.45054,  96.02672, -47.61832,  35.32079,  94.00199, -48.38692,  33.97323,  92.60045, -49.32325,  44.12700,  97.26044, -47.60743,  39.43473,  94.75377, -46.41566,  36.62787,  91.74178, -46.96050,  35.89872,  89.71346, -48.41991,  44.64449,  96.71369, -47.05727,  40.86949,  94.01561, -45.48552,  38.75302,  91.08370, -45.63257,  38.07749,  88.98341, -46.83156,  45.44414,  96.08520, -46.51937,  42.44970,  93.24778, -44.71498,  41.02838,  90.73335, -44.47856,  40.71140,  89.15228, -45.34592
   7.18348,  50.69644,  88.48012, -74.33049,  42.64672,  88.91240, -81.81482,  28.95249,  46.28455, -86.90584,  36.70783,   8.02142,-102.54753,  58.74616,  88.04783, -66.84616,  41.10145,  50.89603, -48.43443,  42.50711,  10.79329, -61.03084,  51.01396,  96.59291, -74.20341,  50.73520, 114.53336, -73.04459,  49.84626, 127.18184, -71.61513,  47.58606, 146.00858, -69.01032,  47.42994, 150.24730, -68.74315,  47.65438, 154.48998, -68.85184,  45.57528, 140.12576, -70.85401,  33.53484, 137.21465, -81.13814,  34.46429, 111.11527, -91.23559,  37.47412,  85.38968, -93.50169,  39.15463,  83.85452, -91.23327,  41.46135,  81.68814, -89.00208,  43.69018,  80.58608, -87.97548,  38.59471,  82.12883, -91.45007,  40.73287,  77.03771, -90.60877,  43.41801,  74.37351, -90.18728,  45.34157,  73.39535, -90.17805,  38.33376,  81.89846, -92.69726,  40.27752,  76.80712, -92.55169,  43.27532,  73.99271, -93.13454,  45.77879,  73.60242, -93.73111,  38.08490,  81.85674, -93.59488,  39.58327,  77.23535, -94.22596,  42.03029,  74.78018, -95.26586,  44.36308,  74.27257, -96.04402,  37.81006,  82.02186, -94.69986,  38.98425,  77.85562, -95.93968,  40.69280,  75.86928, -97.17812,  42.36590,  75.62047, -97.87911,  50.96665, 140.48126, -68.74530,  65.66336, 139.02788, -62.33403,  68.30115, 111.25524, -59.94182,  49.64722,  97.16795, -48.55854,  46.68421,  97.44586, -49.77093,  43.05507,  97.14270, -51.08615,  40.93519,  96.29084, -52.50620,  45.64331,  97.09567, -48.31066,  40.56417,  94.97089, -47.36899,  37.42211,  92.93111, -48.04159,  36.05228,  91.52518, -48.93818,  46.23098,  96.23672, -47.54028,  41.59445,  93.69941, -46.20395,  38.78795,  90.67345, -46.66712,  38.02245,  88.64606, -48.10910,  46.76931,  95.69103, -47.00942,  43.06311,  92.96620, -45.32418,  40.95926,  90.02286, -45.41217,  40.25632,  87.92292, -46.59591,  47.58971,  95.06523, -46.50039,  44.67206,  92.20470, -44.60880,  43.27327,  89.68145, -44.33488,  42.93671,  88.10161, -45.19708
   7.20014,  51.19655,  87.97035, -74.26745,  42.76821,  88.45122, -81.31954,  29.64272,  45.64299, -86.39506,  36.40149,   7.54392,-102.87702,  59.62488,  87.48949, -67.21536,  42.14434,  50.45458, -48.41562,  42.86717,  10.44033, -61.34671,  51.51794,  96.08223, -74.09843,  51.29282, 114.01271, -72.78402,  50.47639, 126.64747, -71.19853,  48.35689, 145.44694, -68.29557,  48.21677, 149.68359, -67.98956,  48.43923, 153.92656, -68.09068,  46.25348, 139.58237, -70.09346,  33.72483, 136.79197, -79.81233,  34.44719, 110.68558, -89.90860,  37.36600,  84.93700, -92.02786,  39.13244,  83.45437, -89.78999,  41.52801,  81.34408, -87.59903,  43.79780,  80.27557, -86.62824,  38.57802,  81.72137, -89.95695,  40.77973,  76.66057, -89.09684,  43.49659,  74.02223, -88.71805,  45.42638,  73.05712, -88.75587,  38.27719,  81.46670, -91.19034,  40.26135,  76.39178, -91.01894,  43.25818,  73.58710, -91.65157,  45.74305,  73.20258, -92.32474,  37.99875,  81.40707, -92.07821,  39.50844,  76.78497, -92.67637,  41.93695,  74.32755, -93.75367,  44.24601,  73.82131, -94.60046,  37.68594,  81.55029, -93.17613,  38.84800,  77.37008, -94.37985,  40.52846,  75.37293, -95.63916,  42.17893,  75.12249, -96.39134,  51.74484, 139.91790, -68.25705,  66.75983, 138.38715, -62.65198,  69.68049, 110.60081, -60.81116,  51.72094,  96.15123, -48.78351,  48.68595,  96.39894, -49.81018,  44.98886,  96.05637, -50.90861,  42.80018,  95.19153, -52.21161,  47.74101,  96.00971, -48.29556,  42.76167,  93.78810, -47.08328,  39.61644,  91.70758, -47.59771,  38.21660,  90.29316, -48.43248,  48.38748,  95.14893, -47.57599,  43.88015,  92.51616, -46.00319,  41.09772,  89.45204, -46.34472,  40.27756,  87.43445, -47.77030,  48.96535,  94.60415, -47.08745,  45.41057,  91.79385, -45.22561,  43.35089,  88.81815, -45.23379,  42.60994,  86.72514, -46.40657,  49.82465,  93.98423, -46.63901,  47.07148,  91.04803, -44.62102,  45.73094,  88.49838, -44.30380,  45.36712,  86.92647, -45.16942
   7.21681,  51.53712,  87.51112, -74.14744,  42.76169,  88.04406, -80.75862,  30.26282,  45.05221, -85.86379,  36.15555,   7.11334,-103.03335,  60.31256,  86.97819, -67.53626,  42.99915,  50.06025, -48.35565,  43.03669,  10.10598, -61.49075,  51.87666,  95.62148, -73.94434,  51.73529, 113.54225, -72.49304,  51.01057, 126.16415, -70.76675,  49.05660, 144.93779, -67.59308,  48.93512, 149.17233, -67.25194,  49.15499, 153.41559, -67.34637,  46.86116, 139.09122, -69.33884,  33.92683, 136.39803, -78.53991,  34.24961, 110.26352, -88.58398,  36.93122,  84.48085, -90.59963,  38.77626,  83.03173, -88.40363,  41.24400,  80.94957, -86.26652,  43.54391,  79.88473, -85.36504,  38.20442,  81.29976, -88.51215,  40.40608,  76.24181, -87.63529,  43.11883,  73.59209, -87.31033,  45.03928,  72.61236, -87.40502,  37.85278,  81.02196, -89.72698,  39.80939,  75.93731, -89.52914,  42.76029,  73.09845, -90.22228,  45.21366,  72.68205, -90.98594,  37.53862,  80.94610, -90.60159,  38.99324,  76.30180, -91.16303,  41.36071,  73.80510, -92.28495,  43.63068,  73.26472, -93.21250,  37.18301,  81.06899, -91.68890,  38.26888,  76.85654, -92.85062,  39.88460,  74.82171, -94.13410,  41.50197,  74.54382, -94.94617,  52.43627, 139.40640, -67.77076,  67.69179, 137.81417, -62.87752,  70.85419, 110.02452, -61.56047,  53.55598,  95.22429, -49.00160,  50.46128,  95.43601, -49.84097,  46.71150,  95.04698, -50.72424,  44.46386,  94.16704, -51.91164,  49.61533,  95.00149, -48.28082,  44.75584,  92.66765, -46.81875,  41.62131,  90.54038, -47.18622,  40.19833,  89.11661, -47.96403,  50.31819,  94.13930, -47.61806,  45.95836,  91.39628, -45.83234,  43.21298,  88.28909, -46.06822,  42.34348,  86.28390, -47.48202,  50.93341,  93.59607, -47.17557,  47.54458,  90.68747, -45.16149,  45.53897,  87.67556, -45.10589,  44.76493,  85.59170, -46.27359,  51.82839,  92.98358, -46.79132,  49.25109,  89.96076, -44.67151,  47.97545,  87.38173, -44.32550,  47.58732,  85.81990, -45.19878
   7.23348,  51.76143,  87.65717, -74.03706,  42.70181,  88.23751, -80.24887,  30.73419,  45.10245, -85.41866,  35.71617,   7.33068,-103.23294,  60.82104,  87.07682, -67.82525,  43.72816,  50.28287, -48.21345,  43.10300,  10.37445, -61.47250,  52.12250,  95.76585, -73.80611,  52.07536, 113.67632, -72.22712,  51.45871, 126.28391, -70.36002,  49.70922, 145.02746, -66.90197,  49.61084, 149.25949, -66.52417,  49.82785, 153.50303, -66.61215,  47.41360, 139.20104, -68.58510,  34.09180, 136.57815, -77.23727,  33.93464, 110.40914, -87.19508,  36.23853,  84.58349, -89.12588,  38.06979,  83.08699, -86.95022,  40.49805,  80.93363, -84.83858,  42.77309,  79.79098, -83.96989,  37.43074,  81.37705, -87.02937,  39.45590,  76.24787, -86.14095,  42.07215,  73.50013, -85.83968,  43.95190,  72.44709, -85.96058,  37.04524,  81.10083, -88.23424,  38.81133,  75.94758, -88.01973,  41.63851,  72.99168, -88.73883,  44.05901,  72.47463, -89.54472,  36.71146,  81.02833, -89.10184,  37.97790,  76.32668, -89.64152,  40.22680,  73.73065, -90.78181,  42.45617,  73.09508, -91.74672,  36.33964,  81.15389, -90.18341,  37.24234,  76.89186, -91.32078,  38.75452,  74.78437, -92.61315,  40.34407,  74.43707, -93.45295,  53.06514, 139.49415, -67.31462,  68.52369, 137.85002, -63.12653,  71.93792, 110.06847, -62.39961,  55.51035,  94.79134, -49.25638,  52.36350,  94.95706, -49.88596,  48.57200,  94.50948, -50.53139,  46.26866,  93.61023, -51.59067,  51.63091,  94.46817, -48.28508,  46.92508,  91.99814, -46.56661,  43.81546,  89.81411, -46.78093,  42.37250,  88.37917, -47.49909,  52.39271,  93.60575, -47.69135,  48.21471,  90.72972, -45.69287,  45.52121,  87.57143, -45.82571,  44.59990,  85.58203, -47.22896,  53.04629,  93.06544, -47.30368,  49.85530,  90.03913, -45.14505,  47.91717,  86.98491, -45.03316,  47.10885,  84.91312, -46.19911,  53.97650,  92.46320, -46.99414,  51.60432,  89.33746, -44.78598,  50.40508,  86.72454, -44.42140,  49.99093,  85.17579, -45.30593
   7.25015,  51.88998,  87.73993, -73.92964,  42.54980,  88.38124, -79.70456,  31.01367,  45.13906, -84.95958,  35.25081,   7.50492,-103.25148,  61.23016,  87.09862, -68.15472,  44.44399,  50.44058, -48.03019,  43.18210,  10.55704, -61.31876,  52.28759,  95.84611, -73.67252,  52.36218, 113.74600, -71.97878,  51.86124, 126.34027, -69.99108,  50.30923, 145.05714, -66.30192,  50.23085, 149.28690, -65.89513,  50.44046, 153.53089, -65.97953,  47.92694, 139.24813, -67.92370,  34.19249, 136.67855, -75.92195,  33.61659, 110.48163, -85.79057,  35.48748,  84.61701, -87.66705,  37.29900,  83.04816, -85.52611,  39.67025,  80.79132, -83.45821,  41.90613,  79.53925, -82.64012,  36.56930,  81.37355, -85.56764,  38.34755,  76.15405, -84.67673,  40.82384,  73.27551, -84.41673,  42.64167,  72.12376, -84.57779,  36.13575,  81.10587, -86.75802,  37.63496,  75.86918, -86.53321,  40.28189,  72.76138, -87.29660,  42.64809,  72.10946, -88.16360,  35.77408,  81.04230, -87.61508,  36.77673,  76.27527, -88.13542,  38.85327,  73.55303, -89.30784,  41.01795,  72.79121, -90.32710,  35.37874,  81.17635, -88.68724,  36.02431,  76.86143, -89.79995,  37.38669,  74.66429, -91.10950,  38.93134,  74.22530, -91.98921,  53.63213, 139.52259, -66.91600,  69.27788, 137.82666, -63.51829,  72.93164, 110.06649, -63.36524,  57.44827,  94.28543, -49.68228,  54.25911,  94.39232, -50.06224,  50.43968,  93.87113, -50.42649,  48.08131,  92.94617, -51.33129,  53.66414,  93.84142, -48.42486,  49.16165,  91.21116, -46.42277,  46.09359,  88.95923, -46.46143,  44.63109,  87.51030, -47.10845,  54.48858,  92.98151, -47.91743,  50.54289,  89.95052, -45.68902,  47.91738,  86.73280, -45.70744,  46.93376,  84.76152, -47.09385,  55.18206,  92.44661, -47.59749,  52.23591,  89.28491, -45.29000,  50.38002,  86.18268, -45.11965,  49.52929,  84.12518, -46.28073,  56.14654,  91.85870, -47.37855,  54.02257,  88.61609, -45.08776,  52.91309,  85.96574, -44.70946,  52.46561,  84.43265, -45.60496
   7.26681,  51.95274,  87.79112, -73.83649,  42.37625,  88.49333, -79.20284,  31.18699,  45.17017, -84.54027,  34.77585,   7.66173,-103.22481,  61.52924,  87.08891, -68.47015,  45.06525,  50.54298, -47.88093,  43.17816,  10.67793, -61.15091,  52.39397,  95.89453, -73.56352,  52.59208, 113.78543, -71.78673,  52.19195, 126.36887, -69.70960,  50.79115, 145.06389, -65.85300,  50.72637, 149.29180, -65.42509,  50.92686, 153.53628, -65.50662,  48.34714, 139.26747, -67.42727,  34.26905, 136.72306, -74.81261,  32.87279, 110.50024, -84.52929,  34.19043,  84.59979, -86.38147,  35.99489,  82.94091, -84.30335,  38.30859,  80.55758, -82.31364,  40.49384,  79.17024, -81.58149,  35.15568,  81.31798, -84.28480,  36.62780,  76.00349, -83.39706,  38.91932,  72.97052, -83.20833,  40.64789,  71.69886, -83.43619,  34.64932,  81.06492, -85.44936,  35.81049,  75.74353, -85.21361,  38.20833,  72.45783, -86.05144,  40.48267,  71.63975, -87.01773,  34.24388,  81.01486, -86.28752,  34.90549,  76.18575, -86.78012,  36.74066,  73.31749, -88.00584,  38.79969,  72.40125, -89.11310,  33.80761,  81.16154, -87.34200,  34.11480,  76.79985, -88.41661,  35.26611,  74.50116, -89.75410,  36.73499,  73.94984, -90.69803,  54.08413, 139.53000, -66.61607,  69.86122, 137.79378, -63.91812,  73.71955, 110.06295, -64.25618,  59.35636,  93.71148, -50.03198,  56.14464,  93.74543, -50.13320,  52.32146,  93.13467, -50.18513,  49.91623,  92.17553, -50.91382,  55.70694,  93.12953, -48.46959,  51.45847,  90.32150, -46.17515,  48.45292,  87.99140, -46.02362,  46.97470,  86.52458, -46.58954,  56.59241,  92.27673, -48.06302,  52.92761,  89.07616, -45.60402,  50.38750,  85.79214, -45.50172,  49.33459,  83.83852, -46.86200,  57.32349,  91.75090, -47.82133,  54.66414,  88.44377, -45.37360,  52.90416,  85.28978, -45.14563,  52.00516,  83.24669, -46.29573,  58.31700,  91.18234, -47.70520,  56.47698,  87.81663, -45.34729,  55.46766,  85.12759, -44.96158,  54.98084,  83.61108, -45.86477
   7.28348,  51.97347,  87.82768, -73.76042,  42.20915,  88.58140, -78.76940,  31.22664,  45.21204, -84.16079,  34.15737,   7.82077,-103.19180,  61.73780,  87.07397, -68.75144,  45.62380,  50.61765, -47.73099,  43.00474,  10.77543, -60.94513,  52.45387,  95.92854, -73.47794,  52.78802, 113.80978, -71.62601,  52.52928, 126.38098, -69.45443,  51.39190, 145.05060, -65.39350,  51.35686, 149.27587, -64.93698,  51.55401, 153.52068, -65.00886,  48.85109, 139.27493, -66.88882,  34.52975, 136.73935, -73.79389,  32.43685, 110.50831, -83.36220,  33.06358,  84.58144, -85.20738,  34.86483,  82.83239, -83.20167,  37.12240,  80.32645, -81.30008,  39.24963,  78.80858, -80.66209,  33.92533,  81.26763, -83.11598,  35.09803,  75.87912, -82.22840,  37.19691,  72.70621, -82.11456,  38.82588,  71.32265, -82.41319,  33.34312,  81.03492, -84.24890,  34.17115,  75.65239, -83.99614,  36.30567,  72.20891, -84.90921,  38.46874,  71.23427, -85.98011,  32.89170,  81.00188, -85.06408,  33.21512,  76.13481, -85.51990,  34.79528,  73.14002, -86.79719,  36.73005,  72.07982, -87.99626,  32.41080,  81.16473, -86.09656,  32.38036,  76.78054, -87.12196,  33.30968,  74.39718, -88.48370,  34.68837,  73.74122, -89.49440,  54.62203, 139.51134, -66.35936,  70.49658, 137.72906, -64.35136,  74.57309, 110.03892, -65.15031,  61.25122,  93.18610, -50.50415,  58.04052,  93.15776, -50.37318,  54.23550,  92.47156, -50.16511,  51.80185,  91.48159, -50.74253,  57.73583,  92.49426, -48.69824,  53.71697,  89.54814, -46.17471,  50.77362,  87.15509, -45.86540,  49.28551,  85.67253, -46.35985,  58.66394,  91.65013, -48.37778,  55.24625,  88.31954, -45.74193,  52.78100,  84.98357, -45.53893,  51.66845,  83.04165, -46.86815,  59.42014,  91.13359, -48.20247,  57.00623,  87.71699, -45.65285,  55.32564,  84.52372, -45.37743,  54.38343,  82.49055, -46.51037,  60.42973,  90.58257, -48.17230,  58.82744,  87.12602, -45.77264,  57.89830,  84.40889, -45.38237,  57.37530,  82.90453, -46.28567
   7.30015,  51.93862,  87.85445, -73.70139,  41.99767,  88.66545, -78.34034,  31.07598,  45.28134, -83.73657,  33.45854,   7.96015,-102.98048,  61.87957,  87.04346, -69.06245,  46.17965,  50.66480, -47.59877,  42.87459,  10.85139, -60.74582,  52.46215,  95.95223, -73.40761,  52.94074, 113.82329, -71.49014,  52.82369, 126.38330, -69.24292,  51.94174, 145.03204, -65.02554,  51.93392, 149.25488, -64.54592,  52.12475, 153.50015, -64.60771,  49.31439, 139.27620, -66.44587,  34.66739, 136.74221, -72.63089,  31.63218, 110.52310, -81.97678,  31.57895,  84.58918, -83.82855,  33.37430,  82.74076, -81.90850,  35.56684,  80.10513, -80.10889,  37.62100,  78.45196, -79.57637,  32.33811,  81.24458, -81.74642,  33.19525,  75.79744, -80.85590,  35.07825,  72.49006, -80.82235,  36.58945,  70.99585, -81.19731,  31.67508,  81.04123, -82.83988,  32.15154,  75.61745, -82.56286,  33.99062,  72.02784, -83.55275,  36.01535,  70.89774, -84.73553,  31.17472,  81.03121, -83.62660,  31.14120,  76.14926, -84.03423,  32.43675,  73.04156, -85.36123,  34.22069,  71.84044, -86.65736,  30.64526,  81.21653, -84.63115,  30.25799,  76.83497, -85.59312,  30.94158,  74.38081, -86.97450,  32.21020,  73.62270, -88.05544,  55.10361, 139.48561, -66.16119,  71.04903, 137.64398, -64.91140,  75.34314, 110.00354, -66.16298,  63.36228,  92.54336, -51.07652,  60.17349,  92.44252, -50.69179,  56.41154,  91.66949, -50.19934,  53.95955,  90.64069, -50.60605,  60.01674,  91.73403, -49.01490,  56.27126,  88.64407, -46.25399,  53.40984,  86.18136, -45.77133,  51.91653,  84.67876, -46.18264,  60.98396,  90.90301, -48.79014,  57.85418,  87.43919, -45.97455,  55.47934,  84.04683, -45.65915,  54.30270,  82.11254, -46.94353,  61.76180,  90.39904, -48.68827,  59.62720,  86.87297, -46.04045,  58.03733,  83.63857, -45.71163,  57.04793,  81.61221, -46.81620,  62.78124,  89.86946, -48.75201,  61.44432,  86.32449, -46.31905,  60.60313,  83.57959, -45.92366,  60.03944,  82.08555, -46.81956
   7.31681,  51.84467,  87.87136, -73.63152,  41.70742,  88.74740, -77.81106,  30.77130,  45.36272, -83.17342,  32.65224,   8.07560,-102.53855,  61.98193,  86.99532, -69.45197,  46.67198,  50.66695, -47.62450,  42.59202,  10.89370, -60.67508,  52.41986,  95.96535, -73.33009,  53.06903, 113.82560, -71.36271,  53.11148, 126.37581, -69.05880,  52.50544, 145.00819, -64.72214,  52.52897, 149.22875, -64.22332,  52.71714, 153.47428, -64.27386,  49.79054, 139.27308, -66.05923,  34.91760, 136.73606, -71.67788,  30.78384, 110.55788, -80.71200,  29.96584,  84.63945, -82.60028,  31.73475,  82.67874, -80.76913,  33.83298,  79.90220, -79.07188,  35.78772,  78.10441, -78.64403,  30.60232,  81.26600, -80.52358,  31.10598,  75.77806, -79.61371,  32.73642,  72.33918, -79.65098,  34.10616,  70.73254, -80.09766,  29.85932,  81.10322, -81.57148,  29.94769,  75.66167, -81.25086,  31.44982,  71.93555, -82.30303,  33.30751,  70.64628, -83.59237,  29.31166,  81.12376, -82.32583,  28.89015,  76.25464, -82.66456,  29.86617,  73.04683, -84.02636,  31.47188,  71.70378, -85.41309,  28.73601,  81.33932, -83.29843,  27.96515,  76.99076, -84.17548,  28.37727,  74.48004, -85.56287,  29.51639,  73.61931, -86.70922,  55.58763, 139.45095, -66.01332,  71.56417, 137.55077, -65.42207,  76.09373, 109.97125, -67.11132,  65.36212,  91.99470, -51.69458,  62.20999,  91.82926, -51.09186,  58.50499,  90.97956, -50.35472,  56.04833,  89.91386, -50.61003,  62.18229,  91.08840, -49.42187,  58.69064,  87.88255, -46.46722,  55.91164,  85.36021, -45.83427,  54.41886,  83.83832, -46.16955,  63.17667,  90.27119, -49.28045,  60.30924,  86.70179, -46.32100,  58.01961,  83.26188, -45.90622,  56.78919,  81.32968, -47.14244,  63.96809,  89.77968, -49.24229,  62.08266,  86.16906, -46.52029,  60.57426,  82.90105, -46.14351,  59.54466,  80.87701, -47.21511,  64.98941,  89.26987, -49.38653,  63.88497,  85.65864, -46.93445,  63.11971,  82.89236, -46.53386,  62.52028,  81.40447, -47.41673
   7.33348,  51.70200,  87.89240, -73.56383,  41.41970,  88.82438, -77.35930,  30.40472,  45.44997, -82.64276,  31.75866,   8.18457,-102.09351,  61.98431,  86.96042, -69.76837,  47.08772,  50.65087, -47.62583,  42.27077,  10.92439, -60.56719,  52.32435,  95.98293, -73.26319,  53.14045, 113.83320, -71.26760,  53.35314, 126.37391, -68.92174,  53.06592, 144.98984, -64.48281,  53.12770, 149.20786, -63.96613,  53.31705, 153.45347, -64.00385,  50.25582, 139.27820, -65.71994,  35.16074, 136.75873, -70.72000,  29.83772, 110.65670, -79.34264,  28.06322,  84.78700, -81.24257,  29.79549,  82.73119, -79.48206,  31.79718,  79.83909, -77.86299,  33.65294,  77.92304, -77.51512,  28.58956,  81.39592, -79.16375,  28.78901,  75.89422, -78.22010,  30.19322,  72.35768, -78.30214,  31.43317,  70.66310, -78.80003,  27.78485,  81.27299, -80.17071,  27.54309,  75.83962, -79.79495,  28.74900,  72.01679, -80.88084,  30.45217,  70.60107, -82.24852,  27.20158,  81.32273, -80.89646,  26.45421,  76.48818, -81.15959,  27.15284,  73.21390, -82.53370,  28.59646,  71.75992, -83.98525,  26.59162,  81.56721, -81.84091,  25.50153,  77.27034, -82.62963,  25.68121,  74.72765, -84.00835,  26.70283,  73.78677, -85.20149,  56.05009, 139.41910, -65.93595,  72.02946, 137.45228, -65.97096,  76.80007, 109.94334, -68.09215,  67.20535,  91.52793, -52.44562,  64.10397,  91.29802, -51.63621,  60.47150,  90.37229, -50.66639,  58.02140,  89.26702, -50.77347,  64.20076,  90.53283, -49.97982,  60.96929,  87.22342, -46.84861,  58.28157,  84.64339, -46.07064,  56.79530,  83.10028, -46.32902,  65.21591,  89.73141, -49.91790,  62.61356,  86.06954, -46.82928,  60.41473,  82.58399, -46.31593,  59.13661,  80.64828, -47.49704,  66.01622,  89.25350, -49.94037,  64.37827,  85.57124, -47.15491,  62.95338,  82.27193, -46.72902,  61.88818,  80.24560, -47.76074,  67.03393,  88.76399, -50.16046,  66.15701,  85.09884, -47.69649,  65.46669,  82.31396, -47.28871,  64.83433,  80.82855, -48.15256
   7.35015,  51.47170,  87.92783, -73.48225,  41.07646,  88.91021, -76.94259,  29.95280,  45.54679, -82.08667,  30.86020,   8.28058,-101.56183,  61.86694,  86.94546, -70.02191,  47.46516,  50.62422, -47.57328,  42.03185,  10.94402, -60.41211,  52.13708,  96.01507, -73.18518,  53.11786, 113.85486, -71.17015,  53.51161, 126.38455, -68.78906,  53.58421, 144.98071, -64.25951,  53.68955, 149.19572, -63.72551,  53.88113, 153.44133, -63.74866,  50.67358, 139.29549, -65.38043,  35.40711, 136.79215, -69.83892,  29.12156, 110.78961, -78.10692,  26.43043,  84.99707, -79.97850,  28.08700,  82.85510, -78.24809,  29.95643,  79.86045, -76.65760,  31.70064,  77.83665, -76.34448,  26.81167,  81.60020, -77.87758,  26.70137,  76.10609, -76.87675,  27.88189,  72.48878, -76.96071,  28.99897,  70.71595, -77.47661,  25.96985,  81.51757, -78.85795,  25.40584,  76.11349, -78.41200,  26.33953,  72.21300, -79.48988,  27.90871,  70.68138, -80.89252,  25.36835,  81.59630, -79.56604,  24.31684,  76.81497, -79.75011,  24.76923,  73.49057, -81.10689,  26.07451,  71.93602, -82.58498,  24.74538,  81.86891, -80.49415,  23.36865,  77.64033, -81.19928,  23.34824,  75.07817, -82.55328,  24.27220,  74.06433, -83.76613,  56.45083, 139.39554, -65.88377,  72.40423, 137.34804, -66.59574,  77.40433, 109.91688, -69.15127,  68.95612,  91.08625, -53.33877,  65.92820,  90.78221, -52.30641,  62.39569,  89.76952, -51.08647,  59.96557,  88.61735, -51.03067,  66.16194,  89.99395, -50.67469,  63.23433,  86.57340, -47.36892,  60.66063,  83.92871, -46.43765,  59.18851,  82.36037, -46.61122,  67.19374,  89.21209, -50.70130,  64.89687,  85.45240, -47.49036,  62.80799,  81.91626, -46.87416,  61.48232,  79.97366, -47.98973,  67.99901,  88.75064, -50.79079,  66.64161,  84.99442, -47.95372,  65.31440,  81.66123, -47.47880,  64.21382,  79.63001, -48.46266,  69.00660,  88.28494, -51.09360,  68.38382,  84.56591, -48.63303,  67.77804,  81.76192, -48.22185,  67.11132,  80.27752, -49.06128
   7.36681,  51.14421,  87.97010, -73.36095,  40.62580,  89.02383, -76.40280,  29.37581,  45.67134, -81.36095,  29.77143,   8.37733,-100.79997,  61.66261,  86.91637, -70.31910,  47.73593,  50.55619, -47.63499,  41.76878,  10.93109, -60.40683,  51.86746,  96.05230, -73.06213,  53.03264, 113.87931, -71.03218,  53.59581, 126.39942, -68.63484,  53.96385, 144.98232, -64.06537,  54.10431, 149.19505, -63.52168,  54.29668, 153.44068, -63.53383,  50.97475, 139.31995, -65.09147,  35.50352, 136.87608, -68.81686,  28.04884, 111.03410, -76.60274,  24.36315,  85.35626, -78.35316,  25.91292,  83.13113, -76.62875,  27.61172,  80.03837, -75.03461,  29.21853,  77.90244, -74.73117,  24.56381,  81.97481, -76.20291,  24.09816,  76.51857, -75.10218,  25.02099,  72.82649, -75.15265,  25.99733,  70.97169, -75.66594,  23.69188,  81.93587, -77.15940,  22.76497,  76.59243, -76.60304,  23.39484,  72.61942, -77.63547,  24.81468,  70.95943, -79.05112,  23.07827,  82.04534, -77.85286,  21.69146,  77.34723, -77.92456,  21.87395,  73.97815, -79.23344,  23.02696,  72.31259, -80.71722,  22.45077,  82.34620, -78.76911,  20.76399,  78.21394, -79.36296,  20.52819,  75.63833, -80.67027,  21.34587,  74.54304, -81.88859,  56.72990, 139.38232, -65.80864,  72.63719, 137.25648, -67.09281,  77.85621, 109.90978, -70.07945,  70.69784,  90.63542, -54.16541,  67.74906,  90.26419, -52.94335,  64.32096,  89.17308, -51.51155,  61.91935,  87.97740, -51.31480,  68.10172,  89.45874, -51.34166,  65.45340,  85.94356, -47.90234,  62.99060,  83.24163, -46.84410,  61.53689,  81.64988, -46.94429,  69.14261,  88.69570, -51.44632,  67.12313,  84.85387, -48.14735,  65.13855,  81.27347, -47.44769,  63.77595,  79.32257, -48.50266,  69.94799,  88.24980, -51.59443,  68.84147,  84.43303, -48.72938,  67.60424,  81.07088, -48.21717,  66.47628,  79.03363, -49.15657,  70.94142,  87.80607, -51.96856,  70.54274,  84.04445, -49.52629,  70.01225,  81.22498, -49.11688,  69.31738,  79.74022, -49.93247
   7.38348,  50.73970,  88.04095, -73.19482,  40.12776,  89.16130, -75.86530,  28.77314,  45.81580, -80.64281,  28.55201,   8.48149,-100.00709,  61.35165,  86.92061, -70.52433,  47.95926,  50.46930, -47.66542,  41.45266,  10.90798, -60.37138,  51.51642,  96.11807, -72.89276,  52.86457, 113.93129, -70.85501,  53.60875, 126.44094, -68.45245,  54.31506, 145.00911, -63.86293,  54.49716, 149.21939, -63.31257,  54.69358, 153.46485, -63.31525,  51.23963, 139.37469, -64.78216,  35.63842, 137.03839, -67.99994,  27.28988, 111.35600, -75.39704,  22.49647,  85.84520, -76.88766,  23.93953,  83.56261, -75.14585,  25.47591,  80.40254, -73.51923,  26.95473,  78.17820, -73.20068,  22.53055,  82.49971, -74.67305,  21.75339,  77.10449, -73.45376,  22.44799,  73.36242, -73.44540,  23.29950,  71.44167, -73.93795,  21.64012,  82.49603, -75.61312,  20.39931,  77.23125, -74.93223,  20.76602,  73.20799, -75.89465,  22.05512,  71.43707, -77.30095,  21.02145,  82.62965, -76.29781,  19.34933,  78.02504, -76.24979,  19.30126,  74.62661, -77.49299,  20.32245,  72.86522, -78.96261,  20.39644,  82.95082, -77.20885,  18.44972,  78.91930, -77.68902,  18.03268,  76.33842, -78.93944,  18.75901,  75.17180, -80.14940,  56.96242, 139.39010, -65.72522,  72.80452, 137.17046, -67.54487,  78.23882, 109.92476, -71.02917,  72.22154,  90.27526, -55.10155,  69.36517,  89.83466, -53.69671,  66.05606,  88.66291, -52.06295,  63.69233,  87.42279, -51.72977,  69.83464,  89.01184, -52.13432,  67.47418,  85.40051, -48.58670,  65.13029,  82.64072, -47.41395,  63.69948,  81.02555, -47.44488,  70.87889,  88.26869, -52.31845,  69.14207,  84.34383, -48.95689,  67.26637,  80.71942, -48.18694,  65.87013,  78.76092, -49.18213,  71.68012,  87.83913, -52.52560,  70.82550,  83.96165, -49.65585,  69.67966,  80.57124, -49.11797,  68.52648,  78.52879, -50.01446,  72.65421,  87.41836, -52.97044,  72.47736,  83.61461, -50.56760,  72.02106,  80.78058, -50.16952,  71.29899,  79.29617, -50.96181
   7.40015,  50.25166,  88.15224, -72.99286,  39.56982,  89.33608, -75.33739,  28.11642,  45.99642, -79.92831,  27.33456,   8.61694, -99.19067,  60.93350,  86.96841, -70.64833,  48.17694,  50.37523, -47.65281,  41.23312,  10.87463, -60.31620,  51.07850,  96.22414, -72.68417,  52.59432, 114.02311, -70.63988,  53.50156, 126.52242, -68.23948,  54.51109, 145.07666, -63.65030,  54.73003, 149.28487, -63.09760,  54.92916, 153.53021, -63.09508,  51.36090, 139.46902, -64.47536,  35.62805, 137.27341, -67.09578,  26.63400, 111.72762, -74.20350,  20.87453,  86.39944, -75.34886,  22.21644,  84.08212, -73.57238,  23.59507,  80.88033, -71.88706,  24.94231,  78.57872, -71.53539,  20.75678,  83.12211, -73.03733,  19.68049,  77.82181, -71.64179,  20.14502,  74.04570, -71.53781,  20.86552,  72.06285, -71.99185,  19.84564,  83.14692, -73.95702,  18.30186,  77.99022, -73.09315,  18.39887,  73.92642, -73.94372,  19.54341,  72.04021, -75.32498,  19.22016,  83.29913, -74.63156,  17.27127,  78.80986, -74.41020,  16.98590,  75.38716, -75.55073,  17.86220,  73.52523, -76.98965,  18.59442,  83.63247, -75.53772,  16.39397,  79.71702, -75.85512,  15.79025,  77.13257, -77.01897,  16.41486,  75.88960, -78.20954,  57.04945, 139.43930, -65.60656,  72.79973, 137.09974, -67.98665,  78.39638, 109.94886, -71.92462,  73.49554,  89.94703, -56.05300,  70.75879,  89.42691, -54.45106,  67.60028,  88.16316, -52.60197,  65.28963,  86.87275, -52.12049,  71.35661,  88.58461, -52.94385,  69.32791,  84.86497, -49.30412,  67.12557,  82.04040, -48.01684,  65.72482,  80.39934, -47.97432,  72.39725,  87.86481, -53.21878,  70.98214,  83.84693, -49.81654,  69.23201,  80.17426, -48.98228,  67.80058,  78.20831, -49.91054,  73.18838,  87.45432, -53.49264,  72.61581,  83.50947, -50.64466,  71.57222,  80.08874, -50.09082,  70.39190,  78.04166, -50.94016,  74.13419,  87.06023, -54.01602,  74.20169,  83.21043, -51.68194,  73.82561,  80.36148, -51.30722,  73.07309,  78.87847, -52.07336
   7.41682,  49.69395,  88.30219, -72.75166,  38.95443,  89.54645, -74.78008,  27.39254,  46.21457, -79.16804,  26.00140,   8.76853, -98.26607,  60.43347,  87.05793, -70.72323,  48.26844,  50.29850, -47.67242,  40.91040,  10.84755, -60.25643,  50.56837,  96.36869, -72.43320,  52.24524, 114.15185, -70.37701,  53.31058, 126.63863, -67.97644,  54.61799, 145.17397, -63.38608,  54.87500, 149.37994, -62.83262,  55.08061, 153.62496, -62.82893,  51.39617, 139.59519, -64.12569,  35.58159, 137.53593, -66.33218,  25.74770, 112.19460, -73.04870,  19.12660,  87.06123, -73.73776,  20.37342,  84.73004, -71.91087,  21.59556,  81.51101, -70.13982,  22.79978,  79.13964, -69.73663,  18.87302,  83.89168, -71.29080,  17.49904,  78.73391, -69.64502,  17.71750,  74.94206, -69.40058,  18.29001,  72.89916, -69.79528,  17.93443,  83.94175, -72.18140,  16.08542,  78.93780, -71.05766,  15.88568,  74.84661, -71.74300,  16.85555,  72.83552, -73.08109,  17.29752,  84.10920, -72.84147,  15.06634,  79.77284, -72.37400,  14.51747,  76.33519, -73.36316,  15.21946,  74.36405, -74.75131,  16.66430,  84.44823, -73.74030,  14.20149,  80.67986, -73.82649,  13.38948,  78.09839, -74.86333,  13.88971,  76.77090, -76.02096,  57.04744, 139.51922, -65.42851,  72.70296, 137.06269, -68.27111,  78.42551, 110.01217, -72.68947,  74.74886,  89.63096, -56.97042,  72.13218,  89.03863, -55.20161,  69.12201,  87.69171, -53.17255,  66.86754,  86.35624, -52.56431,  72.84085,  88.17897, -53.75341,  71.11259,  84.36264, -50.05912,  69.04209,  81.48067, -48.68328,  67.67149,  79.81703, -48.57965,  73.87145,  87.48088, -54.11000,  72.74400,  83.38043, -50.69880,  71.10713,  79.66596, -49.82087,  69.64637,  77.69450, -50.68986,  74.64865,  87.08802, -54.44321,  74.32401,  83.08396, -51.63915,  73.36976,  79.63765, -51.08278,  72.16596,  77.58765, -51.89117,  75.56339,  86.71852, -55.03524,  75.84190,  82.82891, -52.78427,  75.53336,  79.96805, -52.43978,  74.75360,  78.48728, -53.18265
   7.43348,  49.09464,  88.50077, -72.48975,  38.30291,  89.80505, -74.17424,  26.66917,  46.47687, -78.40611,  24.54840,   8.94666, -97.27037,  59.88637,  87.19649, -70.80527,  48.32660,  50.23742, -47.76220,  40.53620,  10.82448, -60.20428,  50.01821,  96.56155, -72.16530,  51.86238, 114.32733, -70.10220,  53.09259, 126.79925, -67.70312,  54.71167, 145.30982, -63.11219,  55.01096, 149.51328, -62.56095,  55.22813, 153.75773, -62.56247,  51.41788, 139.76206, -63.76276,  35.52158, 137.87202, -65.47902,  24.89304, 112.75570, -71.81973,  17.42548,  87.85141, -71.92957,  18.61024,  85.52912, -70.05078,  19.71899,  82.32032, -68.18888,  20.80442,  79.90251, -67.72831,  17.09054,  84.80357, -69.34182,  15.49675,  79.80371, -67.42866,  15.51379,  76.01864, -67.03037,  15.95655,  73.93208, -67.35773,  16.12271,  84.87082, -70.19938,  14.04348,  80.03026, -68.79692,  13.59100,  75.93264, -69.29911,  14.39582,  73.81679, -70.58404,  15.47122,  85.04734, -70.84264,  13.02255,  80.86784, -70.11020,  12.24634,  77.42970, -70.93111,  12.78417,  75.36695, -72.25810,  14.82377,  85.38510, -71.73176,  12.15427,  81.76289, -71.56806,  11.16117,  79.19190, -72.46369,  11.54224,  77.79209, -73.58077,  57.02420, 139.63906, -65.24400,  72.58181, 137.06352, -68.49013,  78.40213, 110.13258, -73.47493,  75.78098,  89.42894, -57.96722,  73.29647,  88.76521, -56.04025,  70.44664,  87.33647, -53.84262,  68.25553,  85.95732, -53.11250,  74.11160,  87.88815, -54.66009,  72.68434,  83.97710, -50.93643,  70.74831,  81.03979, -49.48397,  69.40954,  79.35496, -49.32274,  75.12505,  87.21191, -55.09856,  74.28197,  83.03090, -51.70305,  72.75610,  79.27712, -50.79294,  71.26631,  77.30195, -51.60218,  75.88327,  86.83673, -55.49066,  75.79924,  82.77527, -52.75238,  74.92940,  79.30556, -52.20316,  73.70105,  77.25440, -52.97063,  76.76109,  86.49184, -56.14965,  77.24031,  82.56410, -54.00102,  76.99286,  79.69301, -53.69440,  76.18452,  78.21575, -54.41331
   7.45015,  48.45913,  88.74421, -72.23109,  37.63062,  90.09116, -73.62002,  25.94216,  46.76139, -77.68136,  23.18858,   9.14813, -96.29683,  59.28763,  87.39726, -70.84215,  48.38914,  50.20264, -47.85592,  40.25272,  10.80208, -60.11440,  49.41927,  96.80060, -71.90374,  51.39487, 114.55188, -69.83748,  52.75903, 127.01023, -67.44038,  54.63720, 145.49612, -62.84867,  54.97182, 149.69737, -62.30092,  55.19879, 153.94130, -62.31054,  51.28599, 139.97464, -63.42544,  35.33625, 138.24183, -64.77199,  24.01195, 113.34729, -70.77387,  15.90193,  88.64858, -70.32582,  17.05756,  86.36766, -68.37941,  18.09774,  83.20487, -66.40275,  19.09351,  80.76489, -65.86329,  15.53695,  85.74745, -67.57842,  13.80278,  80.92375, -65.35948,  13.66956,  77.16546, -64.77372,  14.00694,  75.04747, -65.01298,  14.53959,  85.81756, -68.40122,  12.30749,  81.15045, -66.68166,  11.65598,  77.05841, -66.96134,  12.31533,  74.84850, -68.16848,  13.87136,  85.99253, -69.02751,  11.27278,  81.96966, -67.99574,  10.31434,  78.53513, -68.61424,  10.70783,  76.38839, -69.85595,  13.20444,  86.31637, -69.90737,  10.38721,  82.83227, -69.46273,   9.24734,  80.26930, -70.19092,   9.52181,  78.80133, -71.25030,  56.85012, 139.81403, -65.05475,  72.31586, 137.13307, -68.63711,  78.18181, 110.31477, -74.14794,  76.55825,  89.29321, -58.93419,  74.23425,  88.54910, -56.84329,  71.57667,  87.02868, -54.47307,  69.46535,  85.60035, -53.61381,  75.16229,  87.65433, -55.54844,  74.07120,  83.64057, -51.82041,  72.28952,  80.64258, -50.29615,  70.98964,  78.93430, -50.07469,  76.14918,  87.00354, -56.07678,  75.61969,  82.73610, -52.72571,  74.21749,  78.94021, -51.79166,  72.69833,  76.96083, -52.53316,  76.88095,  86.64877, -56.53290,  77.05748,  82.52699, -53.89086,  76.27852,  79.03308, -53.35890,  75.02420,  76.98081, -54.08002,  77.71159,  86.33201, -57.26331,  78.40376,  82.36554, -55.24800,  78.21907,  79.48493, -54.99042,  77.37937,  78.01171, -55.68113
   7.46682,  47.77224,  88.99762, -71.95212,  36.91431,  90.37493, -73.05138,  25.17787,  47.03645, -76.87455,  21.79424,   9.31553, -95.16549,  58.63017,  87.62031, -70.85285,  48.29642,  50.21406, -47.94936,  39.83321,  10.80218, -59.94740,  48.75979,  97.05038, -71.61705,  50.84417, 114.78761, -69.53710,  52.32410, 127.23177, -67.13494,  54.43171, 145.69059, -62.53391,  54.79888, 149.88949, -61.98902,  55.03681, 154.13279, -62.00758,  51.03236, 140.19214, -63.04522,  35.04605, 138.59547, -64.09339,  23.06930, 113.92755, -69.75477,  14.45798,  89.41627, -68.73389,  15.59908,  87.18150, -66.72635,  16.59455,  84.07191, -64.64503,  17.52111,  81.62263, -64.02972,  14.08631,  86.65382, -65.84795,  12.26025,  81.99963, -63.35736,  12.01394,  78.27813, -62.59877,  12.26715,  76.14064, -62.75350,  13.06391,  86.72478, -66.63934,  10.72864,  82.22352, -64.63779,   9.92254,  78.15016, -64.71096,  10.46019,  75.86655, -65.83864,  12.38083,  86.89683, -67.25024,   9.67841,  83.02221, -65.95219,   8.57731,  79.60182, -66.38303,   8.85048,  77.38963, -67.53920,  11.69550,  87.20634, -68.12105,   8.77333,  83.85200, -67.42618,   7.51820,  81.30366, -67.99975,   7.70303,  79.78152, -69.00049,  56.55372, 140.00188, -64.81110,  71.92217, 137.22284, -68.72233,  77.78665, 110.52142, -74.77560,  77.21286,  89.15143, -59.97714,  75.04083,  88.33632, -57.75353,  72.56322,  86.73531, -55.24542,  70.52965,  85.26348, -54.27876,  76.06255,  87.42766, -56.54154,  75.26591,  83.32668, -52.83393,  73.62298,  80.27652, -51.25820,  72.36000,  78.54783, -50.98710,  77.01962,  86.80010, -57.14719,  76.76125,  82.46016, -53.85792,  75.46692,  78.62892, -52.91258,  73.92452,  76.64569, -53.59332,  77.72358,  86.46381, -57.65782,  78.12109,  82.29260, -55.11939,  77.41858,  78.77917, -54.60999,  76.14259,  76.72602, -55.28936,  78.50761,  86.17226, -58.44781,  79.37639,  82.17537, -56.56538,  79.24173,  79.28807, -56.35610,  78.37488,  77.81845, -57.02044
   7.48348,  47.05520,  89.26000, -71.68094,  36.17293,  90.66336, -72.45993,  24.38807,  47.31587, -76.02316,  20.31179,   9.44586, -93.85910,  57.93747,  87.85663, -70.90195,  48.13838,  50.23347, -48.11907,  39.32445,  10.79960, -59.78782,  48.06902,  97.30935, -71.34270,  50.26437, 115.03128, -69.24651,  51.86623, 127.45745, -66.82950,  54.21863, 145.87859, -62.19621,  54.62063, 150.07410, -61.64971,  54.87030, 154.31669, -61.67358,  50.77008, 140.40531, -62.64417,  34.75583, 138.94376, -63.43000,  22.13673, 114.52032, -68.74545,  13.09549,  90.19753, -67.11519,  14.25133,  88.05740, -65.01508,  15.24616,  85.05156, -62.78627,  16.14113,  82.62196, -62.05676,  12.75546,  87.61448, -64.06393,  10.91174,  83.15248, -61.25496,  10.61318,  79.48709, -60.27444,  10.81826,  77.33918, -60.31191,  11.71123,  87.66224, -64.82809,   9.34693,  83.33594, -62.50122,   8.45666,  79.28381, -62.31399,   8.91359,  76.92786, -63.32212,  11.01360,  87.81383, -65.42786,   8.27379,  84.08059, -63.82878,   7.09112,  80.66609, -64.02786,   7.28433,  78.38560, -65.06089,  10.30863,  88.08772, -66.29492,   7.34151,  84.84391, -65.32162,   6.01825,  82.29497, -65.70936,   6.14185,  80.71410, -66.62485,  56.24149, 140.18755, -64.55631,  71.51638, 137.32184, -68.76053,  77.32775, 110.75266, -75.41683,  77.61661,  89.07961, -61.05731,  75.59978,  88.19265, -58.71803,  73.30472,  86.51046, -56.09213,  71.35308,  84.99440, -55.02970,  76.70654,  87.27192, -57.59292,  76.19265,  83.08645, -53.93003,  74.68685,  79.98481, -52.31819,  73.46263,  78.23563, -52.00414,  77.62983,  86.66864, -58.27132,  77.62900,  82.25943, -55.06509,  76.43940,  78.39409, -54.12092,  74.87843,  76.40652, -54.74424,  78.30342,  86.35151, -58.83265,  78.90739,  82.13436, -56.41365,  78.27711,  78.60292, -55.93530,  76.98284,  76.54867, -56.57565,  79.03861,  86.08579, -59.67685,  80.06914,  82.06211, -57.93861,  79.97956,  79.16971, -57.78250,  79.08819,  77.70351, -58.42146
   7.50015,  46.31098,  89.53439, -71.42084,  35.41490,  90.95467, -71.92896,  23.60069,  47.58837, -75.14966,  18.89454,   9.56322, -92.49368,  57.20707,  88.11412, -70.91273,  47.98608,  50.23084, -48.32038,  38.91828,  10.75968, -59.66400,  47.34375,  97.58105, -71.07573,  49.62697, 115.28905, -68.95584,  51.32922, 127.69803, -66.51917,  53.88740, 146.08225, -61.84845,  54.31740, 150.27451, -61.29842,  54.57418, 154.51666, -61.32486,  50.39912, 140.63033, -62.24646,  34.36039, 139.32794, -62.76901,  21.33428, 115.06508, -67.83204,  12.02898,  90.88124, -65.69818,  13.21833,  88.86324, -63.49826,  14.24518,  85.98976, -61.11476,  15.14340,  83.60259, -60.25994,  11.74070,  88.48712, -62.49147,   9.93474,  84.21224, -59.38294,   9.63895,  80.61384, -58.17892,   9.83265,  78.46630, -58.09209,  10.68083,  88.49561, -63.23527,   8.34492,  84.33060, -60.60519,   7.43892,  80.30243, -60.15745,   7.86292,  77.88773, -61.03211,   9.97146,  88.61541, -63.82843,   7.24769,  85.00125, -61.95236,   6.04434,  81.58831, -61.92222,   6.20452,  79.24906, -62.82077,   9.24972,  88.84138, -64.69550,   6.28789,  85.67981, -63.46851,   4.94426,  83.12047, -63.67552,   5.04076,  81.48703, -64.49717,  55.82528, 140.39222, -64.28118,  70.99643, 137.45002, -68.79668,  76.71839, 110.99762, -75.97511,  77.76195,  89.03637, -62.09655,  75.91956,  88.06819, -59.64813,  73.82867,  86.29463, -56.91407,  71.97216,  84.72793, -55.75868,  77.11123,  87.13695, -58.62283,  76.89792,  82.86142, -55.03488,  75.54265,  79.70312, -53.39964,  74.36379,  77.93059, -53.04550,  77.99350,  86.56216, -59.37638,  78.26372,  82.08051, -56.28397,  77.18774,  78.17852, -55.35437,  75.61213,  76.18472, -55.91811,  78.63119,  86.26729, -59.98942,  79.44895,  82.00408, -57.71852,  78.89529,  78.45426, -57.28336,  77.58539,  76.39784, -57.88373,  79.31048,  86.03120, -60.88754,  80.50520,  81.98294, -59.31986,  80.46134,  79.08674, -59.22737,  79.54637,  77.62364, -59.83952
   7.51682,  45.52829,  89.80096, -71.13747,  34.62472,  91.23344, -71.38314,  22.78360,  47.84419, -74.16605,  17.45748,   9.65610, -90.96419,  56.43185,  88.36849, -70.89179,  47.69604,  50.24467, -48.51224,  38.44164,  10.71968, -59.51253,  46.57712,  97.84513, -70.78293,  48.93289, 115.54041, -68.63634,  50.71365, 127.93433, -66.17924,  53.42653, 146.28757, -61.47410,  53.87627, 150.47708, -60.91893,  54.13571, 154.71909, -60.94367,  49.90891, 140.85213, -61.83776,  33.85369, 139.69437, -62.15311,  20.57745, 115.52614, -67.01503,  11.15829,  91.42603, -64.47259,  12.39405,  89.55460, -62.17102,  13.47436,  86.84038, -59.62970,  14.39789,  84.51488, -58.64216,  10.93546,  89.23739, -61.11727,   9.20214,  85.16023, -57.71559,   8.94331,  81.64369, -56.28290,   9.14829,  79.50657, -56.06464,   9.86309,  89.19535, -61.84176,   7.59127,  85.19589, -58.91529,   6.71146,  81.20073, -58.19975,   7.13161,  78.73728, -58.92811,   9.14321,  89.27512, -62.42896,   6.46827,  85.77662, -60.28283,   5.28125,  82.36814, -60.01755,   5.43687,  79.97757, -60.76995,   8.40583,  89.44356, -63.29596,   5.47977,  86.35508, -61.82187,   4.14456,  83.78310, -61.84445,   4.23458,  82.10155, -62.56337,  55.29999, 140.59984, -63.96205,  70.37997, 137.59816, -68.73637,  75.96863, 111.25211, -76.39487,  77.74193,  88.98853, -63.08364,  76.05170,  87.94783, -60.55647,  74.13824,  86.09309, -57.74738,  72.36712,  84.48069, -56.52289,  77.30949,  87.00984, -59.62016,  77.34577,  82.65859, -56.11812,  76.11937,  79.45108, -54.47694,  74.98161,  77.65762, -54.09485,  78.15380,  86.46139, -60.43438,  78.64696,  81.92014, -57.45866,  77.66742,  77.98712, -56.55348,  76.08396,  75.98675, -57.06996,  78.75888,  86.18695, -61.08857,  79.74979,  81.88764, -58.95908,  79.25991,  78.32319, -58.56937,  77.94032,  76.26415, -59.13874,  79.38871,  85.97767, -62.02842,  80.71381,  81.91233, -60.61752,  80.70644,  79.01453, -60.58465,  79.77407,  77.55360, -61.17536
   7.53348,  44.70154,  90.06507, -70.81706,  33.79699,  91.51051, -70.77916,  21.94727,  48.09725, -73.11509,  15.96852,   9.73467, -89.28428,  55.60609,  88.61963, -70.85496,  47.33450,  50.24416, -48.73059,  37.90978,  10.66660, -59.39206,  45.76873,  98.10660, -70.45750,  48.21679, 115.78523, -68.27722,  50.10691, 128.15585, -65.78470,  53.04729, 146.45594, -61.00970,  53.52642, 150.64055, -60.44225,  53.79051, 154.88230, -60.45942,  49.48650, 141.04607, -61.33241,  33.42002, 140.01456, -61.45149,  20.02324, 115.88549, -66.17531,  10.58530,  91.83380, -63.26988,  11.86720,  90.09689, -60.88945,  13.00660,  87.52868, -58.22517,  13.96893,  85.26769, -57.13066,  10.42324,  89.81625, -59.80561,   8.77497,  85.89701, -56.18321,   8.57442,  82.45509, -54.57119,   8.80829,  80.33445, -54.24688,   9.34433,  89.72454, -60.51567,   7.15194,  85.85224, -57.36609,   6.32935,  81.88841, -56.43939,   6.77303,  79.39630, -57.04614,   8.61771,  89.76567, -61.09852,   6.00822,  86.34911, -58.74941,   4.86664,  82.94455, -58.29891,   5.04468,  80.52083, -58.93057,   7.86969,  89.88092, -61.96512,   4.99731,  86.83659, -60.30530,   3.69423,  84.25097, -60.18318,   3.79814,  82.53621, -60.81671,  54.82603, 140.77484, -63.58093,  69.78845, 137.70151, -68.66920,  75.19733, 111.46324, -76.81150,  77.51256,  88.95082, -64.01185,  75.96041,  87.84148, -61.42598,  74.20736,  85.91026, -58.56424,  72.51532,  84.25451, -57.28689,  77.27239,  86.89872, -60.57250,  77.52571,  82.47902, -57.16646,  76.41417,  79.22619, -55.53268,  75.31460,  77.41318, -55.13159,  78.08057,  86.37588, -61.43858,  78.76590,  81.78172, -58.58461,  77.87150,  77.82097, -57.71287,  76.28417,  75.81418, -58.19123,  78.65506,  86.12117, -62.12740,  79.79305,  81.79122, -60.13813,  79.35841,  78.21457, -59.79780,  78.03257,  76.15308, -60.34323,  79.23944,  85.93759, -63.10136,  80.67316,  81.85955, -61.84140,  80.69608,  78.96175, -61.86761,  79.74999,  77.50285, -62.44126
   7.55015,  43.84093,  90.34902, -70.47147,  32.94106,  91.80561, -70.20445,  21.11101,  48.36013, -71.97173,  14.56964,   9.84398, -87.54710,  54.74079,  88.89243, -70.73850,  46.97638,  50.21248, -48.96330,  37.43041,  10.58731, -59.33612,  44.92410,  98.38835, -70.11036,  47.45277, 116.05156, -67.89740,  49.43970, 128.39900, -65.36554,  52.58212, 146.64448, -60.51091,  53.08548, 150.82414, -59.92822,  53.34977, 155.06591, -59.93412,  48.98335, 141.25816, -60.80491,  32.90905, 140.35436, -60.70447,  19.49606, 116.22057, -65.35758,  10.13342,  92.16854, -62.22059,  11.46982,  90.58228, -59.76613,  12.68197,  88.17827, -56.98336,  13.69663,  85.99559, -55.78234,  10.04158,  90.33257, -58.65426,   8.50092,  86.57908, -54.81541,   8.37990,  83.22323, -53.02397,   8.65642,  81.12710, -52.59186,   8.95797,  90.18419, -59.34737,   6.86800,  86.44291, -55.97751,   6.12842,  82.51874, -54.83675,   6.61294,  80.00676, -55.31717,   8.22528,  90.18151, -59.92404,   5.70228,  86.84576, -57.37298,   4.62885,  83.44927, -56.73364,   4.84627,  80.99943, -57.23976,   7.46715,  90.23759, -60.78770,   4.66790,  87.23262, -58.94167,   3.41461,  84.63367, -58.67131,   3.54463,  82.89026, -59.21553,  54.27640, 140.97293, -63.15912,  69.13468, 137.85103, -68.51590,  74.36356, 111.69661, -77.03676,  77.07670,  88.96093, -64.71897,  75.66162,  87.78097, -62.08614,  74.06678,  85.77142, -59.18604,  72.45376,  84.07162, -57.86507,  77.02193,  86.83374, -61.31750,  77.48024,  82.34537, -58.02455,  76.47895,  79.04729, -56.41033,  75.41677,  77.21498, -55.99632,  77.79209,  86.33775, -62.23264,  78.65680,  81.69115, -59.51557,  77.84206,  77.70379, -58.68817,  76.25201,  75.69149, -59.13313,  78.33494,  86.10366, -62.95369,  79.60754,  81.74424, -61.11615,  79.22279,  78.15689, -60.83318,  77.89116,  76.09400, -61.35890,  78.87322,  85.94684, -63.95840,  80.40363,  81.85780, -62.85790,  80.45192,  78.96162, -62.94822,  79.49268,  77.50564, -63.50728
   7.56682,  42.99085,  90.63676, -70.08762,  32.09946,  92.10587, -69.61929,  20.35878,  48.61262, -70.65711,  13.24905,   9.94742, -85.60132,  53.88224,  89.16766, -70.55596,  46.55539,  50.19871, -49.14750,  36.94614,  10.52884, -59.28844,  44.09075,  98.67347, -69.71889,  46.69849, 116.32026, -67.46701,  48.77848, 128.64436, -64.89644,  52.11413, 146.83608, -59.96955,  52.64028, 151.01079, -59.37167,  52.90400, 155.25260, -59.36455,  48.47937, 141.47258, -60.23674,  32.40167, 140.67765, -59.94402,  19.02296, 116.51469, -64.54416,   9.83440,  92.41069, -61.29333,  11.21501,  90.92165, -58.80271,  12.49264,  88.62062, -55.96276,  13.56428,  86.49547, -54.70918,   9.79562,  90.66451, -57.68123,   8.35734,  86.97254, -53.74425,   8.32435,  83.66147, -51.86773,   8.65445,  81.58465, -51.38314,   8.71479,  90.47130, -58.36760,   6.72617,  86.76576, -54.89837,   6.08792,  82.85458, -53.65630,   6.63471,  80.34415, -54.07388,   7.98131,  90.43549, -58.94216,   5.54803,  87.10345, -56.30069,   4.56179,  83.69843, -55.57244,   4.83995,  81.24274, -56.01662,   7.22038,  90.45044, -59.80503,   4.50126,  87.42405, -57.87609,   3.31441,  84.80213, -57.53653,   3.48732,  83.04923, -58.03655,  53.72729, 141.17429, -62.68836,  68.49246, 138.02428, -68.28095,  73.53106, 111.93390, -77.10730,  76.56644,  88.97499, -65.28888,  75.25458,  87.73880, -62.62854,  73.77793,  85.66720, -59.70958,  72.22426,  83.93315, -58.36225,  76.64763,  86.78753, -61.92639,  77.25245,  82.24478, -58.73317,  76.33068,  78.91177, -57.14350,  75.29563,  77.06512, -56.72458,  77.38740,  86.31317, -62.87736,  78.37859,  81.62523, -60.27700,  77.61922,  77.61830, -59.49260,  76.02681,  75.60326, -59.91623,  77.90536,  86.09565, -63.62153,  79.27067,  81.71324, -61.90948,  78.91887,  78.11887, -61.67734,  77.58212,  76.05647, -62.19185,  78.40807,  85.96038, -64.64759,  80.00275,  81.86316, -63.67639,  80.06591,  78.96943, -63.82038,  79.09629,  77.51700, -64.37068
   7.58349,  42.15229,  90.93016, -69.64677,  31.27461,  92.40987, -68.94927,  19.64745,  48.87495, -69.27106,  11.94692,  10.03368, -83.44614,  53.02997,  89.45045, -70.34428,  46.10751,  50.17417, -49.36721,  36.44715,  10.46385, -59.29913,  43.26927,  98.96418, -69.27088,  45.96322, 116.59243, -66.97574,  48.14631, 128.88929, -64.36060,  51.69689, 147.01750, -59.35049,  52.24851, 151.18624, -58.73418,  52.51179, 155.42800, -58.71008,  48.02267, 141.67965, -59.59017,  31.94547, 140.97639, -59.10124,  18.68670, 116.75270, -63.72922,   9.75728,  92.55530, -60.45033,  11.17184,  91.12328, -57.94536,  12.50339,  88.88006, -55.08401,  13.62648,  86.79356, -53.81072,   9.75801,  90.84050, -56.82302,   8.40808,  87.14836, -52.85504,   8.45589,  83.85412, -50.94944,   8.83737,  81.79057, -50.44625,   8.68318,  90.61422, -57.50870,   6.78398,  86.89060, -54.00886,   6.24250,  82.97572, -52.73298,   6.85254,  80.47622, -53.12789,   7.95150,  90.55498, -58.08363,   5.59940,  87.18631, -55.41523,   4.69797,  83.76416, -54.65795,   5.03812,  81.31240, -55.08020,   7.19146,  90.54327, -58.94733,   4.54679,  87.46671, -56.99440,   3.42563,  84.81893, -56.63289,   3.64302,  83.06660, -57.11727,  53.21926, 141.36855, -62.14725,  67.88799, 138.18600, -67.97045,  72.70865, 112.15562, -77.09080,  75.92440,  89.02100, -65.66940,  74.68344,  87.73962, -62.99645,  73.28605,  85.61844, -60.07408,  71.77084,  83.85947, -58.71531,  76.09590,  86.78077, -62.34526,  76.79136,  82.18951, -59.24111,  75.91730,  78.82950, -57.68163,  74.89706,  76.97391, -57.26585,  76.81212,  86.32334, -63.32221,  77.87897,  81.59725, -60.82281,  77.14806,  77.57655, -60.08309,  75.54948,  75.56458, -60.49794,  77.31135,  86.11890, -64.08271,  78.72889,  81.71329, -62.47590,  78.39048,  78.11484, -62.29203,  77.04525,  76.05758, -62.80499,  77.78797,  86.00114, -65.12327,  79.41530,  81.89297, -64.25830,  79.48068,  79.00204, -64.44982,  78.50030,  77.55613, -64.99824
   7.60015,  41.34604,  91.22959, -69.15647,  30.48343,  92.71326, -68.26068,  19.01012,  49.13913, -67.76826,  10.84237,  10.12703, -81.19284,  52.20865,  89.74592, -70.05227,  45.70598,  50.11987, -49.60538,  36.00565,  10.38787, -59.41086,  42.47485,  99.26151, -68.77122,  45.24945, 116.87060, -66.42558,  47.54090, 129.13697, -63.76041,  51.33171, 147.19110, -58.65968,  51.91212, 151.35285, -58.02292,  52.17546, 155.59447, -57.97966,  47.61448, 141.88183, -58.86871,  31.54166, 141.27019, -58.16117,  18.46984, 116.96114, -62.87260,   9.82138,  92.65391, -59.65346,  11.26316,  91.24341, -57.15180,  12.64315,  89.01696, -54.30032,  13.81843,  86.95342, -53.03675,   9.85221,  90.91213, -56.03915,   8.58726,  87.15302, -52.10622,   8.71871,  83.84697, -50.22514,   9.15598,  81.79127, -49.73542,   8.78774,  90.66076, -56.73222,   6.97703,  86.85821, -53.27056,   6.54026,  82.91992, -52.02697,   7.22293,  80.44179, -52.43737,   8.06098,  90.58523, -57.31146,   5.79174,  87.13101, -54.68096,   4.98384,  83.67902, -53.95416,   5.39552,  81.24117, -54.39298,   7.30599,  90.55861, -58.17926,   4.73968,  87.39356, -56.26355,   3.69221,  84.71241, -55.92788,   3.96166,  82.97069, -56.42423,  52.75149, 141.55848, -61.54201,  67.33215, 138.35002, -67.56863,  71.95994, 112.36272, -76.90907,  75.23619,  89.08406, -65.80186,  74.04730,  87.76330, -63.12442,  72.70534,  85.59922, -60.20752,  71.21447,  83.82194, -58.84566,  75.47073,  86.79189, -62.51721,  76.21972,  82.15149, -59.49980,  75.37061,  78.76909, -57.97533,  74.35518,  76.90905, -57.56776,  76.16592,  86.34850, -63.51559,  77.27362,  81.58207, -61.11241,  76.54954,  77.55162, -60.42064,  74.93863,  75.54921, -60.83406,  76.64912,  86.15508, -64.28921,  78.08991,  81.72241, -62.78050,  77.74779,  78.12213, -62.64583,  76.38808,  76.07552, -63.16321,  77.10418,  86.05273, -65.34100,  78.74021,  81.92868, -64.57352,  78.79563,  79.04098, -64.81135,  77.80124,  77.60556, -65.36209
   7.61682,  40.59347,  91.52379, -68.61439,  29.74906,  93.00339, -67.51462,  18.49213,  49.39501, -66.03974,   9.89924,  10.19907, -78.63800,  51.43788,  90.04419, -69.71416,  45.28324,  50.09734, -49.79046,  35.57096,  10.35126, -59.52678,  41.72987,  99.55380, -68.21209,  44.56760, 117.14498, -65.80828,  46.94358, 129.38430, -63.09328,  50.91935, 147.37494, -57.90966,  51.52143, 151.53071, -57.25426,  51.78361, 155.77218, -57.19354,  47.17000, 142.08754, -58.09909,  31.10345, 141.55742, -57.20748,  18.28412, 117.14072, -62.05405,   9.97686,  92.69350, -59.00071,  11.44359,  91.28908, -56.51016,  12.87425,  89.06072, -53.68527,  14.11000,  87.01718, -52.44713,  10.03458,  90.88748, -55.41841,   8.86623,  87.01389, -51.56752,   9.09715,  83.68043, -49.74534,   9.60263,  81.63283, -49.28840,   8.98655,  90.61135, -56.12693,   7.27895,  86.68371, -52.75367,   6.97078,  82.71012, -51.58619,   7.74533,  80.26576, -52.03427,   8.26862,  90.52080, -56.71496,   6.09847,  86.94028, -54.17114,   5.40712,  83.44898, -53.51539,   5.90971,  81.03579, -53.99397,   7.52355,  90.48343, -57.59090,   5.05318,  87.19452, -55.75956,   4.09875,  84.47217, -55.48338,   4.43495,  82.75057, -56.00836,  52.25914, 141.75892, -60.86182,  66.73606, 138.52996, -67.12302,  71.17344, 112.57500, -76.64403,  74.43090,  89.16100, -65.81936,  73.26389,  87.81529, -63.14471,  71.94162,  85.62435, -60.23889,  70.45561,  83.83944, -58.88171,  74.68831,  86.82879, -62.56475,  75.44373,  82.14883, -59.61070,  74.59201,  78.75342, -58.11693,  73.57046,  76.89440, -57.72013,  75.36995,  86.39338, -63.57589,  76.47659,  81.59267, -61.24144,  75.73704,  77.55842, -60.58928,  74.11023,  75.57011, -61.00847,  75.84352,  86.20643, -64.35703,  77.27532,  81.74818, -62.91667,  76.91406,  78.14854, -62.82068,  75.53704,  76.11585, -63.34711,  76.28641,  86.11400, -65.41491,  77.90709,  81.97204, -64.71421,  77.94333,  79.08710, -64.98666,  76.93475,  77.66390, -65.54327
   7.63349,  39.92527,  91.80773, -68.01735,  29.10024,  93.28136, -66.73396,  18.07749,  49.65373, -64.34370,   9.05664,  10.25060, -75.95803,  50.75030,  90.33411, -69.30074,  44.89282,  50.05986, -49.95497,  35.18340,  10.30575, -59.66131,  41.06756,  99.83620, -67.60100,  43.96885, 117.40868, -65.13714,  46.43594, 129.61744, -62.36633,  50.61532, 147.53330, -57.08483,  51.24262, 151.68203, -56.40880,  51.50601, 155.92313, -56.33032,  46.83250, 142.26909, -57.25321,  30.77527, 141.80280, -56.17715,  18.21637, 117.28176, -61.17644,  10.33866,  92.66072, -58.39333,  11.82343,  91.24743, -55.91853,  13.29697,  89.00150, -53.12983,  14.58847,  86.97237, -51.92535,  10.41624,  90.77050, -54.85511,   9.33777,  86.76542, -51.11408,   9.66324,  83.39831, -49.36987,  10.23458,  81.35892, -48.95586,   9.38718,  90.47559, -55.58359,   7.77750,  86.40950, -52.32830,   7.59461,  82.40017, -51.26093,   8.45968,  79.99591, -51.75768,   8.68004,  90.37461, -56.18288,   6.60601,  86.65960, -53.75434,   6.02950,  83.13137, -53.19187,   6.62207,  80.74955, -53.72187,   7.94739,  90.33289, -57.06904,   5.57176,  86.91626, -55.34959,   4.71000,  84.15646, -55.15144,   5.11264,  82.46095, -55.71332,  51.86519, 141.93941, -60.11735,  66.23518, 138.69362, -66.61184,  70.45827, 112.76620, -76.30381,  73.62787,  89.25444, -65.66657,  72.45652,  87.89791, -62.99931,  71.12204,  85.69583, -60.10752,  69.62258,  83.91466, -58.76026,  73.87277,  86.89198, -62.43289,  74.59052,  82.17946, -59.52152,  73.70927,  78.78028, -58.05366,  72.67012,  76.92847, -57.66904,  74.54636,  86.45828, -63.45014,  75.61190,  81.62673, -61.16063,  74.83333,  77.59482, -60.54019,  73.18477,  75.62690, -60.97045,  75.01525,  86.27319, -64.23454,  76.40632,  81.78839, -62.83733,  76.00851,  78.19194, -62.77070,  74.60890,  76.17801, -63.30947,  75.45347,  86.18529, -65.29474,  77.03405,  82.02114, -64.63516,  77.03976,  79.13842, -64.93229,  76.01470,  77.73041, -65.49737
   7.65015,  39.31234,  92.08776, -67.32923,  28.51687,  93.55579, -65.81177,  17.78187,  49.92200, -62.43012,   8.42690,  10.33939, -73.13419,  50.10781,  90.61973, -68.84669,  44.51523,  49.97778, -50.20431,  34.81822,  10.22498, -59.92843,  40.46557, 100.11340, -66.88917,  43.43775, 117.66366, -64.35246,  45.99170, 129.84078, -61.52182,  50.35032, 147.68535, -56.14471,  50.99881, 151.82738, -55.44787,  51.26101, 156.06817, -55.35067,  46.53977, 142.44066, -56.29609,  30.49670, 142.02772, -55.00795,  18.22682, 117.40180, -60.20550,  10.77048,  92.61672, -57.73509,  12.26983,  91.18493, -55.27980,  13.78596,  88.91114, -52.53688,  15.13736,  86.89703, -51.37363,  10.86561,  90.61964, -54.25651,   9.88654,  86.45860, -50.66120,  10.31723,  83.05318, -49.01704,  10.96240,  81.02566, -48.65668,   9.86107,  90.30787, -55.01171,   8.36161,  86.08047, -51.91302,   8.32095,  82.03519, -50.97413,   9.28889,  79.68369, -51.53014,   9.16834,  90.19830, -55.62613,   7.20445,  86.32956, -53.35089,   6.75960,  82.76536, -52.90852,   7.45495,  80.42664, -53.50183,   8.45243,  90.15602, -56.52584,   6.18688,  86.59596, -54.95525,   5.43244,  83.79958, -54.85807,   5.91125,  82.13987, -55.46524,  51.51928, 142.11516, -59.25219,  65.76498, 138.86313, -66.01195,  69.79463, 112.95236, -75.83000,  72.80187,  89.36708, -65.30903,  71.61038,  88.00768, -62.65216,  70.24400,  85.80348, -59.77694,  68.71935,  84.03351, -58.44325,  73.01230,  86.97828, -62.09230,  73.66336,  82.23552, -59.21457,  72.73450,  78.83834, -57.77163,  71.66971,  76.99832, -57.40085,  73.68045,  86.54267, -63.11233,  74.67799,  81.68056, -60.85713,  73.84357,  77.65541, -60.26609,  72.16830,  75.71354, -60.71130,  74.14720,  86.35678, -63.89781,  75.47553,  81.84331, -62.53223,  75.02817,  78.25229, -62.49167,  73.60125,  76.26176, -63.04560,  74.58478,  86.27047, -64.95841,  76.10745,  82.08030, -64.32803,  76.07362,  79.19998, -64.64589,  75.02959,  77.81033, -65.22159
   7.66682,  38.76597,  92.38449, -66.56395,  28.00757,  93.85098, -64.80150,  17.66630,  50.22832, -60.25115,   8.01303,  10.47790, -70.02838,  49.52437,  90.91801, -68.32640,  44.12179,  49.95487, -50.34260,  34.44395,  10.20579, -60.10096,  39.93644, 100.40590, -66.09350,  42.98957, 117.93015, -63.47439,  45.63174, 130.07350, -60.58034,  50.15972, 147.84623, -55.10612,  50.82941, 151.98145, -54.38921,  51.09259, 156.22176, -54.27512,  46.32622, 142.61780, -55.23957,  30.29685, 142.23451, -53.78267,  18.36046, 117.50225, -59.24507,  11.36079,  92.54700, -57.18589,  12.88060,  91.08689, -54.76003,  14.45180,  88.77536, -52.08037,  15.87546,  86.78033, -50.97169,  11.48606,  90.41506, -53.78926,  10.63905,  86.06842, -50.38509,  11.20029,  82.62203, -48.87082,  11.93416,  80.61371, -48.57920,  10.51162,  90.08809, -54.57679,   9.15726,  85.67139, -51.68205,   9.29121,  81.59341, -50.90773,  10.37980,  79.31452, -51.53798,   9.83639,  89.97170, -55.20917,   8.01645,  85.92518, -53.13211,   7.73312,  82.32892, -52.84271,   8.54955,  80.05160, -53.51529,   9.14011,  89.93312, -56.12432,   7.01732,  86.20961, -54.74494,   6.39475,  83.37944, -54.77582,   6.96297,  81.77028, -55.43935,  51.24899, 142.30331, -58.29038,  65.38057, 139.05474, -65.28717,  69.20095, 113.14503, -75.19129,  71.97970,  89.49582, -64.75129,  70.75843,  88.14191, -62.10517,  69.34962,  85.94480, -59.24504,  67.79495,  84.19062, -57.92520,  72.14355,  87.09067, -61.54406,  72.71655,  82.32709, -58.68416,  71.73448,  78.93711, -57.25966,  70.64262,  77.11057, -56.90114,  72.80976,  86.65011, -62.56323,  73.73011,  81.76501, -60.32496,  72.83723,  77.74942, -59.75466,  71.13690,  75.83303, -60.21503,  73.27711,  86.46107, -63.34760,  74.53674,  81.92373, -61.99609,  74.03920,  78.33917, -61.97282,  72.58697,  76.37112, -62.54110,  73.71781,  86.37317, -64.40677,  75.17930,  82.15950, -63.78827,  75.10663,  79.28132, -64.11867,  74.04571,  77.90883, -64.70459
   7.68349,  38.28404,  92.68524, -65.70815,  27.57551,  94.14879, -63.66232,  17.67628,  50.54994, -58.02938,   7.71724,  10.61532, -66.68496,  48.99257,  91.22170, -67.75397,  43.71933,  49.93239, -50.49217,  34.05418,  10.19112, -60.29481,  39.47677, 100.70103, -65.19934,  42.62626, 118.19297, -62.48030,  45.36900, 130.29579, -59.51099,  50.08366, 147.98442, -53.92316,  50.77824, 152.11154, -53.18359,  51.04534, 156.35108, -53.05140,  46.22740, 142.77229, -54.03690,  30.21877, 142.39261, -52.36665,  18.58478, 117.57809, -58.10163,  12.11065,  92.44270, -56.58572,  13.65418,  90.95142, -54.19404,  15.28257,  88.60204, -51.58231,  16.77491,  86.62684, -50.52987,  12.27521,  90.18019, -53.27635,  11.56629,  85.66437, -50.06639,  12.25477,  82.18622, -48.68287,  13.07184,  80.20140, -48.45959,  11.32899,  89.84386, -54.09378,  10.12459,  85.25701, -51.40467,  10.42607,  81.16029, -50.79356,  11.62429,  78.95877, -51.49583,  10.66984,  89.72435, -54.74234,   8.99720,  85.52045, -52.86348,   8.86840,  81.90640, -52.72482,   9.79537,  79.69636, -53.47418,   9.99078,  89.69325, -55.67062,   8.01260,  85.82732, -54.48113,   7.51626,  82.97643, -54.63754,   8.16563,  81.42218, -55.35530,  51.08255, 142.47617, -57.19598,  65.06587, 139.23993, -64.49006,  68.62767, 113.31632, -74.45399,  71.16508,  89.62703, -64.04348,  69.90407,  88.28411, -61.41042,  68.44183,  86.10023, -58.56703,  66.85204,  84.36520, -57.26383,  71.26962,  87.21173, -60.84139,  71.75221,  82.43326, -57.98965,  70.71073,  79.05413, -56.58167,  69.59010,  77.24252, -56.23638,  71.93734,  86.76423, -61.85654,  72.77032,  81.86084, -59.62405,  71.81569,  77.85704, -59.07119,  70.09174,  75.96637, -59.54970,  72.40801,  86.57048, -62.63777,  73.59208,  82.01218, -61.28849,  73.04314,  78.43507, -61.27845,  71.56736,  76.48946, -61.86309,  72.85561,  86.47894, -63.69374,  74.25183,  82.24323, -63.07502,  74.14056,  79.36722, -63.41352,  73.06469,  78.01155, -64.01121
   7.70015,  37.86084,  92.99242, -64.74169,  27.20395,  94.45210, -62.43953,  17.86070,  50.88184, -55.73728,   7.65195,  10.78929, -63.30330,  48.51773,  91.53273, -67.04385,  43.34543,  49.87821, -50.65081,  33.68173,  10.14588, -60.49105,  39.07623, 101.00225, -64.19418,  42.31684, 118.46228, -61.37884,  45.15106, 130.52648, -58.33911,  50.03059, 148.13696, -52.64693,  50.74662, 152.25645, -51.88562,  51.01595, 156.49522, -51.73479,  46.15629, 142.93787, -52.74335,  30.17550, 142.55043, -50.82656,  18.83455, 117.67636, -56.88161,  12.83865,  92.39534, -55.92292,  14.42133,  90.85975, -53.58548,  16.12373,  88.46101, -51.06749,  17.68960,  86.50379, -50.09105,  13.06794,  89.98760, -52.72164,  12.52316,  85.29851, -49.73590,  13.34772,  81.79132, -48.50896,  14.24769,  79.83492, -48.36926,  12.14538,  89.65024, -53.56527,  11.11389,  84.89375, -51.10906,  11.58633,  80.78932, -50.68730,  12.88570,  78.67684, -51.47766,  11.49853,  89.53353, -54.22660,   9.99078,  85.17758, -52.56735,  10.01719,  81.55882, -52.60001,  11.04643,  79.42847, -53.44107,  10.83077,  89.51744, -55.16342,   9.01004,  85.51840, -54.18054,   8.63917,  82.65951, -54.47652,   9.36237,  81.17023, -55.25858,  50.94760, 142.66302, -56.00032,  64.79026, 139.46046, -63.57226,  68.10039, 113.51051, -73.55440,  70.36559,  89.80094, -63.12727,  69.05470,  88.47317, -60.51095,  67.52710,  86.30732, -57.68820,  65.89601,  84.59509, -56.40605,  70.39690,  87.37843, -59.92908,  70.77299,  82.58777, -57.08178,  69.66316,  79.22284, -55.69211,  68.51051,  77.42842, -55.36281,  71.06868,  86.92237, -60.93771,  71.79996,  82.00242, -58.70601,  70.77661,  78.01310, -58.17172,  69.02860,  76.15061, -58.67295,  71.54484,  86.72268, -61.71410,  72.64231,  82.14388, -60.36100,  72.03726,  78.57582, -60.36417,  70.53768,  76.65471, -60.96891,  72.00258,  86.62605, -62.76526,  73.32528,  82.36781, -62.13971,  73.17265,  79.49452, -62.48517,  72.08231,  78.15702, -63.09737
   7.71682,  37.48608,  93.30093, -63.67014,  26.90149,  94.74524, -61.04709,  18.26654,  51.21543, -53.22552,   7.88037,  10.95476, -59.55648,  48.07068,  91.85663, -66.29318,  42.95187,  49.88115, -50.72267,  33.29968,  10.16609, -60.64357,  38.72663, 101.30317, -63.07046,  42.06626, 118.72571, -60.14087,  44.99482, 130.74804, -57.02564,  50.03671, 148.27891, -51.23015,  50.77477, 152.39062, -50.44809,  51.04789, 156.62851, -50.28038,  46.14721, 143.09087, -51.30793,  30.19546, 142.68770, -49.16572,  19.13646, 117.77274, -55.56442,  13.60761,  92.36924, -55.25822,  15.25106,  90.77339, -53.00458,  17.05226,  88.31162, -50.61969,  18.70150,  86.37301, -49.74910,  13.93572,  89.79348, -52.19950,  13.59324,  84.92040, -49.49122,  14.57061,  81.38849, -48.46360,  15.55686,  79.46931, -48.43184,  13.03149,  89.46459, -53.06601,  12.20725,  84.53316, -50.89283,  12.86178,  80.43635, -50.70524,  14.25655,  78.43293, -51.60885,  12.39232,  89.35752, -53.73637,  11.07654,  84.85033, -52.33832,  11.26499,  81.24425, -52.57883,  12.39083,  79.21389, -53.53551,  11.72850,  89.36578, -54.67609,  10.08592,  85.23960, -53.93441,   9.84420,  82.38887, -54.39623,  10.63545,  80.98086, -55.25877,  50.87052, 142.84218, -54.66479,  64.58214, 139.68124, -62.48846,  67.60177, 113.68642, -72.44593,  69.54761,  89.97049, -61.96889,  68.18830,  88.65830, -59.36947,  66.59857,  86.51085, -56.56704,  64.92958,  84.81971, -55.30585,  69.50867,  87.54503, -58.77302,  69.78661,  82.74726, -55.92640,  68.61523,  79.39644, -54.55328,  67.43467,  77.61748, -54.23934,  70.18603,  87.08080, -59.77417,  70.82459,  82.14950, -57.53908,  69.74127,  78.17391, -57.02089,  67.97429,  76.33564, -57.54449,  70.66853,  86.87536, -60.54514,  71.68813,  82.28099, -59.18394,  71.03505,  78.72143, -59.19784,  69.51687,  76.82128, -59.82209,  71.13723,  86.77346, -61.59095,  72.39489,  82.49720, -60.95428,  72.20755,  79.62654, -61.30444,  71.10652,  78.30442, -61.93075
   7.73349,  37.16227,  93.61314, -62.50397,  26.65276,  95.03012, -59.58121,  18.72190,  51.54058, -50.84364,   8.26711,  11.08962, -55.66986,  47.67177,  92.19617, -65.42673,  42.59889,  49.89591, -50.74550,  32.93929,  10.21239, -60.78468,  38.42169, 101.60830, -61.85154,  41.85397, 118.99184, -58.79992,  44.88196, 130.96747, -55.60096,  50.10920, 148.40429, -49.68717,  50.87335, 152.50703, -48.88340,  51.15241, 156.74393, -48.70077,  46.20403, 143.22776, -49.74408,  30.28641, 142.79938, -47.36588,  19.47123, 117.88001, -54.15239,  14.45695,  92.37277, -54.63989,  16.16945,  90.71629, -52.48351,  18.07164,  88.19429, -50.24441,  19.79470,  86.27209, -49.48791,  14.89487,  89.64632, -51.72911,  14.74383,  84.62239, -49.29264,  15.85397,  81.07725, -48.46490,  16.90916,  79.19642, -48.54254,  13.99837,  89.33288, -52.60926,  13.36505,  84.26262, -50.70861,  14.16837,  80.18826, -50.74965,  15.62970,  78.28971, -51.76731,  13.35981,  89.23964, -53.28227,  12.21565,  84.61743, -52.13042,  12.53310,  81.03930, -52.57019,  13.72636,  79.10700, -53.64139,  12.69095,  89.27539, -54.21776,  11.20282,  85.05758, -53.69912,  11.06184,  82.22966, -54.31667,  11.89874,  80.90098, -55.25836,  50.84633, 143.01305, -53.21437,  64.41843, 139.90729, -61.29908,  67.08390, 113.85179, -71.19887,  68.73678,  90.14544, -60.65006,  67.32627,  88.85199, -58.06860,  65.67198,  86.72639, -55.28695,  63.96480,  85.05736, -54.04761,  68.62421,  87.72216, -57.45429,  68.80269,  82.92255, -54.60281,  67.57027,  79.58765, -53.24443,  66.36293,  77.82411, -52.94572,  69.30883,  87.24882, -58.44619,  69.85430,  82.31078, -56.20135,  68.71330,  78.34964, -55.69647,  66.93002,  76.53393, -56.24301,  69.79888,  87.03686, -59.21060,  70.74128,  82.43044, -57.83459,  70.04286,  78.87953, -57.85616,  68.50889,  76.99870, -58.50000,  70.28011,  86.92848, -60.25005,  71.47426,  82.63675, -59.59543,  71.25481,  79.76856, -59.94722,  70.14535,  78.46037, -60.58775
   7.75016,  36.86342,  93.89556, -61.24018,  26.42906,  95.27787, -58.04432,  19.29277,  51.81651, -48.51711,   8.90973,  11.20109, -51.90166,  47.29777,  92.51325, -64.43603,  42.28058,  49.85079, -50.82258,  32.59130,  10.21811, -61.03257,  38.13673, 101.88433, -60.53825,  41.64876, 119.23137, -57.37184,  44.76611, 131.16267, -54.09407,  50.16332, 148.50941, -48.06909,  50.95049, 152.60387, -47.24555,  51.23282, 156.83999, -47.05032,  46.24462, 143.34296, -48.10908,  30.37474, 142.88300, -45.43599,  19.74711, 118.00003, -52.63955,  15.16772,  92.43662, -53.88096,  16.96238,  90.71073, -51.84945,  18.97334,  88.12211, -49.78851,  20.76394,  86.21232, -49.16998,  15.73198,  89.56090, -51.14056,  15.76742,  84.40223, -48.99909,  16.99420,  80.85032, -48.39527,  18.10274,  79.00987, -48.59745,  14.83109,  89.27192, -52.02460,  14.37730,  84.08343, -50.41379,  15.29905,  80.04440, -50.70366,  16.79897,  78.25289, -51.85098,  14.18484,  89.19850, -52.69271,  13.19538,  84.48496, -51.79595,  13.61058,  80.94948, -52.44797,  14.84272,  79.11930, -53.64688,  13.50034,  89.26806, -53.61488,  12.14508,  84.98428, -53.32171,  12.07726,  82.19383, -54.10094,  12.93761,  80.94773, -55.13031,  50.81099, 143.16268, -51.68060,  64.21835, 140.13465, -60.06415,  66.54675, 114.01791, -69.88730,  67.90132,  90.33845, -59.23608,  66.43344,  89.06992, -56.67431,  64.70707,  86.97313, -53.91468,  62.95784,  85.33061, -52.69877,  67.70582,  87.92320, -56.03822,  67.77320,  83.12711, -53.17606,  66.47340,  79.81246, -51.83097,  65.23698,  78.06660, -51.54776,  68.39882,  87.43839, -57.01869,  68.84045,  82.49755, -54.75723,  67.63632,  78.55378, -54.26306,  65.83628,  76.76219, -54.83373,  68.89749,  87.21809, -57.77513,  69.75391,  82.60158, -56.37689,  69.00609,  79.06079, -56.40302,  67.45588,  77.20040, -57.06706,  69.39300,  87.10095, -58.80690,  70.51658,  82.79418, -58.12664,  70.26227,  79.92868, -58.47679,  69.14448,  78.63492, -59.13199
   7.76682,  36.57667,  94.14346, -59.91538,  26.22597,  95.48674, -56.44283,  20.03336,  52.06647, -46.10283,   9.93673,  11.28267, -48.00429,  46.92737,  92.80017, -63.38794,  41.97057,  49.81839, -50.79508,  32.22401,  10.27735, -61.30155,  37.86495, 102.12522, -59.16297,  41.46131, 119.43326, -55.87992,  44.67241, 131.31745, -52.52246,  50.24699, 148.56871, -46.38588,  51.05853, 152.65462, -45.54370,  51.34586, 156.88997, -45.33936,  46.31408, 143.41297, -46.40945,  30.48696, 142.92900, -43.49778,  20.01220, 118.12570, -51.18384,  15.82677,  92.54502, -53.21142,  17.71826,  90.74360, -51.33960,  19.85085,  88.08617, -49.50044,  21.70896,  86.19386, -49.05023,  16.53832,  89.51381, -50.68093,  16.77092,  84.22915, -48.88722,  18.11136,  80.68323, -48.54777,  19.26590,  78.89366, -48.89631,  15.62459,  89.25684, -51.56166,  15.35618,  83.96273, -50.28828,  16.38368,  79.98050, -50.86573,  17.90488,  78.31332, -52.16267,  14.96454,  89.20826, -52.21846,  14.13006,  84.41882, -51.61386,  14.62838,  80.94755, -52.50783,  15.88181,  79.23723, -53.85276,  14.25605,  89.31781, -53.11836,  13.02922,  84.98574, -53.07918,  13.02082,  82.25160, -54.03981,  13.89044,  81.10172, -55.16856,  50.80137, 143.26914, -50.08146,  64.07425, 140.31240, -58.70109,  66.04786, 114.12932, -68.42483,  67.06393,  90.49607, -57.63423,  65.54568,  89.25334, -55.08922,  63.75614,  87.18618, -52.34754,  61.97045,  85.56883, -51.15104,  66.79510,  88.09312, -54.43243,  66.76456,  83.30529, -51.55583,  65.40598,  80.01086, -50.21920,  64.14451,  78.28109, -49.94797,  67.49548,  87.59691, -55.40189,  67.84557,  82.65795, -53.12038,  66.58659,  78.73070, -52.63146,  64.77274,  76.95948, -53.22164,  68.00172,  87.36824, -56.15078,  68.78233,  82.74590, -54.72764,  67.99164,  79.21444, -54.75386,  66.42802,  77.37109, -55.43377,  68.50985,  87.24193, -57.17530,  69.57119,  82.92386, -56.46730,  69.28664,  80.06062, -56.81267,  68.16216,  78.77861, -57.47944
   7.78349,  36.30516,  94.33949, -58.55004,  26.05927,  95.63842, -54.76393,  20.73259,  52.26479, -43.76670,  11.13677,  11.31709, -44.05167,  46.55104,  93.04057, -62.33614,  41.69646,  49.73623, -50.85785,  31.82305,  10.36708, -61.87878,  37.61571, 102.31185, -57.73858,  41.31792, 119.57204, -54.32395,  44.64043, 131.40056, -50.87943,  50.42003, 148.54131, -44.62401,  51.26004, 152.61749, -43.76279,  51.55498, 156.85199, -43.55190,  46.47089, 143.39794, -44.62820,  30.68971, 142.89493, -41.47999,  20.29636, 118.19700, -49.60345,  16.48441,  92.64369, -52.51844,  18.46209,  90.77925, -50.80403,  20.69789,  88.06782, -49.17870,  22.60664,  86.19486, -48.88751,  17.32607,  89.48682, -50.18956,  17.71705,  84.11310, -48.71668,  19.14032,  80.58455, -48.62045,  20.32267,  78.84487, -49.10266,  16.39504,  89.26113, -51.06070,  16.27179,  83.89704, -50.09507,  17.36728,  79.97947, -50.93170,  18.88851,  78.42554, -52.36236,  15.71908,  89.23608, -51.70245,  15.00181,  84.40192, -51.36030,  15.54933,  81.00085, -52.46942,  16.80258,  79.40063, -53.94379,  14.98495,  89.38194, -52.57628,  13.85103,  85.02840, -52.76159,  13.87484,  82.35548, -53.88110,  14.73841,  81.29332, -55.09709,  50.86638, 143.29635, -48.41098,  63.97909, 140.45914, -57.31137,  65.55253, 114.20416, -66.91344,  66.26626,  90.62656, -55.97782,  64.69872,  89.41488, -53.44776,  62.84709,  87.38314, -50.72088,  61.02562,  85.79367, -49.54107,  65.92475,  88.24256, -52.76880,  65.79636,  83.46937, -49.87065,  64.37930,  80.19838, -48.53715,  63.09300,  78.48560, -48.27492,  66.63189,  87.73309, -53.72642,  66.89018,  82.80125, -51.41745,  65.57627,  78.89218, -50.92730,  63.74872,  77.14060, -51.53365,  67.14527,  87.49461, -54.46734,  67.84946,  82.86992, -53.01233,  67.01556,  79.34837, -53.03279,  65.43851,  77.52116, -53.72514,  67.66551,  87.35712, -55.48431,  68.66374,  83.02977, -54.74200,  68.34845,  80.16862, -55.07786,  67.21725,  78.89736, -55.75376
   7.80016,  36.03245,  94.47482, -57.17536,  25.89151,  95.73341, -53.10385,  21.44647,  52.42140, -41.48941,  12.44137,  11.35329, -40.39686,  46.17340,  93.21623, -61.24687,  41.47800,  49.57988, -51.02897,  31.42645,  10.43692, -62.67674,  37.36777, 102.43749, -56.31091,  41.17512, 119.65138, -52.78014,  44.60325, 131.42732, -49.25978,  50.57177, 148.46528, -42.90179,  51.43700, 152.53261, -42.02386,  51.73768, 156.76646, -41.80802,  46.60747, 143.33361, -42.88883,  30.87989, 142.81096, -39.48585,  20.51590, 118.26651, -48.09734,  16.96973,  92.77677, -51.79834,  19.02588,  90.85674, -50.24519,  21.35266,  88.10126, -48.83600,  23.30155,  86.25194, -48.70195,  17.93004,  89.50995, -49.67615,  18.45612,  84.07003, -48.52311,  19.94390,  80.56977, -48.66552,  21.14348,  78.88327, -49.27685,  16.97994,  89.31604, -50.53424,  16.97814,  83.90452, -49.87352,  18.11999,  80.06241, -50.96064,  19.62929,  78.62154, -52.51676,  16.28740,  89.31432, -51.15857,  15.66562,  84.45562, -51.07440,  16.24323,  81.13396, -52.38973,  17.48433,  79.64419, -53.98515,  15.52742,  89.49523, -52.00326,  14.46639,  85.13811, -52.40723,  14.50735,  82.53379, -53.67775,  15.35642,  81.55899, -54.97444,  50.91879, 143.27092, -46.76808,  63.84221, 140.62210, -55.99732,  65.06466, 114.30806, -65.48822,  65.47687,  90.80655, -54.37476,  63.85292,  89.63474, -51.86156,  61.93011,  87.64837, -49.15056,  60.06787,  86.09317, -47.98887,  65.05128,  88.44975, -51.15571,  64.80928,  83.69889, -48.22827,  63.32483,  80.45767, -46.89542,  62.01014,  78.76524, -46.64198,  65.76584,  87.92369, -52.09873,  65.91734,  83.00464, -49.75329,  64.53996,  79.11816, -49.25780,  62.69711,  77.38868, -49.88103,  66.28722,  87.67283, -52.82992,  66.90220,  83.04868, -51.33337,  66.01824,  79.53931, -51.34348,  64.42608,  77.73005, -52.04828,  66.82118,  87.52096, -53.83769,  67.74551,  83.18502, -53.05111,  67.39443,  80.32642, -53.37284,  66.25575,  79.06680, -54.05791
   7.81682,  35.74839,  94.52409, -55.82829,  25.71940,  95.74157, -51.47661,  22.29362,  52.50445, -39.25372,  13.98033,  11.34429, -36.88596,  45.77739,  93.30660, -60.17996,  41.26090,  49.40276, -51.08944,  30.94001,  10.61212, -63.64496,  37.11307, 102.47549, -54.90780,  41.03158, 119.64025, -51.26137,  44.56565, 131.36320, -47.66966,  50.71808, 148.30085, -41.21959,  51.60838, 152.35949, -40.32668,  51.91738, 156.59261, -40.10834,  46.74046, 143.17956, -41.18819,  31.06223, 142.63705, -37.56758,  20.64540, 118.28514, -46.64911,  17.24641,  92.89715, -51.10967,  19.36783,  90.93660, -49.70170,  21.76888,  88.15319, -48.48516,  23.74803,  86.33137, -48.48817,  18.30632,  89.54584, -49.17491,  18.94167,  84.06501, -48.30553,  20.47813,  80.60058, -48.65577,  21.68797,  78.96589, -49.37760,  17.33897,  89.37902, -50.01932,  17.43444,  83.94222, -49.62789,  18.60763,  80.17730, -50.93036,  20.10077,  78.83943, -52.59056,  16.63179,  89.39680, -50.62675,  16.08540,  84.53041, -50.76924,  16.68128,  81.28731, -52.26069,  17.90612,  79.89820, -53.95635,  15.84917,  89.60672, -51.44359,  14.84447,  85.25813, -52.03844,  14.89420,  82.72051, -53.43715,  15.72656,  81.82461, -54.79991,  50.96696, 143.15689, -45.16012,  63.71774, 140.71029, -54.68071,  64.61948, 114.34824, -64.07374,  64.69869,  90.95582, -52.72523,  63.02350,  89.82386, -50.22745,  61.03592,  87.88279, -47.53038,  59.13685,  86.36065, -46.38464,  64.19588,  88.62853, -49.49587,  63.84926,  83.90291, -46.53826,  62.30322,  80.69126, -45.20383,  60.96284,  79.01806, -44.95731,  64.91692,  88.08625, -50.42466,  64.96987,  83.18303, -48.04208,  63.53442,  79.31864, -47.53872,  61.67809,  77.60886, -48.17613,  65.44540,  87.82323, -51.14641,  65.97783,  83.20257, -49.60802,  65.04794,  79.70507, -49.60577,  63.44238,  77.91164, -50.32054,  65.99174,  87.65698, -52.14524,  66.84746,  83.31524, -51.31431,  66.46340,  80.45917, -51.62060,  65.31818,  79.20954, -52.31302
   7.83349,  35.46340,  94.49938, -54.53769,  25.56223,  95.67220, -49.89103,  23.04992,  52.50967, -37.19191,  15.54852,  11.29184, -33.49126,  45.36456,  93.32656, -59.18435,  41.07124,  49.18696, -51.19392,  30.40381,  10.84213, -64.78638,  36.86695, 102.43596, -53.55017,  40.91641, 119.54110, -49.76909,  44.56806, 131.20255, -46.09574,  50.91649, 148.02706, -39.54036,  51.83386, 152.07603, -38.63108,  52.15320, 156.30836, -38.41224,  46.92630, 142.91569, -39.49221,  31.29983, 142.32602, -35.66132,  20.78240, 118.17058, -45.14279,  17.43552,  92.93366, -50.42449,  19.60843,  90.92779, -49.16690,  22.06829,  88.11516, -48.15172,  24.07107,  86.32485, -48.29233,  18.57539,  89.49465, -48.70058,  19.29942,  83.98334, -48.15261,  20.87502,  80.56632, -48.72452,  22.09293,  78.99214, -49.55856,  17.59491,  89.36161, -49.53579,  17.76979,  83.91334, -49.45291,  18.96863,  80.24453, -50.98589,  20.44849,  79.02333, -52.74495,  16.87646,  89.40332, -50.12865,  16.39221,  84.54525, -50.53528,  17.00347,  81.39973, -52.21731,  18.21512,  80.12552, -54.00991,  16.07617,  89.64749, -50.91841,  15.11850,  85.32517, -51.73934,  15.17609,  82.87093, -53.27939,  15.99496,  82.06483, -54.70495,  51.05915, 142.94175, -43.56147,  63.64293, 140.72363, -53.35629,  64.22911, 114.31900, -62.65425,  64.01679,  91.04555, -51.06540,  62.28509,  89.96017, -48.58553,  60.22659,  88.07194, -45.90420,  58.28795,  86.58683, -44.77628,  63.42856,  88.75578, -47.82366,  62.96770,  84.06332, -44.82908,  61.35547,  80.88585, -43.49116,  59.98812,  79.23359, -43.25164,  64.15722,  88.19497, -48.73534,  64.10285,  83.31406, -46.30742,  62.60583,  79.47462, -45.79261,  60.73671,  77.78456, -46.44510,  64.69383,  87.91796, -49.44578,  65.13667,  83.30507, -47.85651,  64.15843,  79.82084, -47.83768,  62.54014,  78.04298, -48.56258,  65.25420,  87.73487, -50.43383,  66.03579,  83.38978, -49.54908,  65.61725,  80.53651, -49.83554,  64.46637,  79.29626, -50.53542
   7.85016,  35.19844,  94.39925, -53.28598,  25.41648,  95.53272, -48.38410,  23.81630,  52.43690, -35.31605,  17.06641,  11.19967, -30.54062,  44.98041,  93.26578, -58.18786,  40.89890,  48.90186, -51.42268,  29.79406,  11.14645, -66.25803,  36.64171, 102.32088, -52.23759,  40.81468, 119.36897, -48.33511,  44.57139, 130.97328, -44.58748,  51.08692, 147.69499, -37.93377,  52.02525, 151.73602, -37.01066,  52.34898, 155.96817, -36.79489,  47.08702, 142.59133, -37.87495,  31.52054, 141.91796, -33.82018,  20.82542, 117.98575, -43.66213,  17.42698,  92.91145, -49.63960,  19.62817,  90.86834, -48.49635,  22.12051,  88.03302, -47.63521,  24.13634,  86.26835, -47.87705,  18.61138,  89.40640, -48.08727,  19.38546,  83.88207, -47.80159,  20.98321,  80.50874, -48.54555,  22.20578,  78.98525, -49.46276,  17.62399,  89.30367, -48.91863,  17.84397,  83.85909, -49.08951,  19.05776,  80.27540, -50.80162,  20.53046,  79.14947, -52.62893,  16.89954,  89.36656, -49.50224,  16.45092,  84.52848, -50.12867,  17.07148,  81.46935, -51.96002,  18.27610,  80.28972, -53.82079,  16.08970,  89.64007, -50.27240,  15.15934,  85.35223, -51.28351,  15.22202,  82.97231, -52.93592,  16.03363,  82.23997, -54.40477,  51.13801, 142.66428, -42.02514,  63.52367, 140.71659, -52.12525,  63.87285, 114.28189, -61.34939,  63.38191,  91.15734, -49.47447,  61.58108,  90.13007, -47.01921,  59.43672,  88.30768, -44.35970,  57.45156,  86.86686, -43.25550,  62.68912,  88.91798, -46.21820,  62.09138,  84.27133, -43.17675,  60.40159,  81.13614, -41.83480,  59.00381,  79.50823, -41.60441,  63.42817,  88.33458, -47.10706,  63.24589,  83.48612, -44.62104,  61.67846,  79.67692, -44.09134,  59.79748,  78.00767, -44.76300,  63.97538,  88.04042, -47.80235,  64.31218,  83.44170, -46.14734,  63.27946,  79.97342, -46.10670,  61.64939,  78.21161, -46.84427,  64.55373,  87.83628, -48.77581,  65.24834,  83.49122, -47.82112,  64.79147,  80.64132, -48.08141,  63.63651,  79.41015, -48.79054
   7.86682,  34.95060,  94.23412, -52.09370,  25.28656,  95.33600, -46.95637,  24.72690,  52.32480, -33.52853,  18.73749,  11.07905, -27.89024,  44.61464,  93.13223, -57.23103,  40.70215,  48.60351, -51.53282,  29.19391,  11.48913, -67.62499,  36.44046, 102.13912, -50.98658,  40.74390, 119.12707, -46.96537,  44.60293, 130.67289, -43.14183,  51.26815, 147.29220, -36.38068,  52.22489, 151.32559, -35.44319,  52.55154, 155.55772, -35.23142,  47.26050, 142.19466, -36.31893,  31.74907, 141.41840, -32.07593,  20.79080, 117.75644, -42.27534,  17.22874,  92.86806, -48.89955,  19.43658,  90.77814, -47.85826,  21.93592,  87.91035, -47.13617,  23.95372,  86.16210, -47.46511,  18.42330,  89.29718, -47.51396,  19.20679,  83.76687, -47.48552,  20.80747,  80.43411, -48.38893,  22.02957,  78.95657, -49.37904,  17.43353,  89.23122, -48.34621,  17.66140,  83.80067, -48.76851,  18.87548,  80.30174, -50.64759,  20.34431,  79.26371, -52.52925,  16.70720,  89.31971, -48.92414,  16.26414,  84.51489, -49.77155,  16.88381,  81.54447, -51.74379,  18.08454,  80.45387, -53.66055,  15.89458,  89.62706, -49.67846,  14.96776,  85.38882, -50.88333,  15.02906,  83.08769, -52.64385,  15.83729,  82.42518, -54.14732,  51.23628, 142.31743, -40.54008,  63.47781, 140.59441, -50.85445,  63.66682, 114.13566, -60.01409,  62.88272,  91.20304, -47.78789,  61.01511,  90.23176, -45.35989,  58.78885,  88.47271, -42.72515,  56.76076,  87.07285, -41.64656,  62.08890,  89.01557, -44.51944,  61.36213,  84.41717, -41.43309,  59.60117,  81.32238, -40.08885,  58.17676,  79.71631, -39.86853,  62.83915,  88.41091, -45.38439,  62.53706,  83.59799, -42.84162,  60.90695,  79.81715, -42.29812,  59.01857,  78.16444, -42.98964,  63.39733,  88.10050, -46.06372,  63.63562,  83.51960, -44.34347,  62.55531,  80.06615, -44.28147,  60.91794,  78.31672, -45.03220,  63.99391,  87.87607, -47.02159,  64.60858,  83.53493, -45.99681,  64.11887,  80.68821, -46.23085,  62.96303,  79.46339, -46.94947
   7.88349,  34.80289,  94.01204, -50.70941,  25.25908,  95.08933, -45.34704,  25.65505,  52.15538, -31.66849,  20.53942,  10.89841, -25.29915,  44.34671,  92.93475, -56.07179,  40.51369,  48.26931, -51.50124,  28.55816,  11.90767, -68.93031,  36.35563, 101.89436, -49.52942,  40.81233, 118.80939, -45.37010,  44.77935, 130.29052, -41.46319,  51.58866, 146.80403, -34.58735,  52.56207, 150.83009, -33.63560,  52.88932, 155.06250, -33.43040,  47.57615, 141.71031, -34.52547,  32.12472, 140.78300, -30.09789,  20.88152, 117.37484, -40.56919,  17.06065,  92.71798, -47.87949,  19.26126,  90.58920, -46.90371,  21.75213,  87.69281, -46.27214,  23.76631,  85.95135, -46.65488,  18.24368,  89.10021, -46.61059,  19.01358,  83.57003, -46.76376,  20.60792,  80.26500, -47.77393,  21.82840,  78.81799, -48.81006,  17.25543,  89.06432, -47.44648,  17.47087,  83.65017, -48.04792,  18.68016,  80.21233, -50.03947,  20.15024,  79.23347, -51.95162,  16.53048,  89.17372, -48.02257,  16.07738,  84.40072, -49.02946,  16.69375,  81.49566, -51.09776,  17.89567,  80.46611, -53.04726,  15.72014,  89.50791, -48.76786,  14.78538,  85.31422, -50.11419,  14.84459,  83.07249, -51.94982,  15.65423,  82.45809, -53.47283,  51.47432, 141.88956, -38.81641,  63.60033, 140.34423, -49.29409,  63.66936, 113.86058, -58.38320,  62.64352,  91.11977, -45.82124,  60.70190,  90.20627, -43.42913,  58.38736,  88.51225, -40.82806,  56.31583,  87.15143, -39.78257,  61.73932,  88.99129, -42.54253,  60.87942,  84.44880, -39.40798,  59.04860,  81.39447, -38.06455,  57.60066,  79.80773, -37.85791,  62.50506,  88.36528, -43.37823,  62.08146,  83.59534, -40.77259,  60.39461,  79.84142, -40.21581,  58.50629,  78.19925, -40.93214,  63.07728,  88.03841, -44.03786,  63.21807,  83.48194, -42.24358,  62.09717,  80.04196, -42.15845,  60.46020,  78.29941, -42.92589,  63.69618,  87.79284, -44.97618,  64.23417,  83.46134, -43.87069,  63.71832,  80.61694, -44.07496,  62.56783,  79.39410, -44.80544
   7.90016,  34.74432,  93.76179, -49.14527,  25.30078,  94.82576, -43.60564,  26.67910,  51.99294, -29.67604,  22.34666,  10.71744, -22.86151,  44.18785,  92.69781, -54.68491,  40.35653,  47.91837, -51.41282,  28.04189,  12.23841, -69.96451,  36.36082, 101.62107, -47.89909,  40.96104, 118.46653, -43.61554,  45.02134, 129.88888, -39.63288,  51.94355, 146.31013, -32.64967,  52.92683, 150.33089, -31.68578,  53.24719, 154.56423, -31.48891,  47.92805, 141.21870, -32.59358,  32.54705, 140.09939, -27.96951,  20.97162, 116.94797, -38.64759,  16.86110,  92.51427, -46.52782,  19.05453,  90.34890, -45.61867,  21.53703,  87.42698, -45.07833,  23.54771,  85.69406, -45.51452,  18.03272,  88.85359, -45.37687,  18.78941,  83.32958, -45.71120,  20.37769,  80.05573, -46.82695,  21.59671,  78.64068, -47.90796,  17.04608,  88.84782, -46.21540,  17.24948,  83.45598, -46.99498,  18.45437,  80.08279, -49.09670,  19.92589,  79.16394, -51.03731,  16.32256,  88.97801, -46.78895,  15.85981,  84.24203, -47.95387,  16.47324,  81.40536, -50.11585,  17.67656,  80.43776, -52.09597,  15.51454,  89.33868, -47.52436,  14.57224,  85.19412, -49.01032,  14.62966,  83.01411, -50.91890,  15.44086,  82.44833, -52.45982,  51.76376, 141.44929, -36.93802,  63.77921, 140.06595, -47.56466,  63.79234, 113.56071, -56.59086,  62.56102,  91.02545, -43.68172,  60.53279,  90.17389, -41.33914,  58.11755,  88.54916, -38.78585,  55.99979,  87.22644, -37.78505,  61.52877,  88.96648, -40.39644,  60.52270,  84.49094, -37.20953,  58.61961,  81.47849, -35.87198,  57.15067,  79.90876, -35.68455,  62.31577,  88.31827, -41.19461,  61.76108,  83.60161, -38.51756,  60.02127,  79.87379, -37.94850,  58.14221,  78.23536, -38.69700,  62.90637,  87.97411, -41.82876,  62.94460,  83.45078, -39.94763,  61.78897,  80.02304, -39.83681,  60.16185,  78.28107, -40.62620,  63.55361,  87.70564, -42.74133,  64.01371,  83.39088, -41.53941,  63.47799,  80.54785, -41.70859,  62.34076,  79.32186, -42.45438
   7.91683,  34.79089,  93.47835, -47.37184,  25.44402,  94.53151, -41.66859,  27.92769,  51.83705, -27.47005,  24.37704,  10.51669, -20.47745,  44.13775,  92.42519, -53.07509,  40.24863,  47.57966, -50.99254,  27.59383,  12.63367, -70.67778,  36.47045, 101.31474, -46.06632,  41.20745, 118.09358, -41.67181,  45.35190, 129.46122, -37.61990,  52.36649, 145.79901, -30.53388,  53.35651, 149.81531, -29.55831,  53.66842, 154.04962, -29.36912,  48.35131, 140.70725, -30.48576,  33.03406, 139.40536, -25.70069,  21.07164, 116.53535, -36.55718,  16.62340,  92.33518, -44.95748,  18.73436,  90.08767, -44.05245,  21.11511,  87.08019, -43.52377,  23.07532,  85.29032, -43.95971,  17.66231,  88.62248, -43.84642,  18.24726,  83.08253, -44.25368,  19.74544,  79.77611, -45.39765,  20.93327,  78.33866, -46.48382,  16.68737,  88.66052, -44.69770,  16.72957,  83.27686, -45.55534,  17.85472,  79.89781, -47.69156,  19.32227,  78.96070, -49.62644,  15.97615,  88.82216, -45.27859,  15.37867,  84.12090, -46.52033,  15.93059,  81.29785, -48.71644,  17.12909,  80.32118, -50.69504,  15.19001,  89.21919, -46.01895,  14.13640,  85.12902, -47.57903,  14.15013,  82.97634, -49.51918,  14.96360,  82.40739, -51.05773,  52.13040, 140.98908, -34.87655,  64.06306, 139.72221, -45.61045,  64.07758, 113.19627, -54.57565,  62.64927,  90.88810, -41.29765,  60.54246,  90.08769, -39.00697,  58.03806,  88.51978, -36.50456,  55.88239,  87.22488, -35.54934,  61.50136,  88.89261, -38.01158,  60.37018,  84.47908, -34.78044,  58.40947,  81.49972, -33.45204,  56.92712,  79.94040, -33.28440,  62.31019,  88.22668, -38.77247,  61.64528,  83.56093, -36.03206,  59.86871,  79.85191, -35.45379,  58.00614,  78.20918, -36.23345,  62.91905,  87.86858, -39.38112,  62.87330,  83.37924, -37.42041,  61.69688,  79.95940, -37.28654,  60.08689,  78.21125, -38.09713,  63.59386,  87.58094, -40.26751,  63.99265,  83.28612, -38.97565,  63.44784,  80.44306, -39.11191,  62.32877,  79.20930, -39.87224
   7.93349,  34.97317,  93.19653, -45.36263,  25.72907,  94.22756, -39.49036,  29.19918,  51.67856, -25.06383,  26.51009,  10.29011, -18.08954,  44.21727,  92.16551, -51.23491,  40.21639,  47.28971, -50.37488,  27.30211,  13.01505, -71.04719,  36.71179, 101.00986, -43.99753,  41.57517, 117.72335, -39.49339,  45.79487, 129.03873, -35.37347,  52.88566, 145.29879, -28.18523,  53.87964, 149.31114, -27.19753,  54.18167, 153.54646, -27.01485,  48.87749, 140.20145, -28.14458,  33.62558, 138.70945, -23.20868,  21.31385, 116.07891, -34.17592,  16.47603,  92.14646, -43.11087,  18.48704,  89.81210, -42.19809,  20.74398,  86.71138, -41.66502,  22.64060,  84.85191, -42.09081,  17.35723,  88.38714, -42.02049,  17.73665,  82.83271, -42.47155,  19.12387,  79.48175, -43.62580,  20.27129,  78.00965, -44.70900,  16.39650,  88.46989, -42.88465,  16.24589,  83.09633, -43.79200,  17.27156,  79.69579, -45.94415,  18.72943,  78.72048, -47.86743,  15.70018,  88.66368, -43.47369,  14.94176,  83.99981, -44.76746,  15.41668,  81.17726, -46.98214,  16.60482,  80.17307, -48.95319,  14.94018,  89.09696, -44.22100,  13.75374,  85.06392, -45.83359,  13.71282,  82.92951, -47.79345,  14.52558,  82.34354, -49.32596,  52.59639, 140.54155, -32.58239,  64.45889, 139.37507, -43.40507,  64.52063, 112.82914, -52.31068,  62.95111,  90.71338, -38.73019,  60.76848,  89.95423, -36.49717,  58.18113,  88.43145, -34.05194,  55.99423,  87.15358, -33.14605,  61.69309,  88.77771, -35.44865,  60.45280,  84.42341, -32.17745,  58.44767,  81.46819, -30.86148,  56.95999,  79.91178, -30.71524,  62.52672,  88.09826, -36.16978,  61.76879,  83.48297, -33.36875,  59.97256,  79.78462, -32.78292,  58.13658,  78.12748, -33.59451,  63.15550,  87.72931, -36.75107,  63.04256,  83.27637, -34.71165,  61.86113,  79.85923, -34.55507,  60.27859,  78.09619, -35.38718,  63.85952,  87.42577, -37.60899,  64.21333,  83.15527, -36.22657,  63.67241,  80.31005, -36.32927,  62.57901,  79.06237, -37.10408
   7.95016,  35.30666,  92.94688, -43.07129,  26.14501,  93.94827, -37.06618,  30.58125,  51.52689, -22.52899,  28.62887,  10.06660, -15.73871,  44.46831,  91.94550, -49.07641,  40.28356,  47.08092, -49.56810,  27.13397,  13.41083, -71.06898,  37.08648, 100.74195, -41.65581,  42.03474, 117.40610, -37.06219,  46.30146, 128.68425, -32.88895,  53.43217, 144.89196, -25.62241,  54.42351, 148.90287, -24.62622,  54.71048, 153.13952, -24.45036,  49.43719, 139.78424, -25.58668,  34.26156, 138.08087, -20.48681,  21.62318, 115.65998, -31.51291,  16.43594,  91.96688, -40.87931,  18.32032,  89.54030, -39.93730,  20.41875,  86.33589, -39.37093,  22.22968,  84.38707, -39.76933,  17.12126,  88.17136, -39.77373,  17.24021,  82.60444, -40.21463,  18.48075,  79.18911, -41.34698,  19.57083,  77.66209, -42.41323,  16.17734,  88.29868, -40.65089,  15.78173,  82.93711, -41.55539,  16.67224,  79.48803, -43.69040,  18.10751,  78.44105, -45.59289,  15.49910,  88.52469, -41.24949,  14.53565,  83.90050, -42.54922,  14.90462,  81.05502, -44.75473,  16.06976,  79.99204, -46.70862,  14.77088,  88.99271, -42.00741,  13.41445,  85.01863, -43.63230,  13.29775,  82.88561, -45.59061,  14.10210,  82.25902, -47.11146,  53.10551, 140.17683, -30.06210,  64.89340, 139.13336, -40.97845,  65.03359, 112.57475, -49.84526,  63.38146,  90.61216, -36.02806,  61.12276,  89.88820, -33.85995,  58.45421,  88.40340, -31.47949,  56.24004,  87.13539, -30.62758,  62.01274,  88.73526, -32.75669,  60.66900,  84.44005, -29.44843,  58.62664,  81.50352, -28.14798,  57.13914,  79.94495, -28.02485,  62.87349,  88.04507, -33.43446,  62.02931,  83.48163, -30.57379,  60.22388,  79.78885, -29.98113,  58.42275,  78.10999, -30.82548,  63.52365,  87.66728, -33.98579,  63.35074,  83.25385, -31.86626,  62.17422,  79.83618, -31.68602,  60.62740,  78.05194, -32.53983,  64.25868,  87.34985, -34.81209,  64.57514,  83.10789, -33.33593,  64.04633,  80.25933, -33.40297,  62.98482,  78.99318, -34.19203
   7.96683,  35.74488,  92.75143, -40.70819,  26.66157,  93.69841, -34.57658,  32.15731,  51.38532, -20.08576,  30.86054,   9.83888, -13.67587,  44.82819,  91.80446, -46.83981,  40.47126,  46.98396, -48.49022,  27.15646,  13.86919, -70.73889,  37.53286, 100.53904, -39.26223,  42.50601, 117.17872, -34.60722,  46.78753, 128.43515, -30.39072,  53.92204, 144.60829, -23.05123,  54.90632, 148.61885, -22.04669,  55.17831, 152.85667, -21.87531,  49.94889, 139.48353, -23.02154,  34.84091, 137.60189, -17.78527,  21.87154, 115.38702, -28.84398,  16.35254,  91.91372, -38.56739,  18.07064,  89.38232, -37.58418,  19.96073,  86.05935, -36.96948,  21.65540,  84.00162, -37.32995,  16.78794,  88.08989, -37.43305,  16.57399,  82.52364, -37.84548,  17.62132,  79.03268, -38.94181,  18.63261,  77.43603, -39.98343,  15.86722,  88.26945, -38.32560,  15.15943,  82.93683, -39.21067,  15.87088,  79.42778, -41.31490,  17.26889,  78.28447, -43.18947,  15.21337,  88.53291, -38.93591,  13.98994,  83.96862, -40.22864,  14.21878,  81.09339, -42.41447,  15.34702,  79.95028, -44.34462,  14.52686,  89.04007, -39.70745,  12.95591,  85.14675, -41.33460,  12.73966,  83.01363, -43.28433,  13.52774,  82.33054, -44.78928,  53.57125, 139.93115, -27.52910,  65.29871, 139.00270, -38.52068,  65.56183, 112.44342, -47.38271,  63.87674,  90.60565, -33.37300,  61.55942,  89.90233, -31.26067,  58.83031,  88.43919, -28.93612,  56.59899,  87.17169, -28.12941,  62.42289,  88.77191, -30.11391,  61.00594,  84.52091, -26.77920,  58.94218,  81.59309, -25.49296,  57.46012,  80.02797, -25.38883,  63.30682,  88.07629, -30.75532,  62.40376,  83.55305, -27.84915,  60.60163,  79.85946, -27.25150,  58.83505,  78.15719, -28.12160,  63.97488,  87.69377, -31.28142,  63.76369,  83.31290, -29.09874,  62.60079,  79.89164, -28.89924,  61.08926,  78.08535, -29.76971,  64.73549,  87.36782, -32.08081,  65.03138,  83.15125, -30.52955,  64.52008,  80.29896, -30.56723,  63.48897,  79.01452, -31.36695
   7.98349,  36.30756,  92.60294, -38.22374,  27.30523,  93.46836, -31.96202,  33.68673,  51.22385, -17.63509,  33.02748,   9.56971, -11.85811,  45.30988,  91.73751, -44.48546,  40.71618,  46.99685, -47.27034,  27.27266,  14.47095, -70.29668,  38.07157, 100.39350, -36.76439,  43.01032, 117.03332, -32.07336,  47.27308, 128.28433, -27.82352,  54.36957, 144.44357, -20.41688,  55.34187, 148.45487, -19.40367,  55.59954, 152.69363, -19.23321,  50.43147, 139.29181, -20.39212,  35.39333, 137.24327, -15.01924,  22.16340, 115.18286, -26.07850,  16.29324,  91.93361, -36.12906,  17.83875,  89.30817, -35.10683,  19.51345,  85.88007, -34.44658,  21.08513,  83.72113, -34.77047,  16.47762,  88.09696, -34.96974,  15.93176,  82.55172, -35.35886,  16.78152,  78.99735, -36.42186,  17.70974,  77.33626, -37.43978,  15.58340,  88.32702, -35.87753,  14.56619,  83.04228, -36.74811,  15.09518,  79.48447, -38.82407,  16.44978,  78.24760, -40.67091,  14.95629,  88.62622, -36.49930,  13.47749,  84.13737, -37.78929,  13.56464,  81.24107, -39.95746,  14.65087,  80.02046, -41.86412,  14.31389,  89.16973, -37.28397,  12.53424,  85.36980, -38.91702,  12.21870,  83.24262, -40.85968,  12.98686,  82.50428, -42.34875,  54.00678, 139.80186, -24.93051,  65.67268, 139.01757, -35.99855,  66.11082, 112.47082, -44.89116,  64.44968,  90.69860, -30.77696,  62.09166,  90.00055, -28.70838,  59.32308,  88.54184, -26.42814,  57.08423,  87.26581, -25.65651,  62.93818,  88.88980, -27.53018,  61.48039,  84.66510, -24.17969,  59.41115,  81.73556, -22.90623,  57.93916,  80.16004, -22.81710,  63.84138,  88.19410, -28.14406,  62.90890,  83.69647, -25.20757,  61.12230,  79.99565, -24.60808,  59.38848,  78.26990, -25.49761,  64.52381,  87.81103, -28.65096,  64.29793,  83.45319, -26.42411,  63.15711,  80.02528, -26.21165,  61.67907,  78.19754, -27.09474,  65.30439,  87.48223, -29.42967,  65.59815,  83.28565, -27.82472,  65.10966,  80.42917, -27.84143,  64.10634,  79.12780, -28.64912
   8.00016,  37.03744,  92.52561, -35.60202,  28.09629,  93.30074, -29.24159,  35.28893,  51.10162, -15.16735,  35.11014,   9.34858, -10.11496,  45.97858,  91.75048, -41.96246,  41.06119,  47.13987, -45.99936,  27.54593,  15.10309, -69.66067,  38.75160, 100.32739, -34.14313,  43.60332, 116.98965, -29.44099,  47.81581, 128.25271, -25.17298,  54.83794, 144.42394, -17.72176,  55.79380, 148.43750, -16.70186,  56.03653, 152.67702, -16.52861,  50.94081, 139.24110, -17.69933,  35.98570, 137.01647, -12.16711,  22.54462, 115.06162, -23.18174,  16.38461,  91.98510, -33.45445,  17.79220,  89.30100, -32.38636,  19.29232,  85.80423, -31.66896,  20.75901,  83.56716, -31.95254,  16.37250,  88.15952, -32.24504,  15.55924,  82.64288, -32.56820,  16.24228,  79.03770, -33.57900,  17.09587,  77.32014, -34.56812,  15.49748,  88.42102, -33.16296,  14.22981,  83.18124, -33.97469,  14.59995,  79.57503, -36.00092,  15.90639,  78.24952, -37.82076,  14.89045,  88.74229, -33.79360,  13.20382,  84.31442, -35.03856,  13.16570,  81.38921, -37.16901,  14.20534,  80.09224, -39.05107,  14.28133,  89.30617, -34.59034,  12.33048,  85.57653, -36.18952,  11.92603,  83.44204, -38.10754,  12.66842,  82.64771, -39.58078,  54.47924, 139.80604, -22.26008,  66.07065, 139.20542, -33.41752,  66.70003, 112.68125, -42.36580,  65.14772,  90.91236, -28.23407,  62.76228,  90.20703, -26.19968,  59.97012,  88.73871, -23.95463,  57.73104,  87.44681, -23.21055,  63.59962,  89.11348, -24.99904,  62.12667,  84.90019, -21.64082,  60.06467,  81.96035, -20.37943,  58.60658,  80.37131, -20.30267,  64.51958,  88.42199, -25.59244,  63.58139,  83.93778, -22.63732,  61.82063,  80.22438, -22.03914,  60.11855,  78.47519, -22.94407,  65.21404,  88.04177, -26.08496,  64.99282,  83.69885, -23.82867,  63.88157,  80.26171, -23.60882,  62.43609,  78.41307, -24.50227,  66.01063,  87.71471, -26.84802,  66.31781,  83.53341, -25.20614,  65.85710,  80.67226, -25.20897,  64.87995,  79.35515, -26.02319
   8.01683,  37.90233,  92.79364, -32.89663,  29.01269,  93.45110, -26.45132,  36.97327,  51.29948, -12.65083,  37.10352,   9.47658,  -8.21200,  46.79197,  92.13618, -39.34194,  41.56179,  47.67092, -44.44780,  28.06900,  16.03433, -68.65414,  39.53054, 100.61587, -31.44885,  44.22084, 117.32797, -26.75981,  48.33658, 128.62701, -22.49248,  55.22713, 144.84928, -15.02941,  56.15997, 148.86759, -14.00688,  56.38898, 153.10767, -13.82875,  51.38597, 139.62486, -15.00155,  36.50949, 137.25312,  -9.32040,  22.87970, 115.37886, -20.26323,  16.45736,  92.42784, -30.65573,  17.72950,  89.69462, -29.54320,  19.05813,  86.14078, -28.77031,  20.41961,  83.83366, -29.01454,  16.25662,  88.62315, -29.39796,  15.18637,  83.14716, -29.65707,  15.70555,  79.50095, -30.61690,  16.48394,  77.73238, -31.57775,  15.40119,  88.91355, -30.32561,  13.89344,  83.72910, -31.08014,  14.10696,  80.08335, -33.05759,  15.36186,  78.67422, -34.85069,  14.81431,  89.25479, -30.96477,  12.92932,  84.89534, -32.16591,  12.76786,  81.94764, -34.25927,  13.75804,  80.57876, -36.11692,  14.23791,  89.83628, -31.77312,  12.12434,  86.18204, -33.33928,  11.63282,  84.04413, -35.23299,  12.34698,  83.19661, -36.69046,  54.89221, 140.24203, -19.58034,  66.41171, 139.82217, -30.82022,  67.26820, 113.33683, -39.86418,  65.91005,  91.53039, -25.77040,  63.51626,  90.80777, -23.75195,  60.72124,  89.31893, -21.52404,  58.48872,  88.00816, -20.79339,  64.35475,  89.72474, -22.54261,  62.89590,  85.50577, -19.18538,  60.85177,  82.54995, -17.93225,  59.40784,  80.94771, -17.86246,  65.28539,  89.04039, -23.12760,  64.36671,  84.55451, -20.16888,  62.63583,  80.82643, -19.57490,  60.95663,  79.05956, -20.48819,  65.98692,  88.66547, -23.61409,  65.78903,  84.32588, -21.34926,  64.70785,  80.87915, -21.12947,  63.28607,  79.01523, -22.02916,  66.79210,  88.34402, -24.37050,  67.12561,  84.16949, -22.71654,  66.69127,  81.30423, -22.71601,  65.73231,  79.97630, -23.53428
   8.03349,  38.88121,  93.13900, -30.14719,  30.04995,  93.64141, -23.60835,  38.57137,  51.51297, -10.07457,  39.03168,   9.58731,  -6.77265,  47.71247,  92.63659, -36.68604,  42.21211,  48.33166, -42.80185,  28.86209,  17.07252, -67.57116,  40.38462, 100.98993, -28.71994,  44.83698, 117.77630, -24.06435,  48.80973, 129.13229, -19.81272,  55.51144, 145.43937, -12.36249,  56.41475, 149.46440, -11.33989,  56.63170, 153.70478, -11.15405,  51.74615, 140.16009, -12.32067,  36.95306, 137.65350,  -6.48187,  23.16836, 115.80932, -17.28991,  16.47304,  92.95364, -27.72018,  17.64591,  90.18951, -26.57540,  18.84875,  86.60007, -25.76213,  20.13170,  84.24556, -25.97766,  16.13662,  89.17040, -26.42719,  14.88107,  83.73187, -26.63934,  15.27973,  80.06093, -27.56180,  16.00163,  78.25759, -28.50190,  15.29589,  89.48081, -27.36177,  13.61532,  84.34377, -28.07423,  13.71320,  80.67385, -30.01577,  14.92743,  79.20539, -31.78915,  14.72395,  89.83567, -28.00703,  12.69661,  85.53165, -29.17581,  12.44413,  82.57101, -31.24173,  13.39546,  81.15119, -33.08135,  14.17147,  90.42862, -28.82371,  11.94147,  86.83363, -30.36533,  11.38587,  84.69548, -32.24097,  12.07733,  83.80998, -33.68677,  55.21509, 140.83558, -16.91960,  66.65289, 140.60391, -28.24802,  67.78805, 114.17488, -37.42504,  66.66646,  92.30112, -23.41500,  64.28656,  91.55087, -21.39022,  61.51332,  90.03014, -19.15664,  59.29568,  88.69667, -18.42178,  65.13932,  90.47254, -20.18668,  63.73157,  86.23130, -16.83568,  61.71948,  83.25324, -15.58338,  60.29081,  81.63741, -15.51287,  66.07425,  89.79846, -20.77670,  65.20776,  85.29642, -17.82679,  63.51380,  81.55078, -17.23678,  61.84799,  79.77073, -18.14896,  66.77756,  89.43137, -21.26662,  66.62803,  85.08418, -19.01268,  65.57982,  81.62694, -18.79835,  64.17237,  79.75220, -19.69808,  67.58306,  89.11945, -22.02666,  67.96125,  84.94388, -20.38499,  67.55366,  82.07469, -20.39060,  66.60428,  80.74003, -21.20909
   8.05016,  39.86229,  93.36470, -27.41849,  31.08264,  93.71342, -20.80063,  39.97644,  51.56073,  -7.58568,  40.53738,   9.56155,  -5.43403,  48.64195,  93.01598, -34.03635,  42.93122,  48.89653, -41.20891,  29.82886,  17.89548, -66.43068,  41.23347, 101.24400, -26.01458,  45.42777, 118.10928, -21.40476,  49.24219, 129.53020, -17.18216,  55.73473, 145.93963,  -9.77155,  56.60679, 149.97224,  -8.75173,  56.81291, 154.21273,  -8.55609,  52.05023, 140.60386,  -9.70857,  37.35870, 137.94864,  -3.68206,  23.43404, 116.08970, -14.27880,  16.51153,  93.27761, -24.65606,  17.62485,  90.49701, -23.49188,  18.75147,  86.88855, -22.65395,  19.98548,  84.50655, -22.85245,  16.09445,  89.51047, -23.33978,  14.72632,  84.09799, -23.51969,  15.04993,  80.41378, -24.41827,  15.73559,  78.58988, -25.34576,  15.26181,  89.83237, -24.27771,  13.47580,  84.72697, -24.96054,  13.50029,  81.04356, -26.87869,  14.68644,  79.53894, -28.64073,  14.69838,  90.19494, -24.92616,  12.58372,  85.92669, -26.07113,  12.27287,  82.95889, -28.11874,  13.19729,  81.50794, -29.94776,  14.15962,  90.79406, -25.74749,  11.85767,  87.23652, -27.27012,  11.26060,  85.09852, -29.13315,  11.93572,  84.18967, -30.57216,  55.48436, 141.33029, -14.32582,  66.81011, 141.33358, -25.76860,  68.21181, 114.96620, -35.08507,  67.40256,  92.99269, -21.21027,  65.05528,  92.20845, -19.16044,  62.32485,  90.64880, -16.90109,  60.12964,  89.28967, -16.14616,  65.93336,  91.13237, -17.97320,  64.60875,  86.86009, -14.62774,  62.64160,  83.85582, -13.36667,  61.22985,  82.22560, -13.28722,  66.86753,  90.47064, -18.57822,  66.08173,  85.94500, -15.64185,  64.43205,  82.17979, -15.05098,  62.77269,  80.38810, -15.95209,  67.56831,  90.11307, -19.07867,  67.48929,  85.75298, -16.84619,  66.47782,  82.28448, -16.63737,  65.07787,  80.40060, -17.52970,  68.36741,  89.81308, -19.85019,  68.80680,  85.63299, -18.23549,  68.42738,  82.75998, -18.25132,  67.48115,  81.42026, -19.06517
   8.06683,  40.80107,  93.63993, -24.77319,  32.07472,  93.82428, -18.07866,  41.23190,  51.61575,  -5.22681,  41.76609,   9.57098,  -4.31738,  49.52742,  93.45558, -31.46773,  43.71713,  49.49643, -39.49378,  31.10437,  18.60051, -65.09135,  42.03194, 101.54539, -23.38643,  45.93959, 118.49244, -18.82485,  49.56879, 129.98860, -14.64337,  55.80793, 146.52700,  -7.30210,  56.64258, 150.56952,  -6.29026,  56.83684, 154.81024,  -6.08748,  52.21994, 141.12631,  -7.20775,  37.62581, 138.34297,  -1.00498,  23.54454, 116.43804, -11.29536,  16.41495,  93.61187, -21.50002,  17.47889,  90.81845, -20.32046,  18.54023,  87.19505, -19.46200,  19.72965,  84.78946, -19.64780,  15.93082,  89.86133, -20.15951,  14.46260,  84.47405, -20.30322,  14.71640,  80.77898, -21.17935,  15.36652,  78.93699, -22.09664,  15.10251,  90.19273, -21.09796,  13.22121,  85.11708, -21.74576,  13.17406,  81.42201, -23.64092,  14.32889,  79.88480, -25.39562,  14.54466,  90.56162, -21.74767,  12.34937,  86.32617, -22.86225,  11.97990,  83.35196, -24.89074,  12.87393,  81.87284, -26.71229,  14.01552,  91.16549, -22.57178,  11.64539,  87.64173, -24.06811,  11.00543,  85.50360, -25.91670,  11.66095,  84.57351, -27.35120,  55.61463, 141.90441, -11.84571,  66.82393, 142.13057, -23.40038,  68.50625, 115.83815, -32.88079,  68.10716,  93.73632, -19.19320,  65.80421,  92.92030, -17.10584,  63.12826,  91.32450, -14.80692,  60.95823,  89.94288, -14.02063,  66.71251,  91.84409, -15.94168,  65.48379,  87.54053, -12.59974,  63.56427,  84.51257, -11.32200,  62.16736,  82.87045, -11.22710,  67.64073,  91.19374, -16.56786,  66.94524,  86.64377, -13.64636,  65.33697,  82.86165, -13.04933,  63.67582,  81.06212, -13.93131,  68.33507,  90.84501, -17.08329,  68.33200,  86.47068, -14.87741,  67.35242,  82.99283, -14.67213,  65.95153,  81.10317, -15.55067,  69.12229,  90.55632, -17.87116,  69.62476,  86.37003, -16.29128,  69.26820,  83.49418, -16.31840,  68.31801,  82.15185, -17.12330
   8.08350,  41.60476,  93.96881, -22.27826,  32.92979,  94.00486, -15.51486,  42.16366,  51.70800,  -3.01307,  42.62914,   9.65538,  -3.49887,  50.27974,  93.93276, -29.04166,  44.46250,  50.08659, -37.65892,  32.63394,  19.16604, -63.59885,  42.70955, 101.89496, -20.90346,  46.33311, 118.92004, -16.39828,  49.75659, 130.49926, -12.27286,  55.68275, 147.19488,  -5.02881,  56.47057, 151.25014,  -4.03044,  56.64872, 155.49139,  -3.82415,  52.21360, 141.71799,  -4.89255,  37.72940, 138.79734,   1.50180,  23.50880, 116.82820,  -8.45468,  16.15832,  93.94454, -18.36975,  17.22330,  91.15069, -17.19214,  18.28153,  87.52629, -16.33406,  19.46384,  85.11747, -16.52332,  15.67401,  90.19764, -17.01914,  14.19179,  84.81371, -17.14315,  14.43080,  81.11643, -18.01414,  15.07033,  79.27119, -18.93232,  14.84029,  90.52935, -17.95267,  12.94241,  85.45713, -18.57860,  12.87369,  81.75872, -20.46659,  14.01310,  80.21550, -22.22608,  14.27903,  90.89841, -18.59934,  12.06610,  86.66629, -19.69150,  11.67594,  83.68929, -21.71200,  12.55424,  82.20467, -23.53672,  13.74589,  91.50206, -19.42103,  11.35732,  87.98136, -20.89508,  10.69990,  85.84143, -22.73543,  11.34360,  84.90712, -24.17254,  55.56029, 142.55322,  -9.55539,  66.63131, 143.02244, -21.23539,  68.62742, 116.82687, -30.92082,  68.64136,  94.59985, -17.43160,  66.39959,  93.75582, -15.28949,  63.79557,  92.12826, -12.93099,  61.65600,  90.72754, -12.09655,  67.34521,  92.67848, -14.15649,  66.23285,  88.34643, -10.81061,  64.36726,  85.29806,  -9.50191,  62.98394,  83.64619,  -9.38062,  68.26075,  92.03815, -14.81101,  67.67192,  87.46579, -11.90102,  66.10435,  83.66954, -11.28575,  64.43213,  81.86453, -12.13502,  68.94348,  91.69718, -15.34675,  69.02679,  87.30944, -13.16926,  68.07539,  83.82400, -12.96023,  66.66400,  81.93057, -13.81348,  69.71147,  91.41855, -16.15690,  70.28241,  87.22603, -14.61731,  69.94379,  84.34811, -14.65320,  68.98135,  83.00451, -15.44126
   8.10016,  42.21729,  94.02801, -19.94952,  33.60717,  93.91553, -13.10458,  42.79371,  51.47903,  -1.04909,  43.25055,   9.47517,  -3.13294,  50.82741,  94.14050, -26.79446,  45.23136,  50.37359, -35.94466,  34.22056,  19.43718, -62.22348,  43.19853, 101.97212, -18.58470,  46.54636, 119.06754, -14.13285,  49.77176, 130.72289, -10.06255,  55.39944, 147.56315,  -2.91590,  56.14196, 151.63023,  -1.93104,  56.30256, 155.87203,  -1.72168,  52.04345, 142.01735,  -2.73860,  37.66041, 138.97726,   3.82618,  23.28375, 116.91067,  -5.68051,  15.74898,  93.94174, -15.25420,  16.84780,  91.15668, -14.08692,  17.94068,  87.54049, -13.23769,  19.13541,  85.13882, -13.43941,  15.30711,  90.19422, -13.89084,  13.85729,  84.80088, -13.98541,  14.10750,  81.10367, -14.85356,  14.74584,  79.26090, -15.77752,  14.45842,  90.51907, -14.81325,  12.58407,  85.43395, -15.40441,  12.51246,  81.73193, -17.28519,  13.63704,  80.19285, -19.05781,  13.88592,  90.88348, -15.45265,  11.68478,  86.63565, -16.50701,  11.28538,  83.65278, -18.51701,  12.14761,  82.17055, -20.35132,  13.33763,  91.48234, -16.26784,  10.95107,  87.94416, -17.70278,  10.28166,  85.79696, -19.53030,  10.91123,  84.86423, -20.97468,  55.34471, 142.90273,  -7.42451,  66.24575, 143.64429, -19.24937,  68.51408, 117.54549, -29.13407,  68.99562,  95.18417, -15.87739,  66.83616,  94.31446, -13.66224,  64.32684,  92.65785, -11.22270,  62.22629,  91.23964, -10.32134,  67.82754,  93.23623, -12.56996,  66.85946,  88.87837,  -9.21275,  65.05900,  85.81146,  -7.85702,  63.69034,  84.15072,  -7.69666,  68.72293,  92.60514, -13.26034,  68.26396,  88.01262, -10.35875,  66.74099,  84.20362,  -9.71104,  65.05007,  82.39365, -10.51128,  69.38817,  92.27134, -13.82198,  69.57385,  87.87165, -11.67513,  68.65046,  84.37947, -11.45339,  67.22056,  82.48265, -12.26739,  70.12851,  92.00196, -14.66050,  70.77775,  87.80409, -13.16726,  70.45457,  84.92445, -13.20836,  69.47250,  83.57975, -13.96984
   8.11683,  42.61087,  94.07705, -17.83070,  34.06034,  93.84264, -10.91453,  43.14985,  51.23451,   0.59684,  43.53516,   9.30467,  -2.66129,  51.16141,  94.31146, -24.74686,  45.89476,  50.55854, -34.15583,  35.56564,  19.81249, -60.93016,  43.49533, 102.03281, -16.46759,  46.62591, 119.17806, -12.04943,  49.69432, 130.88999,  -8.02040,  55.08619, 147.84019,  -0.95228,  55.79178, 151.91655,   0.02133,  55.93543, 156.15889,   0.23208,  51.81921, 142.24261,  -0.74246,  37.57278, 139.03107,   6.03508,  23.04583, 116.82999,  -2.91364,  15.33549,  93.74015, -12.04656,  16.48899,  90.97131, -10.89350,  17.63829,  87.37010, -10.05522,  18.85351,  84.98026, -10.27435,  14.96320,  89.99359, -10.65995,  13.56850,  84.58508, -10.70261,  13.83844,  80.88731, -11.56241,  14.47565,  79.04769, -12.49339,  14.09105,  90.30594, -11.56462,  12.25776,  85.19925, -12.09553,  12.18375,  81.48933, -13.96058,  13.28519,  79.95513, -15.75186,  13.50081,  90.66184, -12.19259,  11.32183,  86.38716, -13.18246,  10.90971,  83.39241, -15.17213,  11.74692,  81.91208, -17.01952,  12.92844,  91.25175, -12.99770,  10.54825,  87.68323, -14.36660,   9.86143,  85.52200, -16.17097,  10.46884,  84.59024, -17.62542,  55.08537, 143.16491,  -5.44582,  65.82369, 144.14400, -17.40156,  68.33839, 118.14846, -27.49651,  69.37941,  95.63419, -14.53412,  67.30527,  94.74699, -12.24558,  64.89267,  93.07062,  -9.72337,  62.83170,  91.64049,  -8.75218,  68.33983,  93.66827, -11.19460,  67.51107,  89.29305,  -7.82271,  65.77277,  86.21359,  -6.41527,  64.41717,  84.54683,  -6.21222,  69.21190,  93.04352, -11.91972,  68.87622,  88.43750,  -9.02264,  67.39230,  84.61993,  -8.33596,  65.68027,  82.80656,  -9.08177,  69.85752,  92.71462, -12.50657,  70.13788,  88.30704, -10.38637,  69.23643,  84.81037, -10.14584,  67.78508,  82.91124, -10.91525,  70.56789,  92.45157, -13.37258,  71.28695,  88.25027, -11.92156,  70.97343,  85.36958, -11.96295,  69.96941,  84.02410, -12.69384
   8.13350,  42.83508,  94.30665, -15.94000,  34.34151,  93.95926,  -8.95870,  43.28214,  51.20101,   2.10391,  43.77092,   9.37121,  -2.24397,  51.32866,  94.65404, -22.92130,  46.61054,  50.82163, -32.25099,  36.83725,  20.39148, -59.58895,  43.63021, 102.27173, -14.57629,  46.53893, 119.46500, -10.19324,  49.42957, 131.23665,  -6.20702,  54.52732, 148.30877,   0.78550,  55.18376, 152.39638,   1.74624,  55.30002, 156.63970,   1.95411,  51.37239, 142.64863,   1.02885,  37.27452, 139.23748,   8.01627,  22.62673, 116.89194,  -0.35744,  14.73002,  93.64612,  -8.91746,  15.94329,  90.89607,  -7.78090,  17.15378,  87.31209,  -6.95498,  18.38988,  84.93485,  -7.19350,  14.43496,  89.90262,  -7.50426,  13.10053,  84.47878,  -7.48619,  13.39026,  80.78000,  -8.33511,  14.02444,  78.94296,  -9.27324,  13.53682,  90.20073,  -8.38806,  11.74827,  85.07138,  -8.84842,  11.66897,  81.35160, -10.69352,  12.74206,  79.82083, -12.50482,  12.92697,  90.54690,  -9.00258,  10.77192,  86.24337,  -9.91694,  10.34347,  83.23433, -11.88143,  11.15041,  81.75420, -13.74239,  12.32789,  91.12638,  -9.79574,   9.95421,  87.52483, -11.08723,   9.24645,  85.34712, -12.86348,   9.82743,  84.41492, -14.32841,  54.59271, 143.62217,  -3.69575,  65.18005, 144.78891, -15.76873,  67.93653, 118.91132, -26.10082,  69.50260,  96.25959, -13.43407,  67.52918,  95.36142, -11.06227,  65.22951,  93.67261,  -8.44466,  63.21508,  92.23463,  -7.39092,  68.60996,  94.28303, -10.05852,  67.93559,  89.89768,  -6.66544,  66.26623,  86.81023,  -5.19352,  64.92475,  85.13934,  -4.93756,  69.45228,  93.66234, -10.82132,  69.25112,  89.04864,  -7.92400,  67.80743,  85.22547,  -7.18473,  66.07018,  83.40924,  -7.86211,  70.07343,  93.33657, -11.43569,  70.45446,  88.92480,  -9.34005,  69.57306,  85.42515,  -9.07031,  68.09548,  83.52391,  -9.78249,  70.74731,  93.07748, -12.33154,  71.53788,  88.87474, -10.92248,  71.23038,  85.99331, -10.95770,  70.19993,  84.64685, -11.64889
   8.15016,  42.89450,  94.55157, -14.28984,  34.44132,  94.12333,  -7.26416,  43.20415,  51.21171,   3.33721,  43.89235,   9.47791,  -1.82917,  51.34768,  94.97982, -21.31553,  47.43033,  50.99815, -30.30728,  37.93302,  21.12239, -58.34502,  43.62735, 102.52196, -12.92227,  46.37593, 119.74612,  -8.55715,  49.13403, 131.55789,  -4.59579,  54.00607, 148.71332,   2.35360,  54.62076, 152.80905,   3.30736,  54.70634, 157.05311,   3.51503,  50.93750, 143.00683,   2.61774,  37.00937, 139.36650,   9.82644,  22.27627, 116.82705,   2.15121,  14.22953,  93.42768,  -5.83124,  15.50361,  90.70032,  -4.70661,  16.77339,  87.13604,  -3.88446,  18.02439,  84.76822,  -4.13844,  14.01414,  89.69560,  -4.37415,  12.73318,  84.25998,  -4.26344,  13.03225,  80.55593,  -5.08575,  13.65492,  78.71580,  -6.02551,  13.08641,  89.97665,  -5.23260,  11.33400,  84.82658,  -5.58884,  11.23378,  81.08835,  -7.39523,  12.26532,  79.55001,  -9.22417,  12.45463,  90.31109,  -5.83127,  10.31400,  85.97890,  -6.63780,   9.85429,  82.94692,  -8.55949,  10.61781,  81.45624, -10.43034,  11.82588,  90.87717,  -6.61103,   9.44838,  87.24117,  -7.79442,   8.70729,  85.03968,  -9.52723,   9.25187,  84.09865, -11.00048,  54.12190, 144.02259,  -2.12229,  64.55854, 145.35776, -14.30850,  67.49767, 119.58492, -24.84995,  69.61789,  96.78592, -12.53287,  67.77250,  95.87670, -10.06418,  65.61657,  94.17530,  -7.33480,  63.66393,  92.72859,  -6.18140,  68.90717,  94.80008,  -9.11977,  68.42319,  90.40616,  -5.70534,  66.84213,  87.31038,  -4.15549,  65.52111,  85.63452,  -3.83402,  69.71101,  94.18365,  -9.92630,  69.67475,  89.56391,  -7.03186,  68.28362,  85.73453,  -6.22683,  66.51965,  83.91373,  -6.81733,  70.30066,  93.86112, -10.57258,  70.80377,  89.44675,  -8.50839,  69.94889,  85.94366,  -8.20064,  68.44272,  84.03880,  -8.83946,  70.92823,  93.60596, -11.50255,  71.80420,  89.40328, -10.14474,  71.50469,  86.52091, -10.16991,  70.44432,  85.17228, -10.80972
   8.16683,  42.81211,  94.79919, -12.87427,  34.39201,  94.27877,  -5.81516,  42.98058,  51.20541,   4.25987,  43.93099,   9.55491,  -1.50277,  51.23221,  95.31962, -19.93338,  48.24495,  51.17336, -28.46381,  38.79113,  22.09509, -57.34208,  43.47109, 102.77492, -11.50024,  46.05959, 120.02216,  -7.12843,  48.70633, 131.85914,  -3.16634,  53.41338, 149.06139,   3.78103,  53.99434, 153.16209,   4.73458,  54.04991, 157.40653,   4.94462,  50.40793, 143.32164,   4.05040,  36.63109, 139.47634,  11.44108,  21.86910, 116.66867,   4.66654,  13.69466,  93.10022,  -2.66192,  15.02819,  90.39961,  -1.54169,  16.35221,  86.85729,  -0.71024,  17.60966,  84.49377,  -0.97237,  13.55899,  89.39082,  -1.13881,  12.32112,  83.94957,  -0.89480,  12.61585,  80.23474,  -1.66861,  13.21658,  78.38373,  -2.60128,  12.59848,  89.65202,  -1.96695,  10.87038,  84.48571,  -2.17674,  10.73030,  80.71826,  -3.91862,  11.70492,  79.15729,  -5.75956,  11.94286,  89.97269,  -2.54725,   9.80458,  85.61438,  -3.20568,   9.29608,  82.54890,  -5.06079,  10.00099,  81.03319,  -6.93451,  11.28201,  90.52206,  -3.31227,   8.88833,  86.85223,  -4.34961,   8.09974,  84.61836,  -6.01884,   8.59657,  83.65721,  -7.49597,  53.56606, 144.37554,  -0.69886,  63.88502, 145.82744, -12.97164,  66.95732, 120.15408, -23.71591,  69.70927,  97.17547, -11.86641,  67.99207,  96.25659,  -9.31036,  65.98053,  94.54407,  -6.47956,  64.09284,  93.08883,  -5.23256,  69.17614,  95.18307,  -8.42490,  68.87827,  90.78345,  -4.99654,  67.38738,  87.68006,  -3.37424,  66.09004,  85.99896,  -2.98982,  69.94116,  94.57055,  -9.27117,  70.06546,  89.94735,  -6.38470,  68.72994,  86.11194,  -5.51671,  66.94543,  84.28532,  -6.02133,  70.49916,  94.25095,  -9.94637,  71.12017,  89.83607,  -7.91563,  70.29435,  86.32950,  -7.57050,  68.76524,  84.41983,  -8.13629,  71.08069,  93.99918, -10.90669,  72.03826,  89.79820,  -9.59969,  71.74834,  86.91477,  -9.61382,  70.66240,  85.56298, -10.20200
   8.18350,  42.63295,  95.07309, -11.69214,  34.19974,  94.48736,  -4.65384,  42.65893,  51.28174,   4.95347,  43.88579,   9.69880,  -1.22949,  51.06617,  95.65882, -18.73045,  49.06659,  51.31575, -26.49430,  39.71297,  23.07213, -56.22111,  43.23472, 103.05144, -10.30716,  45.69263, 120.31208,  -5.91290,  48.24557, 132.16485,  -1.93648,  52.80993, 149.39714,   5.03162,  53.35897, 153.50116,   5.98976,  53.38170, 157.74559,   6.20622,  49.85714, 143.62993,   5.29681,  36.25541, 139.56595,  12.89199,  21.51256, 116.53317,   6.88038,  13.22260,  92.77153,   0.34884,  14.60044,  90.09527,   1.47387,  15.96121,  86.57196,   2.32653,  17.21524,  84.20640,   2.06647,  13.14841,  89.09138,   1.94537,  11.93381,  83.65328,   2.33388,  12.21188,  79.92505,   1.62070,  12.78548,  78.05791,   0.70325,  12.15968,  89.33494,   1.14555,  10.43902,  84.16217,   1.09207,  10.24982,  80.36214,  -0.57269,  11.16553,  78.76851,  -2.41590,  11.48392,  89.64327,   0.58192,   9.33598,  85.26903,   0.07881,   8.77288,  82.16797,  -1.69980,   9.41781,  80.61844,  -3.56747,  10.79605,  90.17674,  -0.17044,   8.37820,  86.48318,  -1.05648,   7.53930,  84.21653,  -2.65553,   7.98827,  83.22857,  -4.13030,  52.99644, 144.72053,   0.54335,  63.22020, 146.26170, -11.79803,  66.39712, 120.69580, -22.76579,  69.70943,  97.54619, -11.40251,  68.13852,  96.60969,  -8.76020,  66.29373,  94.87696,  -5.82988,  64.48558,  93.40611,  -4.48701,  69.37561,  95.54203,  -7.94276,  69.29183,  91.13233,  -4.51543,  67.91095,  88.01514,  -2.82372,  66.64729,  86.32445,  -2.37459,  70.09794,  94.93669,  -8.83069,  70.40797,  90.30754,  -5.96782,  69.14640,  86.46119,  -5.03970,  67.34934,  84.62385,  -5.45247,  70.62083,  94.62245,  -9.53584,  71.37937,  90.20700,  -7.55364,  70.59641,  86.69415,  -7.17416,  69.05163,  84.77562,  -7.66201,  71.15142,  94.37689, -10.52679,  72.20561,  90.17932,  -9.28480,  71.93431,  87.29405,  -9.29122,  70.82717,  85.93641,  -9.82376
   8.20016,  42.37940,  95.35800, -10.71313,  33.91173,  94.72157,  -3.72073,  42.25404,  51.40300,   5.47119,  43.74939,   9.86790,  -0.96890,  50.84706,  95.99444, -17.70553,  50.00268,  51.45570, -24.50051,  40.82333,  23.79764, -54.82618,  42.93087, 103.33839,  -9.31894,  45.26586, 120.61093,  -4.90450,  47.72518, 132.47872,  -0.91387,  52.13953, 149.74031,   6.07829,  52.65465, 153.84714,   7.04324,  52.64153, 158.09105,   7.27032,  49.24055, 143.94559,   6.33733,  35.75925, 139.73932,  14.06857,  21.19766, 116.35592,   9.05090,  12.83641,  92.42168,   3.28537,  14.24394,  89.77019,   4.43212,  15.62353,  86.26515,   5.32865,  16.86290,  83.88986,   5.08767,  12.80570,  88.78305,   4.97575,  11.59172,  83.36029,   5.54054,  11.83769,  79.61446,   4.91292,  12.37673,  77.72306,   4.02467,  11.79200,  89.00956,   4.20262,  10.05845,  83.84253,   4.33556,   9.80623,  80.00249,   2.77417,  10.65766,  78.36018,   0.94292,  11.09895,  89.30576,   3.65367,   8.92555,  84.92706,   3.33112,   8.29757,  81.78408,   1.65051,   8.87767,  80.18609,  -0.19748,  10.38818,  89.82232,   2.91086,   7.93413,  86.11531,   2.19732,   7.03828,  83.81186,   0.68405,   7.43664,  82.78575,  -0.77915,  52.36315, 145.07346,   1.58157,  62.49574, 146.70376, -10.82337,  65.73013, 121.22954, -21.98593,  69.58001,  97.88614, -11.20336,  68.14382,  96.93307,  -8.49125,  66.45300,  95.18131,  -5.48046,  64.72088,  93.69546,  -4.05634,  69.42555,  95.87157,  -7.73701,  69.53471,  91.45323,  -4.32155,  68.25667,  88.32303,  -2.57394,  67.02690,  86.62306,  -2.06926,  70.10828,  95.27308,  -8.66022,  70.58509,  90.63923,  -5.82805,  69.39424,  86.78250,  -4.85086,  67.59126,  84.93445,  -5.18187,  70.59872,  94.96396,  -9.39050,  71.47986,  90.54884,  -7.45893,  70.73858,  87.03004,  -7.05182,  69.18448,  85.10263,  -7.47014,  71.08268,  94.72424, -10.40643,  72.22219,  90.53069,  -9.22783,  71.96941,  87.64374,  -9.22901,  70.84671,  86.28016,  -9.71148
   8.21683,  42.08573,  95.64271,  -9.88377,  33.55835,  94.95955,  -2.96878,  41.76215,  51.52268,   5.77879,  43.58299,  10.00786,  -0.70809,  50.61312,  96.32587, -16.79876,  50.81134,  51.64684, -22.65782,  41.91696,  24.39449, -53.43240,  42.58443, 103.62492,  -8.48019,  44.81471, 120.90252,  -4.03151,  47.21528, 132.77324,  -0.01394,  51.56787, 150.03585,   7.01434,  52.06464, 154.14242,   7.98995,  52.02478, 158.38533,   8.23214,  48.68473, 144.23259,   7.25858,  35.28723, 139.94458,  15.08993,  21.07357, 116.13053,  11.23470,  12.68943,  92.01535,   6.31896,  14.12275,  89.39483,   7.50428,  15.51568,  85.91317,   8.46874,  16.73505,  83.52413,   8.26445,  12.69924,  88.43437,   8.12850,  11.47990,  83.04017,   8.91257,  11.68694,  79.27441,   8.40088,  12.18664,  77.35180,   7.55777,  11.66091,  88.64125,   7.38305,   9.90882,  83.49146,   7.74489,   9.58577,  79.60379,   6.32043,  10.36679,  77.89740,   4.51659,  10.95099,  88.92328,   6.84838,   8.74750,  84.54899,   6.74412,   8.04810,  81.35625,   5.19029,   8.55759,  79.69517,   3.37745,  10.21780,  89.41930,   6.11341,   7.72365,  85.70512,   5.60593,   6.76615,  83.35848,   4.20062,   7.10975,  82.28264,   2.75942,  51.81307, 145.37693,   2.51053,  61.87840, 147.07988,  -9.93933,  65.14303, 121.69416, -21.29308,  69.54526,  98.12467, -11.23827,  68.28360,  97.13404,  -8.45377,  66.79480,  95.33947,  -5.36259,  65.16762,  93.82213,  -3.85063,  69.62010,  96.08258,  -7.78541,  69.98312,  91.64054,  -4.41858,  68.84756,  88.48212,  -2.62400,  67.66981,  86.76362,  -2.06131,  70.25384,  95.49933,  -8.75227,  70.95178,  90.85062,  -5.99121,  69.86607,  86.97253,  -4.97676,  68.06834,  85.10525,  -5.21556,  70.70371,  95.20164,  -9.51279,  71.74930,  90.78326,  -7.67287,  71.07459,  87.25279,  -7.25133,  69.52105,  85.30982,  -7.59266,  71.12936,  94.97540, -10.55751,  72.38563,  90.78732,  -9.48269,  72.16695,  87.89760,  -9.49248,  71.03362,  86.52413,  -9.91876
   8.23350,  41.77861,  95.92426,  -9.15832,  33.17128,  95.19059,  -2.34836,  41.25311,  51.65211,   5.99842,  43.40149,  10.15466,  -0.49938,  50.38594,  96.65792, -15.96828,  51.62153,  51.87726, -20.84163,  43.11285,  24.69733, -51.78883,  42.21524, 103.90860,  -7.74626,  44.32401, 121.19285,  -3.26425,  46.65980, 133.06826,   0.77757,  50.95469, 150.33480,   7.83164,  51.43650, 154.44058,   8.81801,  51.37571, 158.68213,   9.07892,  48.08223, 144.52570,   8.06244,  34.74128, 140.20445,  15.97166,  20.96984, 115.98492,  13.18571,  12.62877,  91.66567,   9.31263,  14.07997,  89.07700,  10.54526,  15.48004,  85.62061,  11.58714,  16.68038,  83.21843,  11.42958,  12.66900,  88.14688,  11.23992,  11.44251,  82.78957,  12.23690,  11.61499,  79.00763,  11.84591,  12.08089,  77.05492,  11.05420,  11.61168,  88.33541,  10.51662,   9.84235,  83.21170,  11.09816,   9.45917,  79.28092,   9.81382,  10.18100,  77.51055,   8.04736,  10.88885,  88.60398,   9.99243,   8.65967,  84.24268,  10.09471,   7.90049,  81.00451,   8.66817,   8.35088,  79.28085,   6.89863,  10.13840,  89.07991,   9.26160,   7.61116,  85.36676,   8.94692,   6.60265,  82.98078,   7.64753,   6.90062,  81.85543,   6.23425,  51.22419, 145.67934,   3.32565,  61.23746, 147.44050,  -9.15805,  64.53388, 122.15662, -20.72779,  69.37377,  98.38111, -11.38429,  68.29997,  97.34062,  -8.53984,  67.02906,  95.48958,  -5.38534,  65.51869,  93.93219,  -3.79493,  69.68901,  96.30016,  -7.96841,  70.31817,  91.82468,  -4.68615,  69.33756,  88.63004,  -2.86452,  68.21964,  86.88886,  -2.25174,  70.26935,  95.73710,  -8.97974,  71.19801,  91.06670,  -6.32530,  70.22837,  87.16231,  -5.29432,  68.44409,  85.27307,  -5.44504,  70.67518,  95.45459,  -9.77023,  71.89077,  91.03006,  -8.05368,  71.29005,  87.48586,  -7.63545,  69.74412,  85.52555,  -7.90451,  71.03833,  95.24650, -10.84197,  72.41380,  91.06408,  -9.89912,  72.23305,  88.17190,  -9.93150,  71.09373,  86.78784, -10.30416
   8.25017,  41.47853,  96.17728,  -8.50187,  32.78938,  95.40081,  -1.80145,  40.71005,  51.75430,   6.12503,  43.15379,  10.27105,  -0.35902,  50.16769,  96.95374, -15.20230,  52.54580,  52.10965, -18.93546,  44.41536,  24.77694, -49.84975,  41.85853, 104.16343,  -7.08363,  43.85680, 121.45427,  -2.57653,  46.13582, 133.33533,   1.48107,  50.38819, 150.60879,   8.54397,  50.85925, 154.71348,   9.54001,  50.78228, 158.95342,   9.82203,  47.51934, 144.79755,   8.76591,  34.22674, 140.46119,  16.74793,  21.04326, 115.81771,  15.04658,  12.80344,  91.32517,  12.17931,  14.27607,  88.77971,  13.47489,  15.69077,  85.36012,  14.61393,  16.88056,  82.94940,  14.51947,  12.87923,  87.88157,  14.23693,  11.66189,  82.57018,  15.46423,  11.81491,  78.77558,  15.21274,  12.25683,  76.79269,  14.48485,  11.80578,  88.04645,  13.53184,  10.03666,  82.95476,  14.34792,   9.61284,  78.97967,  13.22253,  10.28830,  77.14127,  11.50800,  11.07161,  88.29763,  13.01484,   8.83361,  83.95135,  13.33400,   8.03244,  80.66435,  12.04910,   8.43660,  78.87348,  10.33604,  10.30554,  88.74831,  12.28420,   7.76156,  85.03504,  12.16923,   6.71643,  82.60532,  10.98491,   6.97817,  81.42634,   9.60867,  50.67984, 145.95126,   4.04149,  60.65226, 147.75391,  -8.46896,  63.97628, 122.56322, -20.23246,  69.18099,  98.57903, -11.64937,  68.32169,  97.47743,  -8.75548,  67.29815,  95.55764,  -5.55249,  65.92299,  93.95315,  -3.88796,  69.76086,  96.44813,  -8.29960,  70.67647,  91.92995,  -5.14575,  69.86765,  88.69254,  -3.31529,  68.81838,  86.92572,  -2.65626,  70.27687,  95.90989,  -9.35821,  71.45014,  91.21129,  -6.85467,  70.60669,  87.27717,  -5.82571,  68.84158,  85.36497,  -5.88455,  70.63045,  95.64605, -10.17965,  72.02138,  91.21252,  -8.62731,  71.49849,  87.65371,  -8.22898,  69.96383,  85.67581,  -8.42360,  70.92088,  95.46051, -11.27739,  72.41422,  91.28381, -10.50373,  72.27021,  88.39022, -10.57285,  71.12626,  86.99599, -10.88917
   8.26683,  41.19292,  96.39886,  -7.86833,  32.41787,  95.58875,  -1.28485,  40.11842,  51.81644,   6.14950,  42.85281,  10.35651,  -0.36761,  49.96797,  97.20896, -14.45181,  53.35059,  52.35566, -17.15799,  45.63563,  24.63530, -47.83267,  41.52053, 104.38708,  -6.44871,  43.41814, 121.68517,  -1.92593,  45.64875, 133.57222,   2.14102,  49.87388, 150.85259,   9.20335,  50.33929, 154.95612,  10.20683,  50.25396, 159.19462,  10.50742,  47.00533, 145.04103,   9.42056,  33.74379, 140.70713,  17.45541,  21.38440, 115.58484,  17.11461,  13.34523,  90.92048,  15.37079,  14.85500,  88.44003,  16.74721,  16.30587,  85.07909,  18.00872,  17.50040,  82.66889,  17.99732,  13.47883,  87.57511,  17.58182,  12.30609,  82.32331,  19.07926,  12.46465,  78.52148,  18.99853,  12.89561,  76.50812,  18.35227,  12.38890,  87.70537,  16.89500,  10.65438,  82.65309,  17.98449,  10.21663,  78.62972,  17.05267,  10.85786,  76.71585,  15.40902,  11.64224,  87.93113,  16.38419,   9.42526,  83.59975,  16.95412,   8.60452,  80.25569,  15.84020,   8.97441,  78.38885,  14.20214,  10.85817,  88.34630,  15.65163,   8.32336,  84.62674,  15.76606,   7.25848,  82.14320,  14.71895,   7.49192,  80.90279,  13.39251,  50.18174, 146.19120,   4.70595,  60.13468, 148.00845,  -7.81789,  63.51485, 122.92449, -19.79158,  69.06493,  98.71565, -12.10207,  68.39640,  97.55555,  -9.18081,  67.59125,  95.57034,  -5.95543,  66.33738,  93.92252,  -4.23828,  69.87124,  96.53484,  -8.83222,  71.02479,  91.97434,  -5.82055,  70.36291,  88.69747,  -4.00130,  69.37410,  86.90807,  -3.31043,  70.32661,  96.02046,  -9.92979,  71.69917,  91.29348,  -7.58609,  70.96051,  87.33327,  -6.57686,  69.21459,  85.40270,  -6.56107,  70.63167,  95.77457, -10.77589,  72.16029,  91.33119,  -9.39011,  71.69898,  87.76051,  -9.02326,  70.17540,  85.76913,  -9.15827,  70.85592,  95.61095, -11.89246,  72.43627,  91.43871, -11.28554,  72.31762,  88.54528, -11.39669,  71.17058,  87.14389, -11.66681
   8.28350,  40.94175,  96.57777,  -7.22022,  32.07250,  95.73951,  -0.76780,  39.54020,  51.85208,   6.21149,  42.54814,  10.43458,  -0.45323,  49.81100,  97.41602, -13.67264,  53.93730,  52.58457, -15.59585,  46.75591,  24.29049, -45.87370,  41.21785, 104.56830,  -5.80263,  43.01220, 121.87622,  -1.27531,  45.19010, 133.77327,   2.79096,  49.38188, 151.06959,   9.83409,  49.84343, 155.17262,  10.84140,  49.75476, 159.40985,  11.15841,  46.50867, 145.26024,  10.04882,  33.26832, 140.94228,  18.12707,  21.67741, 115.46528,  18.88413,  13.97051,  90.63675,  18.49982,  15.52607,  88.23055,  19.95481,  17.02829,  84.93924,  21.33431,  18.24320,  82.54029,  21.40573,  14.17259,  87.39202,  20.85118,  13.07228,  82.20139,  22.59637,  13.26221,  78.40101,  22.67787,  13.69891,  76.36486,  22.11185,  13.06945,  87.48368,  20.17938,  11.39844,  82.47018,  21.51867,  10.97885,  78.40672,  20.77054,  11.60705,  76.42818,  19.20008,  12.31184,  87.68110,  19.67298,  10.14293,  83.36137,  20.47080,   9.33130,  79.96562,  19.51828,   9.68790,  78.03217,  17.95632,  11.51121,  88.05780,  18.93753,   9.01110,  84.32696,  19.25961,   7.94913,  81.79188,  18.34093,   8.16949,  80.49673,  17.06555,  49.71461, 146.39632,   5.35081,  59.66882, 148.19826,  -7.17424,  63.14398, 123.25010, -19.40178,  68.94473,  98.85272, -12.53746,  68.50264,  97.62014,  -9.60286,  67.95450,  95.55437,  -6.37416,  66.84543,  93.85449,  -4.60880,  70.00881,  96.60869,  -9.38626,  71.42337,  91.99542,  -6.57276,  70.92790,  88.67144,  -4.78635,  70.00958,  86.85596,  -4.06685,  70.38775,  96.12415, -10.52567,  71.97354,  91.36187,  -8.39797,  71.34895,  87.37198,  -7.42941,  69.62762,  85.42186,  -7.33116,  70.63255,  95.90070, -11.39718,  72.30126,  91.44509, -10.22942,  71.90257,  87.86210,  -9.91256,  70.39254,  85.85709,  -9.98226,  70.77621,  95.76462, -12.53060,  72.43699,  91.59805, -12.13692,  72.33856,  88.70666, -12.30597,  71.18847,  87.29874, -12.52417
   8.30017,  40.72685,  96.69634,  -6.53293,  31.77753,  95.83959,  -0.19450,  38.97307,  51.83112,   6.29102,  42.16430,  10.48042,  -0.69546,  49.67618,  97.55309, -12.87135,  54.85112,  52.79515, -13.59997,  48.20168,  23.88251, -43.41137,  40.96312, 104.68880,  -5.11902,  42.67566, 122.00569,  -0.59429,  44.81101, 133.91252,   3.46591,  48.97631, 151.22551,  10.48375,  49.43683, 155.32812,  11.49322,  49.34909, 159.56425,  11.82492,  46.09654, 145.41940,  10.69811,  32.87011, 141.13172,  18.81520,  22.11507, 115.34636,  20.67105,  14.80156,  90.41262,  21.57722,  16.42606,  88.10638,  23.11632,  18.01346,  84.91165,  24.62172,  19.27618,  82.54199,  24.78407,  15.10312,  87.28493,  24.07213,  14.13166,  82.16102,  26.07235,  14.39738,  78.37279,  26.32594,  14.86529,  76.32118,  25.84744,  13.98828,  87.32443,  23.41471,  12.43663,  82.34780,  25.01055,  12.08555,  78.24680,  24.45746,  12.72845,  76.20972,  22.96998,  13.21931,  87.48377,  22.91203,  11.14804,  83.16551,  23.94310,  10.38881,  79.71447,  23.16140,  10.75945,  77.71768,  21.68471,  12.40033,  87.81073,  22.17301,   9.97914,  84.05226,  22.70709,   8.95326,  81.45764,  21.92354,   9.17954,  80.10910,  20.70585,  49.33166, 146.53891,   6.01615,  59.29838, 148.30818,  -6.50360,  62.88546, 123.49437, -18.96987,  68.88491,  98.91731, -12.97201,  68.62120,  97.61425, -10.04643,  68.27203,  95.47082,  -6.84078,  67.27524,  93.72456,  -5.05385,  70.14122,  96.60563,  -9.94285,  71.73616,  91.93504,  -7.32735,  71.35910,  88.56775,  -5.59392,  70.49146,  86.73133,  -4.86471,  70.45407,  96.14978, -11.11373,  72.18002,  91.34712,  -9.19625,  71.62826,  87.33258,  -8.28717,  69.92288,  85.37203,  -8.13386,  70.64786,  95.94800, -12.00318,  72.39884,  91.47479, -11.04134,  72.03266,  87.88341, -10.78633,  70.52850,  85.87297, -10.81436,  70.72491,  95.83918, -13.14599,  72.42126,  91.67299, -12.94937,  72.32362,  88.78588, -13.18062,  71.16783,  87.37766, -13.36394
   8.31683,  40.56295,  96.77872,  -5.75733,  31.53900,  95.90760,   0.47240,  38.41695,  51.76283,   6.34756,  41.73849,  10.50627,  -1.11827,  49.58690,  97.64985, -11.98705,  55.63729,  52.99739, -11.62125,  49.60167,  23.31019, -40.79515,  40.76547, 104.77260,  -4.34616,  42.40591, 122.09763,   0.17407,  44.50222, 134.01446,   4.22527,  48.64223, 151.34585,  11.21260,  49.10284, 155.44864,  12.22131,  49.01839, 159.68406,  12.56272,  45.75387, 145.54402,  11.42724,  32.53255, 141.29134,  19.57103,  22.64573, 115.26120,  22.51765,  15.85546,  90.26851,  24.81059,  17.57748,  88.09910,  26.43997,  19.29043,  85.03993,  28.08303,  20.63105,  82.72283,  28.34747,  16.29698,  87.28861,  27.46073,  15.52256,  82.25026,  29.74421,  15.91384,  78.49098,  30.19181,  16.43975,  76.43249,  29.81364,  15.17114,  87.25831,  26.82184,  13.80573,  82.32737,  28.70402,  13.57783,  78.19382,  28.37346,  14.26211,  76.10174,  26.98402,  14.38955,  87.36665,  26.32508,  12.47473,  83.04660,  27.61789,  11.81442,  79.53690,  27.03209,  12.22549,  77.47711,  25.65608,  13.54883,  87.62817,  25.58440,  11.25844,  83.82955,  26.35772,  10.30411,  81.16622,  25.72976,  10.55421,  79.76266,  24.58082,  49.02148, 146.64382,   6.76321,  59.00785, 148.37320,  -5.74645,  62.73258, 123.70533, -18.45954,  68.90786,  98.94534, -13.47868,  68.78395,  97.57654, -10.57393,  68.58869,  95.36114,  -7.40435,  67.67910,  93.57332,  -5.61202,  70.30809,  96.56886, -10.56498,  72.02918,  91.84402,  -8.13337,  71.73758,  88.43799,  -6.46017,  70.90707,  86.58398,  -5.73224,  70.56565,  96.13998, -11.75928,  72.38473,  91.29899, -10.03389,  71.88025,  87.26401,  -9.19020,  70.18582,  85.29714,  -9.00059,  70.71736,  95.95856, -12.66120,  72.51596,  91.46840, -11.88392,  72.16554,  87.87149, -11.69267,  70.66358,  85.85921, -11.69478,  70.74040,  95.87553, -13.80853,  72.44797,  91.70934, -13.78595,  72.34215,  88.82795, -14.07715,  71.18028,  87.42190, -14.23726
   8.33350,  40.46141,  96.80795,  -4.87272,  31.35893,  95.91799,   1.23898,  37.94680,  51.65459,   6.52428,  41.37855,  10.53530,  -1.61835,  49.56389,  97.69790, -10.98441,  56.42987,  53.18771,  -9.47277,  51.14252,  22.50103, -37.74373,  40.62843, 104.80234,  -3.45986,  42.19125, 122.13428,   1.06138,  44.24445, 134.06142,   5.10434,  48.35618, 151.41326,  12.05753,  48.81728, 155.51689,  13.06256,  48.73743, 159.75202,  13.40868,  45.45705, 145.61677,  12.27155,  32.23360, 141.40615,  20.43373,  23.23345, 115.19512,  24.43112,  17.16075,  90.21977,  28.34953,  18.98496,  88.19529,  30.05254,  20.83370,  85.28297,  31.81122,  22.26382,  83.03206,  32.16377,  17.74978,  87.38766,  31.12984,  17.19612,  82.43857,  33.65947,  17.73428,  78.72182,  34.27738,  18.33189,  76.66845,  33.98845,  16.61729,  87.28553,  30.51045,  15.46363,  82.40278,  32.64328,  15.38656,  78.25260,  32.51111,  16.12994,  76.12340,  31.21129,  15.82550,  87.34122,  30.02120,  14.09193,  83.01998,  31.54508,  13.55591,  79.46443,  31.13526,  14.02527,  77.35803,  29.85155,  14.96558,  87.53604,  29.28203,  12.83009,  83.69671,  30.26829,  11.96796,  80.97316,  29.78106,  12.25491,  79.52669,  28.69573,  48.76335, 146.69348,   7.62945,  58.77406, 148.37744,  -4.86695,  62.65836, 123.87921, -17.85730,  68.94911,  98.97755, -13.81583,  68.94111,  97.53526, -10.94419,  68.87253,  95.23984,  -7.82671,  68.03531,  93.40597,  -6.04567,  70.46461,  96.52953, -11.02148,  72.28199,  91.74653,  -8.78115,  72.05785,  88.29875,  -7.18483,  71.25733,  86.42585,  -6.47183,  70.67454,  96.13142, -12.23559,  72.56177,  91.25038, -10.70755,  72.09205,  87.19466,  -9.94735,  70.40689,  85.22156,  -9.74059,  70.79028,  95.97316, -13.14715,  72.61927,  91.46688, -12.55643,  72.27744,  87.86585, -12.44292,  70.77699,  85.85247, -12.43648,  70.76768,  95.91933, -14.29623,  72.47562,  91.75597, -14.44751,  72.35887,  88.88278, -14.80745,  71.19183,  87.47985, -14.95693
